0.11840981853672972   0.9123501469557301
0.3208718938705353   0.8118056940422775
0.5578453905731493   0.7236250560679545
0.8920569438703794   0.6191425063182354
1.0421541297306405   0.5765485223286168
1.2545881776774266   0.5242735687671196
1.5206287865502794   0.4730058645151581
1.699519659729301   0.4281636687050734
1.9638677087811338   0.38062228719393815
2.221115098701464   0.33836111370923244
2.4569127809278086   0.30403025651793775
2.773358681788231   0.2662165942489914
3.070998821610093   0.23710490478125104
3.3994455513564894   0.2078492496903274
3.6779295348190644   0.1856456904765183
3.9351067312491423   0.1658738735350469
4.256533690798435   0.14455881885555144
4.544678203832003   0.1293230921114786
4.877699221047013   0.11290991091537377
5.134740794760631   0.10188005187078031
5.391839539642785   0.09154798473437575
5.621672537521707   0.08153869809216034
5.913274899343062   0.07319009545869805
6.248492328905442   0.06571013026562497
6.502703113045818   0.05838669857635282
6.811681352197308   0.05088249687237612
7.184395791985228   0.04341567052119967
7.512931817651992   0.03781350825861718
7.747614147208903   0.03410642420581975
7.984357650532928   0.0309064956486278
8.298587544127724   0.027123718574093084
8.56111287237922   0.023914182967862456
8.798874716876838   0.02144485290211687
9.036761922154913   0.01905676825088741
9.310200674757137   0.016814660948376005
9.523782989545694   0.015032679269957456
9.762625860347491   0.013099664361776602
9.973567953402132   0.011657703137397647
10.139235632900931   0.010261510079284539
10.331592391370584   0.009147600683916209
10.575912982191564   0.007837323045228679
10.795900794910583   0.006754457873076191
10.911104129769871   0.0060184401666117495
11.094975501057199   0.005351419171396166
11.226899560529592   0.004715881930682003
11.40534389718308   0.004015648605954121
11.53159477030431   0.0035039778955157225
11.62542556134824   0.003062303920917637
11.703252214143937   0.002698152375742394
11.790028900586435   0.0024083642622042775
11.866056481716736   0.0021650374165927957
11.974335407989798   0.0019046683648738696
12.138378865177895   0.0013971987259002794
12.263681359911079   0.001002021264401698
12.36163767778918   0.0006657143535752005
12.482170254884807   0.0004033016463987764
12.610957168993735   0.00022474943407248195
12.685345353254242   0.00014324051454681094
12.728551565467171   0.00010073356080036327
13.185895561846223   0.00010648123898913805
13.291652228985619   0.00015960591582406608
13.439581656762432   0.00026252052528636744
13.580425369109715   0.0004776807217164247
13.871310035389357   0.000985465497257597
14.203617719272312   0.0015060196927926537
14.58356541372369   0.0019381678822946347
14.837270423593132   0.0022266402350812906
15.176331443591454   0.0025306406350100435
15.588084188709416   0.0028213734768672383
16.055575120630955   0.003066031824760689
16.509627969389378   0.0032349116921610408
16.98546265221683   0.0033534933413262753
17.472697215902805   0.003437068026304033
17.92006756748873   0.003428992788645094
18.414462107897393   0.0033814861819218595
18.87913460515795   0.003310469155095553
19.348277056216972   0.003192139506892201
19.80042158334362   0.003068357540129743
20.267667060381598   0.002959427510961812
20.755923322995706   0.0028169307576680724
21.246644044114596   0.0026624187272763357
21.737467673336845   0.0024977048448128055
22.2282364182373   0.002352509772263467
22.737006077261313   0.0021761070204376364
23.170717995968225   0.0020873440416410605
23.700652421582262   0.0019500747980910138
24.170287272323698   0.0018145232659231886
24.663581077167592   0.0016895820006377076
24.938719231426774   0.0016199225744027842
