9.05905e-08    0.989127
0.0192051    0.967477
0.0739986    0.952011
0.136665    0.928665
0.22822    0.89313
0.310465    0.864558
0.467042    0.803926
0.618168    0.743579
0.79044    0.686137
1.05622    0.600684
1.26059    0.55134
1.50205    0.497448
1.75089    0.448941
2.04837    0.387161
2.35322    0.335554
2.67925    0.302397
3.02637    0.260135
3.39463    0.222988
3.73565    0.189191
4.19451    0.159985
4.62615    0.135099
5.13521    0.109288
5.49783    0.0932886
6.04771    0.0736175
6.56379    0.0592247
7.27627    0.0424456
8.02538    0.0293082
8.56337    0.0224507
9.17511    0.0153214
9.80788    0.0100968
10.247    0.00711573
10.6126    0.00456219
10.957    0.00289158
11.2522    0.00203037
11.6652    0.00123221
12.0556    0.000751886
12.45    0.00141527
12.6829    0.00200414
13.2224    0.00298374
14.1223    0.00442539
14.8036    0.00502412
15.3795    0.00538502
16.348    0.00574683
17.7768    0.00578774
18.6547    0.00564581
19.3064    0.00548397
20.6008    0.00507891
21.9722    0.00453041
22.911    0.00417883
24.0885    0.0036967
