0    1
0.0277385    0.981639
0.120001    0.937197
0.381877    0.833777
0.638971    0.736552
0.98386    0.632759
1.40575    0.522769
1.88781    0.432543
2.3247    0.364076
2.83447    0.296787
3.23142    0.255642
3.6045    0.219713
4.00541    0.187558
4.42748    0.160457
4.87066    0.135979
5.33497    0.114827
5.8204    0.0959397
6.32696    0.0800641
6.85462    0.0659521
7.40342    0.0541992
7.97332    0.0440172
8.56433    0.0354115
9.17645    0.02822
9.80968    0.0223037
10.464    0.0171752
11.1394    0.0130859
11.7716    0.0099663
12.2899    0.00782295
12.9199    0.00578432
13.4281    0.00427695
13.9114    0.00317712
14.3323    0.00244219
14.616    0.00174454
14.8303    0.00123328
15.0462    0.000871856
15.2636    0.00061635
15.4826    0.000439516
15.7439    0.000298563
15.9892    0.000191543
16.6438    0.000384247
16.9513    0.000521606
17.2616    0.000701194
17.6534    0.000986512
18.3283    0.00124746
19.2203    0.00157091
20.1332    0.0017535
21.067    0.00187574
22.0219    0.00190254
22.9978    0.00189357
23.9948    0.00183191
24.999    0.00176173
