1.8633e-05    0.993406
0.0170273    0.978443
0.064174    0.95401
0.126862    0.930847
0.205961    0.900828
0.379947    0.822899
0.537673    0.77349
0.739949    0.703628
0.967225    0.623264
1.33891    0.528112
1.79957    0.431279
2.1788    0.365379
2.7948    0.286247
3.41436    0.225433
3.82044    0.185896
4.4012    0.145538
5.03685    0.113171
5.54298    0.0922565
5.97897    0.0759235
6.42095    0.063121
7.05128    0.0483838
7.60764    0.0378205
8.10144    0.0299302
8.67318    0.0224971
9.12701    0.0178357
9.60459    0.0133614
10.0436    0.010318
10.4318    0.00763509
10.7659    0.00538502
11.1054    0.00409804
11.45    0.00295505
11.8643    0.0021904
12.2206    0.00170565
12.7406    0.0011228
13.085    0.00152516
13.3986    0.00197396
13.7717    0.00261306
14.3082    0.00369019
15.1234    0.00443063
15.9343    0.0050044
16.7662    0.00525918
17.6192    0.00534696
18.4933    0.00527787
19.3885    0.00522718
20.8743    0.00494771
22.2046    0.00461134
23.5419    0.00420187
24.8815    0.00383698
