0.12164747424768052   0.8766401063208504
0.3495197684885021   0.7843562407213446
0.5881931421845152   0.6938478901945375
0.768836885799832   0.5881188293556979
1.1794400852855063   0.48385973497997675
1.5036479324416803   0.42648966962472123
1.7769513214955666   0.382748875026829
2.032349236031564   0.34571709613377904
2.3160130627779516   0.3093715406476095
2.55813123878497   0.26977753571366053
2.8624248830187824   0.24122126813732642
3.18224808729385   0.21596565317276933
3.45545098983051   0.19265522586022513
3.788580243120805   0.16926385197374608
4.173475006133305   0.15033774097633865
4.415506577615833   0.13422920229679422
4.788480404478335   0.1183640608861178
5.164618186208408   0.1041302560952527
5.440075082373305   0.0930769382843536
5.694328649606426   0.08417992544286146
6.024002009375003   0.07604199143110812
6.429690403533932   0.06719504633073647
6.806031949590597   0.0598391502734036
7.136426966076357   0.05298880507548533
7.480203171268709   0.04771644208713498
7.808505500140328   0.04229579113688954
8.158661729069344   0.03786912771130962
8.618593790853815   0.032785447496555924
9.063578793344469   0.02896195531192099
9.490788872675708   0.02506276334147051
9.856619135557722   0.022374308795770684
10.252427800415802   0.020022188693427447
10.69445915060151   0.017594466643404885
10.992389448726755   0.015814678419620105
11.468376092499511   0.013696830785929455
11.937375951740115   0.011889086955383484
12.450661081730907   0.010206545168391213
12.738570903824439   0.009087877056133852
13.100149088222025   0.008080856888599873
13.411513779733781   0.00718782239833195
13.749644707328088   0.006400792424501689
14.14281079201077   0.0056545406560046686
14.557503451567769   0.005078148927896454
14.895636240023507   0.004522620629702149
15.21093046938509   0.004049002242510882
15.518902696004986   0.0036056370897565465
15.806318604391016   0.0032013815270840015
16.074481252978657   0.0028341466262002814
16.376645691127813   0.0025076194569002876
16.792541388924036   0.0022163964600665307
17.169045429066102   0.0019930355151056016
17.538515906412584   0.0017104205867302649
17.817959654845218   0.0015247355242963927
18.07836552207864   0.0013366300227562872
18.295150453188164   0.0011820800105891661
18.647471892547543   0.0010394031282017226
18.958827536714963   0.0009056626494630558
19.157744245109342   0.0008157405001026538
19.284598587878435   0.0007398456270492653
19.58231908979792   0.0006581739809976563
19.744937358650944   0.0005854479239204922
19.902398401957463   0.0005132007021667939
20.13607205525397   0.00045162653674375085
20.313041605511415   0.0004042374883151079
20.510378250891776   0.0003561035855952401
20.760707403491175   0.0003077475447293118
20.84973183644329   0.00027148262517383466
21.00957566296657   0.00023693557064335957
21.168449631773242   0.0002069416903241676
21.289660097531126   0.0001772483025985341
21.40137881865558   0.00014892683565474342
21.559634538405206   0.00013036043585672538
21.626246492415945   0.00011452309087484626
21.676259118555244   0.00010279520636526912
25.082871955279373   0.00010757253307711482
25.170377483799726   0.00012944609892502875
25.33513629396046   0.00015156639945993088
25.55392428531379   0.00017735098040233847
25.93488578064997   0.00020818356281054873
26.284301389604053   0.00025364697210938485
26.76614378462657   0.00029657063885668605
27.283903355926064   0.0003326938226484672
27.973673623131077   0.0003746690790641867
28.73167075548006   0.00040825553787020654
29.489007765361976   0.0004276368641004808
30.24581841729652   0.00043406066000438746
31.02947926963693   0.0004235051159673605
31.77448633357207   0.0003988867560013364
32.37467490770239   0.0003569601019299655
32.92297704766802   0.0003181657205521067
33.368111067815406   0.00028357611060904315
33.7444286442046   0.0002521711444280459
34.05220947570159   0.0002275063259931566
34.359674758267495   0.00020141778273110548
34.62481538045471   0.00017483100385534665
34.87790001637251   0.00015166302219737454
35.12121630706188   0.00013201531970450246
35.29592886501228   0.00011611861480909204
35.43341155663417   0.00010168320209256319
