0.12845675698931913     0.9147861069355978
0.38496052054693664     0.7885717849845865
0.8331250435359827     0.6405435040409334
1.2816993169460495     0.5050954719778178
1.9855481026506752     0.375290570618279
2.753625266849962     0.2666991369136918
3.585111308701869     0.19235366007725702
4.289164969617008     0.14081643824244297
4.992808880111127     0.10619126865684049
5.632634162531602     0.08127966968611827
6.655780963814941     0.055239087734838765
7.743975644434979     0.033838082034996095
7.359629749519566     0.041043149080836054
8.511643058213238     0.024770926448188776
9.31193684926512     0.01708855966524947
9.952786507738143     0.012144851159762125
10.625647917853236     0.008504121623106911
11.01081331361068     0.006607382063765075
11.395364083736617     0.005367267087608772
11.651867847294213     0.004626737721173813
11.845372483620224     0.0038149523248341435
12.167948502567082     0.0027523209715615243
12.426910768650817     0.001985753943191828
12.62123490581887     0.0015430306794703313
12.751945290123786     0.0011990576894239993
12.755633043912951     0.0009181150348833457
12.758706172070593     0.0007349841102555078
12.825802803512381     0.0005711627258360264
12.82949055730155     0.00043733766154897515
12.801986060290673     0.0003203009778008699
12.837070940090392     0.0002526327465121559
12.903348070690143     0.00020832272966037212
12.904372446742691     0.00019343286948216213
12.938637825700365     0.0001618925113091588
12.941506078647496     0.00013153728917291815
13.008500272484032     0.00010297965513552008
13.035492581468628     0.0001459194683394182
13.06443120495306     0.00017959031668513995
13.060538575953384     0.00023804944431428466
13.057465447795746     0.00029736258351842685
13.085379695227637     0.00039415077246851435
13.176907695522662     0.0005224227161017144
13.17383456736502     0.000652591183298965
13.170351688786361     0.0008397362561966998
13.230277687860326     0.0010966536632407542
13.354022315007924     0.0014110370462742745
13.63700619952387     0.0017886488472133738
13.95159208526087     0.002301149525291093
14.457633855218784     0.0028313371796847356
15.05950600489242     0.003381669855524673
15.789834911555367     0.003694795284655955
16.743221703660303     0.003918407841775148
17.69722312139676     0.003974706484005093
18.524304346222713     0.003943404745717106
19.542841455269595     0.003741662801478974
20.561481001921727     0.003524011358760446
21.452893042847606     0.0033192711627049788
22.47194233992076     0.003034819269150922
23.55440051464653     0.0028160983590007223
24.318585049846135     0.0026526871452914034
25.019258269787876     0.0024803901490819476
