0.12164747424768052   0.8766401063208504
0.3495197684885021   0.7843562407213446
0.6395403820619805   0.6938212560953868
0.8715313655547661   0.5880736790719117
1.2307873251629715   0.4838411615025063
1.5036479324416803   0.42648966962472123
1.7769513214955666   0.382748875026829
2.032349236031564   0.34571709613377904
2.2646658229004863   0.3093834166635367
2.55813123878497   0.26977753571366053
2.913772122896251   0.2412120085989411
3.18224808729385   0.21596565317276933
3.5067982297079787   0.19264783058172114
3.8399274829982737   0.16925735459834185
4.173475006133305   0.15033774097633865
4.415506577615833   0.13422920229679422
4.788480404478335   0.1183640608861178
5.164618186208408   0.1041302560952527
5.388727842495836   0.09308051128010876
5.745675889483895   0.08417669410568733
6.024002009375003   0.07604199143110812
6.429690403533932   0.06719504633073647
6.806031949590597   0.0598391502734036
7.136426966076357   0.05298880507548533
7.480203171268709   0.04771644208713498
7.808505500140328   0.04229579113688954
8.158661729069344   0.03786912771130962
8.618593790853815   0.032785447496555924
9.063578793344469   0.02896195531192099
9.439441632798243   0.02506372543958724
9.753924655802784   0.022376026618600716
10.252427800415802   0.020022188693427447
10.69445915060151   0.017594466643404885
10.94104220884929   0.01581528550640126
11.417028852622046   0.013697356573725655
11.937375951740115   0.011889086955383484
12.450661081730907   0.010206545168391213
12.738570903824439   0.009087877056133852
13.100149088222025   0.008080856888599873
13.411513779733781   0.00718782239833195
13.749661455080961   0.006407205105535686
14.091765011684984   0.005757605464385891
14.433776455648221   0.005145449483161812
14.775905133881558   0.00463072423331675
15.117874708462615   0.00412803268668213
15.494274871654333   0.003689040126784348
15.922086449221837   0.003262941812741654
16.212573431477402   0.0029263723550548627
16.532257029934684   0.0025564931441247564
16.961598112311442   0.002248062563752121
17.341258074756944   0.0020250956082447148
17.751731153485267   0.0017758416974952666
18.265698754405555   0.0015880201278595603
18.642057358358663   0.001415621335788212
19.01810163180187   0.0012384431656058447
19.394521706210888   0.0011080602117289602
19.770794881117176   0.0009827343801329705
20.14709742661971   0.0008731152936652805
20.489140040011897   0.0007817400793473163
20.831154102473   0.0006987338597276219
21.172951055572682   0.0006164865319637504
21.50560117027439   0.0005263388015559949
21.889931394450535   0.0004519704023471852
22.162675218041755   0.0003922702321305029
22.430463589797718   0.00033958735559585894
22.639588880950285   0.00029911722523375033
22.8095813018545   0.00026614608405915534
23.01375666394268   0.00023390752984478236
23.25099173612852   0.00019529686830969042
23.533941593493616   0.00015285585013715875
23.973649510047267   0.00019002451437045645
24.38841652837572   0.00022157242134655038
24.734354389956493   0.0002504108244360395
25.114649867796132   0.0002824695817083898
25.580911462057955   0.00031404421724869346
25.977845997898996   0.00034754296624300954
26.39214293641163   0.0003830540982948211
26.98540656148193   0.0004258217397901401
27.63395053121922   0.0004807145982135721
28.39206294030874   0.0005274300808967482
29.149584797457102   0.0005586088530023354
29.886212884659095   0.0005824948879777253
30.636599317620153   0.0006074998440670383
31.386951680792265   0.0006322888806403279
32.178629124173604   0.0006603795431259429
32.92896473959285   0.0006866384225316327
33.700594502500444   0.0007095350673003494
34.43460198930118   0.0007255065700861393
35.214275015596854   0.0007336043725719777
36.02500457858684   0.000729660582441961
36.80354682142015   0.0007218094815839894
37.53684718087744   0.0007075030686187701
38.26610233772922   0.0006842466963941191
39.056303187565774   0.0006542572802167197
39.843010535904625   0.0006119966765846372
