9.18169e-06    0.989127
0.0262127    0.976483
0.0739986    0.952011
0.136665    0.928665
0.22822    0.89313
0.310462    0.856584
0.467042    0.803926
0.618168    0.743579
0.79044    0.686137
1.05622    0.600684
1.26059    0.55134
1.50205    0.497448
1.75088    0.444801
2.04837    0.387161
2.35322    0.335554
2.67924    0.2989
3.02633    0.252011
3.39456    0.212098
3.73558    0.179952
4.19438    0.147015
4.626    0.12259
5.07869    0.0986387
5.43428    0.0853196
5.91038    0.0680157
6.70781    0.0451776
7.22549    0.0341371
7.97181    0.0210069
8.4263    0.0153663
8.94886    0.00942016
9.24863    0.00572197
9.53958    0.00347347
9.82397    0.00220469
10.1113    0.00134531
10.6678    0.00226138
11.0789    0.00325328
11.7377    0.00469766
12.6059    0.00678785
13.3228    0.00763533
14.0889    0.00821775
15.4175    0.00834996
16.2358    0.00817414
17.229    0.00775692
18.2537    0.00718578
19.143    0.00666999
19.7614    0.00627413
21.2426    0.00535328
22.2009    0.00477324
23.2058    0.00432037
