0.0766673012913266   0.8680711172560671
0.4953134168289459   0.7506310330595638
0.9136016834111551   0.6083488488219938
1.3422519101622363   0.5034579215295596
1.81378403610616   0.40834206208080165
2.2854212290646956   0.32868641132910104
2.7567694477532037   0.2701622924641464
3.20657224381684   0.22600972272263342
3.65651976955985   0.18710233653069783
4.127912858953351   0.1532891652331274
4.599032392967736   0.1280985720284062
5.0704949539933075   0.10442208212462167
5.541847746375296   0.08580083904174816
6.0129710225025335   0.07168143849182021
6.484209056757145   0.059390077753143124
6.9557186776867255   0.04824834162845634
7.427175438001232   0.03934710869080921
7.898448974352107   0.032516502084599365
8.369841010943212   0.02664214386604774
8.81972155979605   0.022162921646305244
9.26992177580411   0.018015010419891918
9.698624750959304   0.014852056606085155
10.004684747842639   0.012384942537069133
10.364412229317725   0.01002345356042508
10.729685880549322   0.007983647664182402
11.094681013218459   0.006488464990699561
11.459942975750838   0.005172415900939746
11.783322218991024   0.003913634316240275
12.072995789550838   0.002881426250851624
12.536842875467041   0.0016160280601543132
12.714119704024565   0.0009833199590722696
12.859944755277478   0.00036330641324554817
13.01336204485337   0.00010885302825766964
13.09069095320611   0.0002195792351948796
13.14341655088586   0.000497636282734349
13.222948881846069   0.0010260972616775179
13.583894519280967   0.0017369859829287424
13.890992268881362   0.0021523658244632024
14.280949142607202   0.0026634553734172363
14.74745949246569   0.0031073559415400113
15.193452193963289   0.003425175007762826
15.682526385428503   0.0036471182648835383
16.193041012463645   0.003844663306800341
16.647262412221643   0.0039055544404839188
17.14212689963564   0.003947863069930537
17.57713660386819   0.003992612612784503
18.109855993022727   0.00394254446982716
18.595710720066613   0.0038933003229085356
19.004954140924674   0.003823802267067443
19.516518707807577   0.0037358874507343095
20.07087289965539   0.003601170587621588
20.54003397218073   0.0034677721381564013
21.008887448969716   0.0034145086826740997
21.440675557855577   0.0033106697853736073
21.925827235447905   0.003184744609034456
22.458956385959432   0.00305288988753143
22.97071838394433   0.0029403719026848507
23.50377549878351   0.0028333719807234524
24.036956103346725   0.0027059664560337713
24.54880728835453   0.0025894617033237186
24.93277016297567   0.002491913538815213
