0.14881840418762948   0.9138762471652424
0.32055563681650057   0.7994308266903875
0.5540548245816055   0.6959385500128699
0.7569968070576465   0.6216579805447024
0.9552789547262321   0.553558692506012
1.197183550978032   0.49796624463324063
1.391289788133946   0.4420342156924079
1.5608386829109762   0.4049249679421858
1.817023717990061   0.36089376563205433
2.0307044374331653   0.3240883423994472
2.2657455169506733   0.2880564230663504
2.521948651316279   0.25645369419977104
2.799632545357966   0.2243474606002488
3.034712971150526   0.19893267479559795
3.312276465590543   0.17529423852933546
3.5472844942369974   0.15611560477131783
3.7771355023759057   0.13887416664212868
4.03324223836762   0.12435818567066888
4.305486212184093   0.11053070206295512
4.593369256117711   0.09759046991154931
4.86566711239832   0.08520622843018717
5.122191028237687   0.0749513708501209
5.447681358778517   0.06505613707720723
5.687073974295892   0.056288610913102374
5.941611792608036   0.05046078064416225
6.21665196068038   0.044919456755691395
6.451709565633415   0.03988562388093734
6.686934261101193   0.035061271101156664
7.006949478322852   0.03075995207183957
7.2259949666058105   0.027311093213413424
7.449407005789006   0.024066648829039673
7.649233078678087   0.021261480663087706
7.85390801582961   0.019165149376431382
8.055055163256242   0.017024915919163972
8.226534336649948   0.01512615668845047
8.397889569277211   0.013539859646120339
8.577434908039073   0.012129582321993692
8.71631400416122   0.010894389347061715
8.877724865223506   0.009743253751482994
9.019871550772045   0.00862521003229282
9.191456368914281   0.007614649598033569
9.398532087579738   0.006651962820338981
9.515496424702576   0.0058697535491730275
9.669442607015725   0.005104183520649008
9.777452436397702   0.0045079407131493835
9.890985818772073   0.003956228407584419
9.967087016429588   0.003520365254402586
10.075076849472488   0.0031128822255736747
10.180722617681724   0.002749735366277873
10.335159751394713   0.0021938658559003048
10.529826762520358   0.001416692858090615
10.68386989869174   0.0009680633762219918
10.790324650559462   0.0006184580040414697
10.858070254364762   0.0003469881182842377
10.9203690412699   0.00019218758967560302
11.000635874596682   0.00010601287188917506
11.054430651705232   0.0001056976565288578
11.118372830539407   0.00017445332534207937
11.162164835226797   0.0003162691780931682
11.247773699127436   0.0005605210602143387
11.35707917387166   0.0008730719816561972
11.509414341833356   0.0011843115067905693
11.685503389662834   0.0015493477501783667
11.814380327995764   0.0018897950531155472
12.048233504853542   0.0022267033537810314
12.227030929379772   0.0025454452132811275
12.521338678904335   0.002931567988587731
12.768174957623465   0.003304600230426157
13.123614393059704   0.003672939642712253
13.588410916580727   0.003989327985662518
14.053643110674685   0.004220751225774953
14.518995489754268   0.004433391244187722
14.984768516283566   0.004540246019113839
15.450579100620878   0.004639170186133277
15.916577473998238   0.00468693769040107
16.382846263593272   0.004658699658242115
16.84918265724272   0.004611815346390553
17.31566928212422   0.004524279979658902
17.782283603552955   0.004404400935431783
18.249025621528908   0.004254847805395108
18.71552726953361   0.004170312784108175
19.182244402717785   0.004034750934109258
19.649199094525592   0.0038481407988488862
20.116269271105068   0.003644722048978963
20.583249308945305   0.0034708484800512053
21.050154231169536   0.0033202570928211727
21.5170136227835   0.00318492145510709
21.983825594920866   0.003063840145893132
22.45094084086994   0.0028940142965250353
22.917883167155303   0.002762220495199126
23.384948561312605   0.0026169588784633498
23.851855200465202   0.0025031567505320105
24.30609843032031   0.002387064296394492
24.809460028404494   0.0022562722456315877
