0.000239543    0.98531
0.0461239    0.95554
0.128363    0.9299
0.251776    0.874695
0.416347    0.790918
0.62208    0.706504
0.868954    0.612221
1.15699    0.532024
1.48615    0.449149
1.85645    0.376186
2.26789    0.311653
2.72047    0.258037
3.21415    0.20737
3.74893    0.163394
4.32488    0.130927
4.94187    0.100756
5.59998    0.0770572
6.2992    0.0585346
7.06406    0.0431133
7.77916    0.0324279
8.56678    0.023457
9.27296    0.0179556
10.0159    0.012737
10.7331    0.00943318
11.4317    0.00665758
12.1151    0.00460762
12.7577    0.00310286
13.2742    0.00213997
13.7569    0.00150545
14.1901    0.00102223
14.5276    0.000699362
14.8416    0.000482737
15.2955    0.000301451
15.7263    0.000184758
16.492    0.000401756
16.8818    0.000580103
17.58    0.000892934
18.902    0.0011276
20.1708    0.00119049
21.4806    0.00119401
22.8314    0.00111898
24.223    0.000988203
25.6557    0.000870823
27.1296    0.000756969
28.6443    0.000621219
30.2001    0.000503833
31.7969    0.000400869
33.4347    0.000311507
35.1135    0.000234684
36.8332    0.000170155
38.5938    0.000119694
39.6466    8.89994e-05
40.8089    5.79612e-05
41.7698    3.46486e-05
42.3158    1.8417e-05
42.7867    1.09742e-05
45.2474    1.09639e-05
45.9944    2.21338e-05
46.9372    3.65539e-05
48.6761    5.45774e-05
