0.056437389770721325   0.9614256787649634
0.4514991181657848   0.7494027146537162
0.8465608465608483   0.6075738713977636
1.4109347442680757   0.443531867570501
2.0268665490887727   0.3388817398846208
2.3219047619047615   0.2945864041848052
2.783703703703708   0.23716312254773383
3.283985890652559   0.18895192435413816
3.7842680776014106   0.15166710881886075
4.284550264550269   0.12228496238243172
4.7848324514991205   0.09962882340497357
5.323597883597884   0.07967225797120689
5.862363315696648   0.06385575269448142
6.401128747795418   0.05083707972839914
6.939894179894182   0.04092748476617279
7.401693121693121   0.033619134199511416
7.978941798941804   0.026586107417471437
8.479223985890656   0.021403717761399037
8.979506172839507   0.017154660140400613
9.479788359788365   0.013626738014457462
9.941587301587305   0.010970498610048654
10.403386243386244   0.008792639546272019
10.826701940035278   0.006973998854054398
11.250017636684305   0.005510950486705362
11.67333333333334   0.0043032210908464895
11.98119929453263   0.0034825172050376675
12.250582010582015   0.0028309646021740533
12.596931216931218   0.002136074106294704
12.789347442680778   0.0016929936321477112
12.904797178130515   0.0013180385225435756
13.020246913580252   0.0010261264507563613
13.135696649029988   0.0007988654921176905
13.251146384479718   0.0006164009874085562
13.366596119929454   0.00047561220384052837
13.443562610229279   0.00038034272516305947
13.559012345679015   0.0002961064672748733
13.674462081128752   0.00021874675978673098
13.864303350970019   0.00015143329906842264
14.00543209876544   0.00010780921755432014
14.213227513227515   0.00007813868994397344
14.510817166372725   0.00012830733103064707
14.657072310405646   0.0001790446199695665
14.905925925925928   0.0002857034158458406
15.021375661375664   0.000362091209202752
15.136825396825401   0.00045890261197526334
15.29075837742505   0.0006054762265768263
15.483174603174604   0.0008542736769390829
15.637107583774252   0.0010924025064410364
15.94497354497355   0.001294678313978155
16.61458201058202   0.0015676912534448057
17.368853615520287   0.0017609256955242797
18.338631393298066   0.0019050766018516726
19.3699823633157   0.001953372930951952
20.332063492063497   0.001953372930951952
21.52504409171076   0.0018679686790709794
22.64875485008819   0.001767234888652305
23.603139329806005   0.0016629879201214967
24.619097001763677   0.0015426625202312294
25.619661375661387   0.0014208435821181516
26.694626690182247   0.001294678313978155
27.65157671957673   0.0011881847369036413
28.670099941211063   0.001082678650366078
29.645008818342156   0.000990075747986672
30.59426219870665   0.0009053932913703634
31.684620811287488   0.0008161935112679159
32.62104644326867   0.0007437187684466621
33.59338977072311   0.0006776794950018399
34.62217519106409   0.0006109141870298656
35.64839506172841   0.0005487604837792037
36.49502645502646   0.0005018242913162796
37.546901822457386   0.00045076926796171305
38.53463844797179   0.00040490852367023895
39.535202821869504   0.0003650167422563015
40.45880070546738   0.0003309096753340237
41.42088183421518   0.0002987658867338898
42.40220458553793   0.0002695722509709236
43.409182833627284   0.0002432312446643446
44.34560846560848   0.0002204474587662236
45.3974838330394   0.00019801938912008754
46.30825396825398   0.00018043605367086798
47.27033509700178   0.00016265940736323513
48.247809523809536   0.00014663412475214517
49.32277483833042   0.00013124550093772418
50.2720282186949   0.00011789273537513789
51.19562610229278   0.0001058984647468198
52.18336272780718   0.00009371744180762747
53.055649617871865   0.00008368243357231926
54.066476190476195   0.00007326647961497493
54.966984126984144   0.00006544080574836562
55.95472075249853   0.00005782720654338895
56.91038800705469   0.000051328355032096455
57.872469135802476   0.000045492027528739844
58.74603880070548   0.000040608760370175354
59.700423280423294   0.00003589489976111586
60.66250440917109   0.00003162437480726335
61.60919223985891   0.00002789516283565818
62.45197530864199   0.000024990018980935374
63.394814814814836   0.000022030008464049676
64.41462081128749   0.00001928218520789204
