-0.003639575971725151   0.9445190340286463
0.38187279151944153   0.7413224337576904
0.7673851590106082   0.5853305483224969
1.152897526501775   0.45666738964953246
1.5769611307420561   0.3600349345641643
1.9624734982332228   0.2844876336480535
2.309434628975275   0.23092525324802157
2.733498233215556   0.18083968838260822
3.119010600706723   0.14418129720539044
3.543074204947011   0.1133325764438568
3.928586572438178   0.0897527200189126
4.314098939929345   0.07107886367326978
4.699611307420511   0.05595458954063162
5.008021201413442   0.04498032810645076
5.393533568904608   0.03467577613262241
5.701943462897546   0.027543419529156253
6.010353356890477   0.021553384482123843
6.2802120141342925   0.0168156742506821
6.472968197879879   0.013517649782376337
6.665724381625459   0.010737244858779797
6.78137809187281   0.008130243847497675
6.897031802120161   0.005960561082067887
6.974134275618397   0.004801569443323138
7.051236749116626   0.0038957979844839894
7.128339222614862   0.0030991136294408936
7.243992932862213   0.0023571999790944023
7.321095406360449   0.0018335654991765466
7.519010600706736   0.0011062712019511511
7.74515901060073   0.0007020670186203077
8.00985865724384   0.0011138467613638404
8.284876325088362   0.0019005624427095458
8.400530035335713   0.0023361461022189346
8.516183745583064   0.0029898664212628786
8.670388692579529   0.003913313515654982
8.824593639575994   0.00505350683163748
9.09445229681981   0.006211703452603095
9.80122497055362   0.0081545947067939
10.60566077738519   0.009268115312352759
11.407526501766817   0.00989164148601666
12.448409893992967   0.010027267232262408
13.489293286219116   0.009628953327290685
14.568727915194387   0.00899658217197203
15.571060070671422   0.008288063336086518
16.573392226148457   0.007557453961176443
17.57572438162549   0.006820950501801746
18.500954063604283   0.006156222186338929
19.464734982332203   0.005503119309575949
20.428515901060123   0.00489414735147223
21.35374558303893   0.004383354877364331
22.35607773851595   0.003851117192058643
23.281307420494755   0.0034183765294717723
24.20653710247356   0.0030226172968965377
25.131766784452353   0.0026658343721121976
26.05699646643116   0.002345146067605521
26.982226148409964   0.0020603926881400158
27.86890459363964   0.0018144733555833328
28.794134275618447   0.0015836337979593916
29.71936395759724   0.0013883761444142204
30.60604240282693   0.0012166733057827517
31.531272084805735   0.0010621134740530932
32.41795053003541   0.0009299651345528188
33.3046289752651   0.0008104410463135372
34.19130742049478   0.0007020670186203077
35.03943462897534   0.000610006585814005
35.926113074205034   0.0005248352051783247
36.7742402826856   0.00045174872841032335
37.66091872791529   0.00038487336515599755
38.573297997644374   0.00032213557630089007
39.48384149419495   0.0002681312599735742
40.37602725896022   0.00022180218306189735
41.26821302372548   0.00018021516198114118
42.10716136631342   0.00014736691770366893
42.88075618374569   0.00011967484044671623
43.520706713781024   0.00009885734183267415
44.07969964664322   0.00008169769834997865
44.52303886925806   0.00006873905723359556
44.94710247349833   0.00005783587646646046
45.33261484098951   0.000048299657111071746
45.756678445229795   0.000039147377930956797
46.18074204947007   0.000031305213259866735
46.60480565371036   0.00002494061410986612
47.028869257950646   0.00001998919193584368
47.45293286219092   0.00001585395057726417
47.87699646643121   0.000012461873353624844
48.22395759717325   0.000010123159308950905
