0.1751843016105994   0.9138678918297611
0.3996533290854174   0.7994088999195489
0.6068894311829993   0.6916297736404845
0.8097286019035863   0.6216466132786119
1.008010749572172   0.5535485704627803
1.2499153458239718   0.4979571391202673
1.4967533778258328   0.4420180502935274
1.666302272602863   0.4049101596459248
1.8697555128360008   0.3608871665444648
2.083436232279105   0.32408241631381784
2.318477311796613   0.28805115583885155
2.574680446162219   0.2564490048408743
2.8523643402039127   0.22434335831674052
3.087444765996473   0.19892903723166525
3.3650082604364826   0.1752910332037131
3.6263821865059143   0.15611132283600096
3.8825990920677924   0.1388690879486288
4.138705828059507   0.12435363783341091
4.410949801875979   0.11052665990326711
4.725198743232568   0.09758600877029219
4.971130702090207   0.08520311239839429
5.2540205153525505   0.07494794460724001
5.579510845893374   0.0650531631739418
5.8452693588337254   0.05628552318992497
6.073441279722893   0.05045847393664668
6.322115550372267   0.044917814030060274
6.583539052748272   0.03988380059427398
6.81876374821605   0.035059668349543986
7.138778965437709   0.030758545945899444
7.331458556297697   0.027310094433907257
7.554870595480892   0.024065768700388478
7.754696668369974   0.02126070312075386
7.95926879376605   0.019283488262421808
8.160518752948128   0.01702429330999262
8.331997926341835   0.015125603517795988
8.503353158969098   0.01353936448709374
8.65653260030799   0.012129249632080985
8.821777593853106   0.010893990934126466
8.956822557492423   0.00974298651373696
9.125335140463932   0.00862489460431089
9.296919958606168   0.007614371126721355
9.477629779848655   0.006651780370451484
9.620960014394463   0.005869538889528861
9.748540299284635   0.005104043523217535
9.856465435809554   0.004530870142844065
9.990208373204474   0.003929385725439302
10.105245411979375   0.003356764266831425
10.190357166955117   0.002954451152516504
10.276201561952966   0.0025415963584482265
10.371655155802756   0.002223514913661617
10.442785588382272   0.001954208796119932
10.637138163348197   0.0012172066517784485
10.793065514681366   0.000716166040952105
10.910206186888423   0.0003480516615009782
10.979867926742699   0.00017588151153489793
11.024168673138476   0.00010471764812556874
11.083069657814768   0.00020154326439855637
11.13620232523715   0.00034583195831039003
11.217057173948653   0.0006553469028337738
11.358134136344312   0.0009679840660445062
11.595829704560323   0.0015361346276866433
11.726138505266995   0.001797302462769331
11.899020060629745   0.002122648889845083
12.092171480035447   0.002432553067837764
12.301939343578248   0.0027650046723694866
12.575327526069032   0.003133083952147922
12.89124523860039   0.0035181102806114
13.29201945986776   0.003927060199008141
13.756861052758403   0.004253776036472504
14.222198408714789   0.004472124524018946
14.687708530588012   0.004653010958741067
15.153474045555711   0.004767315387919737
15.619509976741078   0.00480551957564077
16.08547079231043   0.0048659947334594306
16.551749904814713   0.004833671684021455
17.0183689264574   0.0047042628221608766
17.484848039777297   0.004617061099392317
17.951469872767632   0.004492690625755095
18.41801659014194   0.004391493277456661
18.884322937544987   0.004355172352236902
19.35131283705381   0.00414494367478833
19.81805485502978   0.004004200515961996
20.285007196730604   0.0038195439595298487
20.75183184188419   0.0036715326752512784
21.218663998599375   0.0035276606506793413
21.68559380561539   0.0033695502815079418
22.152493566384997   0.003224356170334184
22.61939482946692   0.0030851393157310886
23.08637947088264   0.0029371464685229503
23.55320186256774   0.002823712222594407
24.02013360112816   0.0026968391890200053
24.486964827840502   0.0025913064733712964
24.84774508841695   0.0025054868977165447
