0.000113475    1.00002
0.0715498    0.928963
0.229838    0.870842
0.484671    0.741232
0.749424    0.634903
0.995644    0.549827
1.48767    0.422953
2.21702    0.295455
2.71769    0.232146
3.20735    0.188373
3.95736    0.135052
4.59634    0.10424
5.26411    0.0779192
6.20716    0.0475255
6.96211    0.033018
7.64967    0.0232647
8.36974    0.0153612
9.03212    0.010079
9.58044    0.00646017
10.0498    0.00426246
10.2892    0.0028315
10.5322    0.0014006
10.7777    0.000784264
11.0691    0.000410187
11.4295    0.000151553
11.728    0.000358276
12.0919    0.000702347
12.2775    0.00102122
12.4566    0.00147537
12.7513    0.00246845
13.477    0.00349298
14.6536    0.00435767
15.9396    0.00468802
17.2799    0.00464792
18.6744    0.00447117
20.1231    0.00418598
21.6262    0.00368167
23.1835    0.00316558
24.7948    0.00276591
26.4604    0.00232708
28.1803    0.00193911
29.9543    0.00158288
31.7824    0.00131726
33.6648    0.0010747
35.6014    0.000855433
37.5921    0.000685633
39.6371    0.000531752
41.785    0.000387237
43.841    0.000271647
47.1517    0.000137257
49.0942    8.03572e-05
50.3617    5.26432e-05
51.4307    3.43744e-05
52.156    2.0461e-05
52.8398    1.2333e-05
54.1575    4.73476e-06
54.8468    8.17466e-06
55.6865    1.50605e-05
56.8641    3.3924e-05
59.0928    5.19915e-05
