0.20532627865961217   0.8769053778019705
0.590158730158727   0.6975012473660974
0.9749911816578489   0.5617894830869757
1.398306878306876   0.4477874525845951
1.82162257495591   0.36249412151532645
2.244938271604937   0.2928356561134261
2.7067372134038834   0.23522725340006517
3.1685361552028226   0.19036506369658568
3.5918518518518496   0.15669847788577396
4.015167548500884   0.1286403973331341
4.476966490299823   0.10410629329003317
4.938765432098769   0.08437694176637871
5.4005643738977085   0.06798010541752719
5.862363315696648   0.05476964009164339
6.285679012345682   0.04505661303657445
6.670511463844797   0.03721001802592001
7.055343915343919   0.030675001714441482
7.440176366843033   0.02497312838707757
7.825008818342155   0.020331120018938657
8.20984126984127   0.01637532470250028
8.55619047619048   0.013266078450430593
8.86405643738977   0.010608761485345527
9.133439153439156   0.008515394527634513
9.364338624338629   0.006953244484912776
9.595238095238095   0.005577043036356739
9.826137566137568   0.004420211039936192
10.057037037037041   0.0035771950061360123
10.287936507936507   0.002843649048903037
10.51883597883598   0.002243744741904104
10.749735449735454   0.0017969779916883664
10.98063492063492   0.0014242353708950686
11.403950617283954   0.000990075747986672
11.725908289241623   0.001302507188520806
11.98119929453263   0.0017442110815603683
12.212098765432103   0.0022504419760850814
12.442998236331576   0.0027355783928377894
12.750864197530866   0.003418756475557592
13.366596119929454   0.004143046793745571
14.204675680971981   0.004752688846594883
15.059858906525577   0.005105561666427921
15.906490299823638   0.005261443523459395
17.078091318832058   0.005212726084483304
17.946102292768963   0.005066700436026232
18.831216931216936   0.004873418161105541
19.70863492063492   0.004625060887247943
20.466754850088186   0.004402133854343298
21.36341446208113   0.0041175317720771485
22.23973293020913   0.00383427258933207
23.149892220262593   0.0035383157557508796
24.026455026455032   0.0032663617377903307
24.873086419753093   0.003013812600563273
25.846162761400862   0.0027367433723117546
26.681798941798945   0.0025090677372079876
27.56263766411915   0.0022899095130580298
28.409269057417212   0.0020940505968194134
29.250555555555565   0.0019144681971959066
30.06832451499119   0.0017475223241334272
30.93034920634922   0.0015874384537756954
31.761587301587312   0.0014483626497205874
32.52025699168557   0.0013281786289905994
33.454850088183434   0.001194576146052641
34.40923456790124   0.0010653933111537152
35.16735449735451   0.0009725281759142697
36.14867724867726   0.0008650344140414003
37.01241230648638   0.0007754074064750673
37.89325102880659   0.0006923788948169179
38.680874779541455   0.0006230502344550345
39.55829276895945   0.0005551762509844855
40.38183421516756   0.0004965494943866229
41.21991377621008   0.0004419011736631408
42.07509700176368   0.0003906829505695839
42.87896923378406   0.00034746615329524276
43.7683597883598   0.00030415659526046693
44.61499118165786   0.00026663032614030694
45.47701587301589   0.00023218126016916334
46.30825396825398   0.00020126484611600003
47.15488536155203   0.00017246300087439502
48.0015167548501   0.00014611062727132868
48.848148148148155   0.0001232828369221952
49.69477954144622   0.00010217795440080914
50.46444444444445   0.00008477020733582662
51.08017636684305   0.000070278276631566
51.5804585537919   0.00005834656972973671
52.00377425044093   0.00004769971706157641
52.38860670194005   0.00003939282631501341
52.73495590828925   0.000032387462413331963
53.04282186948855   0.000026604088950889604
53.350687830687846   0.0000218534425412562
53.658553791887144   0.000017711961404306474
53.96641975308643   0.000014549166917779983
54.23580246913582   0.000011951147203265483
54.42821869488537   0.000010311888242626946
56.082998236331576   0.000010608029738213032
56.31389770723105   0.000013625798100172344
56.54479717813052   0.000017089690478940275
56.8141798941799   0.00002165891742001141
57.23749559082894   0.00002628321268490358
57.85322751322752   0.00003227504241601472
58.62289241622577   0.000039572546655354216
59.45242014501275   0.00004652036149833867
60.27339604154419   0.000052828661320724985
61.19357319223988   0.000059647696809502236
62.13036533131773   0.00006501035375803272
63.04296800201563   0.00006859322456280791
63.88547619047621   0.00007113626272542044
64.69224993701187   0.00007330392291965684
