0.19892984990296725   0.8805695817832607
0.4979118664271027   0.7328914608947672
0.7990404898826142   0.6155988187489875
0.9855336906485377   0.5409767512546849
1.2403709289752527   0.4865681903599899
1.442878786676303   0.42365994864015505
1.7828758937037037   0.3622247332120546
2.0545142063002544   0.31986407388664756
2.3213040572676675   0.28312312715929777
2.5296385536819344   0.253576432958996
2.8299787208811154   0.22060904991281474
3.1068923413617   0.19494674168597348
3.4393389648897994   0.17198684825603922
3.7187458946910255   0.15339294384961943
3.990647057837549   0.1376109980585793
4.231887427061167   0.12162047529858946
4.541768129474534   0.10887540794355453
4.835099640970583   0.09597178458658859
5.0777775718893   0.08663017235812483
5.349721703840501   0.07791811304970783
5.6384066452511945   0.06953141103994488
5.995480538625031   0.06190591632565708
6.38500758375595   0.05328149513303572
6.7185171775861505   0.04732541369849209
7.072695040850803   0.041433289668160685
7.3900227913735534   0.0367453461738084
7.801931020265329   0.031250056378363394
8.20678663237787   0.028276184461974312
8.571190601805938   0.024166557565161326
8.960437904772604   0.021559555865298854
9.270299070922292   0.019277602121709286
9.560678570636739   0.017041031689846147
9.861606875004853   0.015285483524096966
10.22427807402886   0.013334211768686667
10.53838563367249   0.01185272491041293
10.8589471407046   0.010496083209051734
11.191430773379409   0.009280523200210885
11.538821497180919   0.008059655515199333
11.886555642156935   0.007145354681166987
12.184701306090972   0.006270751306361822
12.490436501154107   0.005498750294370523
12.830276876108158   0.004790513185396223
13.170150440759627   0.004181829602334363
13.501671956349725   0.003694919988456895
13.752780169187972   0.0033106869034086766
14.010906434583845   0.0029030315013908515
14.29083998637806   0.00253105461105002
14.590879230108214   0.002220292554939313
14.962012188582193   0.001926226696026179
15.253435274185136   0.0016833609600403255
15.567291858170378   0.001473932662958967
15.731359896712135   0.0012982637905168636
16.059849915132716   0.0011448788958966323
16.311537850608218   0.001012938464424075
16.458380594651516   0.000898458441627622
16.649554109256528   0.0007908455386358699
16.869804627501594   0.0007054057404082986
17.107267232100227   0.0006243267573184713
17.290664214742876   0.0005426417686356967
17.454733466853497   0.00047800252978920236
17.70438563070985   0.00039095155629796066
17.934394833326436   0.0004396162400528047
18.228351220526946   0.0005190503121297237
18.520430372853298   0.0005881365602707839
18.879070187038153   0.0006732712868743148
19.23158311762873   0.0007513096093189014
19.952037590395832   0.0008458193549779063
20.67184249337089   0.0009157617985266596
21.425412058562202   0.0009651027118431917
22.164962245282567   0.0009968903702796226
22.931713903396684   0.0010193009043565101
23.65426171774827   0.001035567080962709
24.437631049465807   0.0010519392149139764
25.19037087222202   0.0010546913422281026
25.9431861261087   0.001062255208265327
26.688196492988794   0.0010569706648137953
27.448401762664503   0.0010510120774216453
28.200802145333626   0.0010324833479124467
28.953183101180045   0.0010130977837502803
29.691973511145406   0.0009997583887297729
30.450359326079408   0.0009764267892904532
31.21020755507091   0.0009503108700921306
31.96246461859215   0.0009255511325178164
32.74184395082017   0.0008880738657762552
33.44609337423175   0.0008592995944743532
34.19116612545048   0.0008199041605987272
34.93622228182052   0.0007815350288072236
35.722292606757804   0.0007430836680060601
36.46724089661129   0.0007037327426511371
37.22583518083991   0.0006648897274341183
37.977481252204385   0.0006242196667065229
38.72898400442098   0.0005810113842989142
39.377911202878764   0.0005429059568951263
39.92408636922215   0.0005039080043003151
