0.000113589    0.986202
0.071546    0.946181
0.193844    0.888571
0.353806    0.800899
0.579111    0.703414
0.788768    0.625036
1.18822    0.50335
1.57402    0.408337
1.96653    0.329489
2.52399    0.24967
3.0565    0.194245
3.65904    0.145739
4.36438    0.0980867
5.02691    0.0701749
5.69654    0.0493314
6.61165    0.0318107
7.32253    0.0220614
8.41375    0.0112423
9.1231    0.00689698
9.86193    0.00305478
10.497    0.00177835
10.9575    0.00113203
11.4185    0.000715775
11.9286    0.00120051
12.6137    0.00213562
13.5326    0.00274592
14.7119    0.00309798
17.1574    0.00284746
18.5473    0.00251097
20.3062    0.00207486
21.9081    0.00163987
23.1155    0.00139675
24.3534    0.00117058
