9.79187e-05    0.976972
0.0425507    0.940068
0.16694    0.889845
0.302667    0.826507
0.48638    0.741247
0.714406    0.656069
0.960373    0.572587
1.27188    0.481676
1.60493    0.396398
2.02173    0.316995
2.4275    0.253652
2.89498    0.204089
3.40356    0.161001
3.95321    0.122481
4.54395    0.0918771
5.17582    0.0692865
5.84872    0.0504078
6.9007    0.0295256
7.60233    0.0210282
8.64128    0.0114336
9.30445    0.00769731
10.1924    0.00391672
10.4818    0.00274132
10.7569    0.00191862
11.0885    0.00122355
11.4277    0.000800606
12.0603    0.00038342
12.5739    0.00074683
13.3253    0.00120344
14.1165    0.00164336
15.4477    0.00186128
17.2403    0.0017469
18.4522    0.00155248
19.696    0.00132872
21.1188    0.00105177
22.4575    0.000840537
23.2678    0.000723875
