0.19892984990296725   0.8805695817832607
0.5489968018430602   0.7328635849091837
0.7990404898826142   0.6155988187489875
0.9855336906485377   0.5409767512546849
1.1892859935592952   0.48658669798970294
1.3917938512603456   0.42367606342449393
1.7828758937037037   0.3622247332120546
2.105599141716212   0.3198519076563282
2.3213040572676675   0.28312312715929777
2.5296385536819344   0.253576432958996
2.8299787208811154   0.22060904991281474
3.1579772767776575   0.19493932676459585
3.490423900305757   0.17198030662858374
3.769830830106983   0.1533871094529598
4.0417319932535065   0.1376057639381089
4.282972362477125   0.121615849387664
4.541768129474534   0.10887540794355453
4.835099640970583   0.09597178458658859
5.128862507305257   0.08662687732527947
5.400806639256473   0.07791514938549288
5.689491580667166   0.06952876636919185
5.995480538625031   0.06190591632565708
6.436092519171908   0.053279468538008454
6.769602113002122   0.04732361364675133
7.072695040850803   0.041433289668160685
7.3900227913735534   0.0367453461738084
7.802178804915684   0.031718890274371955
8.20678663237787   0.028276184461974312
8.571190601805938   0.024166557565161326
8.960437904772604   0.021559555865298854
9.270299070922292   0.019277602121709286
9.560678570636739   0.017041031689846147
9.861606875004853   0.015285483524096966
10.22427807402886   0.013334211768686667
10.589470569088448   0.011852274084599894
10.910032076120558   0.010495683983955213
11.242515708795366   0.009280170209700362
11.58990643259689   0.008059348961155613
11.886555642156935   0.007145354681166987
12.184701306090972   0.006270751306361822
12.541521436570065   0.005498541145960274
12.83029347095686   0.004795293187787736
13.136109565907404   0.004225431575975856
13.485252350849677   0.0036885730133530787
13.781320276790453   0.003248319724742738
14.04702347100654   0.0028687464582513905
14.264139719924415   0.002517433505769928
14.428609692931275   0.002218325772652898
14.59445015179756   0.0019533616768391813
14.831931162190685   0.0017307566660883877
14.983712949552313   0.0015183384076896394
15.142475313923669   0.0013430738337898668
15.236635038621017   0.0012171617451137986
15.424800246234852   0.0010503471695787238
15.505781160546405   0.0009253147406484769
15.68338102731228   0.0008080183226777756
15.86207245242619   0.0006913232054180736
15.984455620204002   0.0006018614406253845
16.052185809182774   0.0005134979293239877
16.16132444108038   0.000453836448665793
16.212430384940873   0.00038683295143713956
16.32643673211399   0.0003173016246555362
16.375316297745798   0.0002779045295961162
16.48718257893752   0.0002437999710198654
16.54198702287448   0.00021337507116375216
16.57218200861371   0.0001675950673283371
16.57421637572577   0.00018939051016523823
16.592891194447574   0.00014772588470594308
16.65355661078081   0.00013052972188660957
16.686422331456356   0.00011868863070665528
16.710239726578664   0.00010321854720305205
19.50659747618775   0.0001039799326316315
19.5425773669172   0.00011562536196029814
19.579618193855836   0.00013322908866800648
19.674151792874838   0.00015382494514343235
19.823798881961594   0.00018161932288567878
19.974206200979467   0.00020665674717365085
20.067632433364167   0.00023573101302679068
20.206593547683383   0.0002675565013758913
20.37954490720064   0.000299631949159095
20.596755496486452   0.0003410517775826862
20.874293124140593   0.0003892757476986827
21.104416349588703   0.00043987542753317883
21.448563219486118   0.0004964177040264997
21.963815250031814   0.00056150243223476
22.615820735638067   0.0006312987090652981
23.336145452492943   0.0007051913025849331
24.090054457771345   0.0007585030767874989
24.850523205592012   0.0008020892795055261
25.596952208536507   0.000830308273030281
26.33638170544812   0.0008514579916425444
27.116712978542594   0.0008650825583772501
27.855601634248785   0.000858747451799368
28.608042934999574   0.0008456852826077846
29.360311194085057   0.0008242058571909145
30.135220076106407   0.0007951855801318783
30.864433049002827   0.0007636016062283741
31.616283502811285   0.0007257533336134504
32.36778625502788   0.0006755169237891852
33.11929655035753   0.000629042956319142
33.8364180447457   0.0005796265141711249
34.48470753105143   0.0005212474232803284
35.16703550655019   0.0004638446932228509
35.81514256326554   0.00041257875180875737
36.29249503249579   0.00037394201334703815
36.70144873772935   0.000339497886496323
37.144493568032985   0.00030596847211581974
37.62136512532126   0.0002694153154895133
38.063906175592564   0.0002355663346497973
38.4382958950752   0.00020941008054251785
38.77829932100302   0.00018423462549212432
39.04988360814768   0.00016216179933008386
39.32151062044248   0.00014310044350338287
39.699178060344764   0.00012326925697695985
39.93271865391307   0.00010831343097105778
39.9996828195805   0.00009919822196140539
