3.11106e-05    0.986225
0.0858685    0.920355
0.196932    0.852826
0.331381    0.783546
0.523412    0.692356
0.751566    0.600948
1.02378    0.504985
1.33129    0.426806
1.68283    0.348205
2.07548    0.275251
2.50926    0.218163
2.98412    0.166802
3.50006    0.124558
4.05707    0.09071
4.62703    0.0644716
5.17489    0.0454861
5.69099    0.0324185
6.16657    0.0223285
6.59412    0.015802
6.93245    0.0107781
7.20892    0.00709756
7.4908    0.00467384
7.74186    0.0032313
8.05443    0.00187362
8.40548    0.000879368
8.69015    0.00171186
8.94706    0.00309448
9.38266    0.00454301
10.1586    0.00664668
11.0947    0.00808719
12.0717    0.00871897
13.0896    0.00877057
14.1486    0.00841574
15.2487    0.00782899
16.3898    0.00711328
17.5721    0.00632159
18.7954    0.00558496
20.0599    0.00485476
21.3655    0.004146
22.7121    0.00350952
24.0999    0.00293157
25.5287    0.00241651
26.9986    0.00196858
28.5096    0.00158487
30.0617    0.00125356
31.6548    0.000981328
33.2889    0.000751407
34.9641    0.000565262
36.6802    0.000412261
38.2757    0.000299199
39.7404    0.000210521
41.0652    0.000150201
42.1571    0.000104506
43.0921    7.61632e-05
43.72    5.10438e-05
44.0057    3.53373e-05
44.2918    2.27414e-05
44.6367    1.39777e-05
44.9094    1.05006e-05
48.1186    1.27431e-05
48.4795    2.02542e-05
48.8198    2.9946e-05
