2.84259e-05    0.986193
0.071546    0.946181
0.193844    0.888571
0.3538    0.81212
0.579111    0.703414
0.788759    0.633793
1.18821    0.510402
1.57402    0.408337
1.9665    0.338786
2.52394    0.260312
3.05645    0.202525
3.65895    0.155268
4.33431    0.11599
5.02659    0.0841825
5.79173    0.0602214
6.61113    0.0414593
7.68273    0.0258159
8.94174    0.0138452
9.81243    0.00900421
10.724    0.00494531
11.5815    0.00250703
12.104    0.00156642
12.4416    0.00106818
12.892    0.000641563
13.4995    0.000321579
13.962    0.000549519
14.5443    0.000801586
15.2523    0.00114253
16.9125    0.00155871
19.1984    0.00155778
20.6671    0.00141327
22.0845    0.00123435
23.7563    0.00102408
