9.80517e-05    0.990618
0.054834    0.940068
0.16694    0.889845
0.315066    0.826507
0.486389    0.7516
0.714406    0.656069
0.960373    0.572587
1.27188    0.481676
1.60493    0.396398
2.02175    0.321423
2.42759    0.270346
2.89508    0.2172
3.43984    0.168254
3.90172    0.137648
4.6    0.103802
5.23562    0.0781555
6.11478    0.0534982
7.17814    0.0359144
7.93013    0.025947
9.0302    0.0167434
10.077    0.0107315
10.9581    0.00731184
11.8889    0.00454301
12.8975    0.00277062
13.7117    0.00170734
14.4196    0.00102386
15.0355    0.000551265
15.4739    0.000354838
16.0186    0.000181429
16.4552    8.4744e-05
16.7542    0.000120044
17.2783    0.000204905
17.9995    0.000277983
19.0684    0.000421794
21.03    0.000456698
22.4194    0.000422981
23.5173    0.00038267
