2.84259e-05    0.986193
0.0709361    0.933232
0.229838    0.870842
0.572221    0.717061
0.964989    0.596128
1.64508    0.437242
2.05657    0.353757
2.55562    0.27944
3.10883    0.220736
3.71624    0.169782
4.37784    0.128521
5.09363    0.0960851
5.86361    0.0708226
6.68783    0.0508304
7.56628    0.0356494
8.49897    0.0243453
9.43992    0.0163011
10.3339    0.0107475
11.1683    0.00700509
11.8799    0.004593
12.5074    0.00306378
12.9893    0.00182302
13.0985    0.00117104
13.2812    0.000635127
13.4278    0.000460047
13.5392    0.000266622
13.6877    0.000162958
13.8374    8.7238e-05
14.1179    3.49186e-05
14.4599    9.34252e-06
14.7485    2.44254e-05
15.0214    5.69254e-05
15.3004    0.0001341
15.5331    0.000270868
15.803    0.000586978
16.3038    0.00126005
17.7838    0.00179179
19.1976    0.00199375
20.6658    0.00200853
22.1884    0.00190491
23.7652    0.00174052
25.3962    0.00155128
27.0815    0.00135107
28.8209    0.0011601
30.6146    0.000976868
32.4624    0.000813859
34.3645    0.000666121
36.3208    0.000538468
38.3313    0.000430666
40.396    0.000339589
42.5149    0.000264466
44.688    0.000203779
46.9154    0.000155034
49.1971    0.000114306
51.5331    8.30649e-05
53.9234    5.909e-05
56.368    4.03532e-05
58.6378    2.704e-05
60.6027    1.81976e-05
62.2457    1.1951e-05
63.433    8.56208e-06
