0.1505653710247401   0.8918125331174054
0.5360777385159068   0.7190503230157735
0.9215901060070735   0.5807968947312744
1.3071024734982402   0.47676334389480407
1.7311660777385214   0.3868263691997647
2.1552296819788097   0.31554924315544186
2.579293286219091   0.2594926134423809
3.041908127208494   0.21269347491400312
3.5045229681978896   0.17381390781330597
3.9671378091872924   0.14225393405455836
4.46830388692581   0.11469645629966585
4.969469964664327   0.0940111070102381
5.43208480565373   0.07786712977637496
5.9332508833922475   0.06360613103607188
6.434416961130765   0.05184609740324563
6.897031802120161   0.042814636571903326
7.398197879858678   0.03504812555066797
7.8993639575971955   0.02850717400739417
8.361978798586598   0.02361180384515337
8.824593639575994   0.019324529488775943
9.287208480565397   0.01581570990558709
9.7498233215548   0.01286680838274522
10.173886925795081   0.010603222068432129
10.559399293286248   0.008845655062653226
10.944911660777414   0.007248185269234791
11.330424028268581   0.005960561082067887
11.715936395759748   0.004831819634660168
12.0628975265018   0.003930907796759478
12.37130742049473   0.0031979745261561747
12.679717314487668   0.0025784618747066728
12.949575971731484   0.0020727533181180997
13.180883392226185   0.0016963965515558494
13.373639575971765   0.001407186907280098
13.52784452296823   0.0011551286542436834
13.682049469964703   0.0009482196010719603
13.836254416961168   0.0007679675280231906
13.990459363957633   0.0006219805237429289
14.144664310954099   0.0005014902570874669
14.298869257950564   0.0003582171947742022
14.453074204947036   0.0002502011408996498
14.650989399293323   0.00015612527425726562
14.877137809187317   0.00010299201888732823
15.046749116607813   0.00014954053448869306
15.262650176678491   0.0002593432804721243
15.378303886925835   0.00034558963956658533
15.532508833922307   0.0004947865176930659
15.72526501766788   0.0006916470418382828
16.033674911660825   0.0008491469560926681
16.496289752650213   0.0010526269618738944
17.151660777385203   0.001227795596450761
17.980512367491215   0.0013821619360362648
18.796513545347523   0.0014695505302526686
19.811696113074248   0.001505133423693703
20.910406360424076   0.0014684522242817747
21.89346289752656   0.0014040341739373864
22.770503533568956   0.0013304516827268777
23.606851197487288   0.0012466656692038927
24.489246171967082   0.0011545530393396073
25.3410449268047   0.0010675726742215741
26.12446113074212   0.0009850737584990552
27.059328621908193   0.0008901369274636777
27.907455830388756   0.0008078012957349834
28.755583038869332   0.0007306937449419143
29.555521201413498   0.0006652731562017419
30.509664310954136   0.0005920337000617948
31.299964664311034   0.0005363962268935837
32.1652257557912   0.000480208410241382
33.02191990577157   0.0004277688212306518
33.929159010600785   0.0003766746805022647
34.77728621908135   0.00033221285123271395
35.617703180212104   0.00029214014047971947
36.542932862190895   0.00025142856134913785
37.37392618767187   0.00021847911133241984
38.239187279152034   0.00018714864553589039
39.0564734982333   0.0001603342957609162
39.93544169611317   0.0001342823185183868
40.783568904593736   0.0001126837687347935
41.6316961130743   0.00009325715082921524
42.40272084805663   0.00007632413741266593
43.096643109540736   0.00006309152598491568
43.752014134275726   0.000052107632230614515
44.33028268551247   0.00004283572506524732
44.83144876325099   0.000035654543548143474
45.29406360424039   0.000028790552552410416
45.71812720848068   0.000023422440417572292
46.10363957597184   0.000018783650547748347
46.373498233215656   0.000015363847933315967
46.52770318021213   0.000012167261922746183
46.68190812720859   0.000010032741969916627
49.496148409894104   0.000010772407041242227
50.074416961130865   0.000013146179368673268
50.806890459364084   0.000016042561073041258
51.655017667844646   0.00001894675067908812
52.474231448763376   0.000021412523723633537
53.33585159010613   0.000023932252233297366
54.189761484099066   0.000026202184478528252
54.99933745583051   0.000028183568572338538
55.87637809187292   0.000030382854330548957
56.782332155477164   0.00003264374675429458
57.669010600706855   0.00003493828077336403
58.51713780918742   0.0000371552252021689
59.41345406360438   0.000039323384777601114
60.33868374558318   0.00004103542432367345
61.149636547198526   0.000042127908448107896
62.030807672892635   0.00004322177030468616
62.83487632508849   0.000043891673796479187
63.68300353356905   0.000044686362064158255
64.64678445229697   0.00004549543869728712
