Amroun 1994 3He Data
Energy (GeV)  Theta (Degrees)  Sigma Experimental  Uncertainties
0.3144	30	0.001923	0.000063459
0.3144	35	0.0007973	2.55136E-005
0.3144	40	0.0003486	1.15038E-005
0.3144	45	0.0001581	5.2173E-006
0.3144	50	0.00007511	2.47863E-006
0.3144	55	0.00003622	1.19526E-006
0.3144	60	0.00001835	5.872E-007
0.3144	155	3.401E-009	1.39441E-010
0.3354	50	0.00005232	1.67424E-006
0.3354	60	0.00001174	3.7568E-007
0.3354	155	1.652E-009	8.26E-011
0.3354	60	0.000007754	2.40374E-007
0.3354	155	7.34E-010	3.9636E-011
0.3652	55	0.00001379	4.4128E-007
0.3652	155	4.869E-010	4.13865E-011
0.3743	55	0.00001155	3.696E-007
0.3743	155	3.294E-010	1.9764E-011
0.3945	50	0.00001825	6.205E-007
0.3945	53	0.00001057	3.5938E-007
0.3945	55	0.000007871	0.000000244
0.3945	155	1.479E-010	1.13883E-011
0.4133	30	0.0006547	2.09504E-005
0.4133	35	0.0002314	7.6362E-006
0.4133	40	0.00008687	2.77984E-006
0.4133	45	0.00003336	1.1676E-006
0.4133	50	0.0000132	4.224E-007
0.4133	155	6.422E-011	5.00916E-012
0.64	35	0.00001292	0.000000478
0.64	40	0.000002953	1.09261E-007
0.64	45	6.769E-007	2.57222E-008
0.64	50	0.000000151	5.889E-009
0.64	54	4.244E-008	2.88592E-009
0.64	58	1.116E-008	8.0352E-010
0.64	62	2.792E-009	1.34016E-010
0.64	64	1.476E-009	9.4464E-011
0.64	66	9.059E-010	5.79776E-011
0.64	70	4.876E-010	3.1694E-011
0.64	74	4.403E-010	4.00673E-011
0.64	78	3.735E-010	3.54825E-011
0.64	82	3.091E-010	2.50371E-011
0.64	85	2.623E-010	1.91479E-011
0.64	94	1.29E-010	1.0836E-011
0.64	102	7.627E-011	1.060153E-011
0.64	112	2.78E-011	4.1978E-012
0.64	123	8.129E-012	2.414313E-012
0.3005	155	5.518E-009	2.70382E-010
0.3255	155	0.000000002	1.26336E-010
0.3505	155	7.869E-010	5.42961E-011
0.3755	155	2.759E-010	2.86936E-011
0.4005	155	8.906E-011	1.11325E-011
0.421	155	4.45E-011	5.2065E-012
0.4505	155	1.594E-011	3.61838E-012
0.514	155	5.185E-012	1.57624E-012
0.5685	155	3.225E-012	1.32225E-012
0.585	155	5.978E-012	1.46461E-012
0.6039	155	6.319E-012	1.364904E-012
0.6295	155	2.578E-012	8.6363E-013
0.6595	155	2.302E-012	7.7117E-013
0.6889	155	1.936E-012	5.88544E-013
0.2919	40	4.980E-4	6.972E-6
0.2919	40	5.010E-4	1.052E-5
0.2369	50	3.020E-4	5.738E-6
0.2008	60	1.970E-4	4.137E-6
0.2008	60	1.950E-4	6.825E-6
0.157	80	9.620E-5	3.271E-6
0.1323	100	4.740E-5	8.058E-7
0.1174	120	2.230E-5	5.575E-7
0.1174	120	2.260E-5	9.040E-7
0.1103	135	1.260E-5	4.158E-7
0.3585	40	1.940E-4	3.104E-6
0.3585	40	1.960E-4	3.528E-6
0.3585	40	1.860E-4	5.394E-6
0.2912	50	1.160E-4	3.712E-6
0.2912	50	1.170E-4	2.106E-6
0.2469	60	7.650E-5	1.301E-6
0.2469	60	7.320E-5	2.050E-6
0.1933	80	3.490E-5	1.117E-6
0.163	100	1.730E-5	6.574E-7
0.1448	120	8.810E-6	1.762E-7
0.1448	120	8.850E-6	3.098E-7
0.1361	135	5.030E-6	1.459E-7
0.4149	40	8.490E-5	1.189E-6
0.4149	40	8.450E-5	1.690E-6
0.4149	40	8.290E-5	2.819E-6
0.3372	50	5.010E-5	8.016E-7
0.2861	60	3.380E-5	8.112E-7
0.2861	60	3.300E-5	6.600E-7
0.2861	60	3.310E-5	1.092E-6
0.2241	80	1.550E-5	3.720E-7
0.2241	80	1.510E-5	4.983E-7
0.1892	100	8.210E-6	2.545E-7
0.1892	100	8.270E-6	2.646E-7
0.1892	100	8.400E-6	2.772E-7
0.1682	120	4.130E-6	1.115E-7
0.1682	120	4.010E-6	1.604E-7
0.1581	135	2.380E-6	7.616E-8
0.1581	135	2.240E-6	7.616E-8
0.4649	40	4.080E-5	6.528E-7
0.4649	40	4.180E-5	8.360E-7
0.4649	40	3.950E-5	1.304E-6
0.3779	50	2.580E-5	5.418E-7
0.3208	60	1.660E-5	2.988E-7
0.3208	60	1.610E-5	3.381E-7
0.2515	80	7.520E-6	2.406E-7
0.2515	80	7.200E-6	2.736E-7
0.2125	100	3.980E-6	1.194E-7
0.189	120	2.000E-6	4.600E-8
0.1777	135	1.190E-6	4.641E-8
0.1777	135	1.180E-6	3.894E-8
0.5101	40	2.280E-5	4.104E-7
0.5101	40	2.270E-5	3.632E-7
0.5101	40	2.120E-5	6.572E-7
0.5101	40	2.180E-5	6.322E-7
0.4149	50	1.330E-5	1.729E-7
0.3523	60	8.790E-6	1.758E-7
0.3523	60	8.570E-6	2.742E-7
0.3523	60	8.730E-6	1.921E-7
0.2765	80	4.400E-6	1.452E-7
0.2337	100	2.050E-6	4.510E-8
0.2337	100	2.090E-6	6.688E-8
0.208	120	1.070E-6	3.103E-8
0.208	120	1.050E-6	4.200E-8
0.1957	135	6.230E-7	2.305E-8
0.1957	135	5.980E-7	1.854E-8
0.5519	40	1.200E-5	2.520E-7
0.5519	40	1.190E-5	2.261E-7
0.5519	40	1.210E-5	3.751E-7
0.449	50	7.320E-6	1.391E-7
0.3815	60	4.690E-6	1.032E-7
0.3815	60	4.550E-6	9.555E-8
0.2995	80	2.180E-6	6.322E-8
0.2995	80	2.060E-6	8.652E-8
0.2534	100	1.050E-6	3.150E-8
0.2534	100	1.040E-6	5.408E-8
0.2256	120	5.690E-7	2.105E-8
0.2256	120	6.630E-7	4.575E-8
0.2123	135	3.810E-7	2.362E-8
0.2123	135	3.480E-7	1.044E-8
0.5909	40	7.040E-6	1.901E-7
0.5909	40	6.820E-6	1.023E-7
0.481	50	4.140E-6	7.866E-8
0.4088	60	2.670E-6	6.141E-8
0.4088	60	2.500E-6	1.175E-7
0.4088	60	2.550E-6	5.610E-8
0.3212	80	1.190E-6	3.808E-8
0.2718	100	6.030E-7	1.387E-8
0.2718	100	6.490E-7	2.726E-8
0.2421	120	3.340E-7	1.637E-8
0.2279	135	2.010E-7	6.633E-9
0.6277	40	3.590E-6	8.975E-8
0.6277	40	3.630E-6	7.260E-8
0.5111	50	2.120E-6	8.692E-8
0.5111	50	2.280E-6	5.016E-8
0.4345	60	1.410E-6	3.525E-8
0.4345	60	1.380E-6	2.898E-8
0.3416	80	6.890E-7	3.101E-8
0.2893	100	3.440E-7	1.170E-8
0.2427	135	1.370E-7	8.357E-9
0.2427	135	1.250E-7	3.875E-9
0.6626	40	2.040E-6	4.080E-8
0.6626	40	2.090E-6	6.061E-8
0.6626	40	2.020E-6	6.464E-8
0.5396	50	1.280E-6	2.176E-8
0.4589	60	8.300E-7	2.075E-8
0.4589	60	8.460E-7	2.453E-8
0.361	80	3.860E-7	1.274E-8
0.3058	100	2.080E-7	8.320E-9
0.3058	100	1.960E-7	9.996E-9
0.2727	120	1.110E-7	9.879E-9
0.2727	120	1.270E-7	8.255E-9
0.2567	135	6.950E-8	4.309E-9
0.593	50	4.760E-7	9.996E-9
0.337	100	6.700E-8	4.221E-9
0.2832	135	2.750E-8	1.155E-9
0.6886	50	4.490E-8	1.976E-9
0.4627	80	1.670E-8	9.185E-10
0.3511	120	6.120E-9	5.753E-10


