0    505.788
1    526.855
2    564.76
3    526.383
4    546.422
5    514.563
6    564.76
7    552.647
8    676.16
9    562.328
10    520.258
11    524.514
12    531.515
13    863.109
14    736.06
15    472.457
16    442.994
17    457.947
18    446.102
19    446.102
20    453.224
21    454.854
22    446.605
23    474.261
24    589.582
25    520.258
26    529.242
27    527.508
28    442.994
29    563.995
30    625.947
31    542.348
32    522.001
33    556.752
34    546.958
35    519.632
36    557.836
37    797.679
38    562.328
39    525.983
40    552.647
41    528.718
42    514.686
43    514.686
44    536.231
45    520.258
46    546.422
47    532.821
48    458.452
49    562.328
50    536.831
51    532.408
52    555.316
53    551.472
54    510.6
55    532.76
56    448.03
57    457.941
58    507.12
59    446.102
60    442.178
61    647.643
62    546.422
63    561.606
64    525.451
65    534.332
66    907.098
67    535.753
68    556.436
69    529.139
70    676.16
71    454.191
72    456.713
73    456.713
74    483.584
75    472.707
76    477.399
77    1029.62
78    853.451
79    477.399
80    676.812
81    867.572
82    562.328
83    515.139
84    525.109
85    570.64
86    721.856
87    692.356
88    547.158
89    442.994
90    468.264
91    452.869
92    460.626
93    558.163
94    530.544
95    470.024
96    443.079
97    527.656
98    559.365
99    562.328
100    508.267
101    526.855
102    557.836
103    522.001
104    524.206
105    533.226
106    912.025
107    469.25
108    527.508
109    841.414
110    524.194
111    450.21
112    456.308
113    830.552
114    452.385
115    451.235
116    470.797
117    452.385
118    480.111
119    455.263
120    439.881
121    468.367
122    438.45
123    460.698
124    460.081
125    456.713
126    450.013
127    460.745
128    468.264
129    442.737
130    452.461
131    543.691
132    863.109
133    447.094
134    456.095
135    457.279
136    445.842
137    567.988
138    546.935
139    562.235
140    903.528
141    578.861
142    559.365
143    520.258
144    524.584
145    676.812
146    467.709
147    472.025
148    456.713
149    479.736
150    460.604
151    512.965
152    461.203
153    453.051
154    860.938
155    474.815
156    452.869
157    468.116
158    452.432
159    829.112
160    448.394
161    844.722
162    446.264
163    488.689
164    453.543
165    469.895
166    877.044
167    446.605
168    487.292
169    441.262
170    570.64
171    701.375
172    521.813
173    446.372
174    473.084
175    469.673
176    455.191
177    458.387
178    460.604
179    457.279
180    477.399
181    446.264
182    450.024
183    459.838
184    456.133
185    452.869
186    580.281
187    892.509
188    552.647
189    565.734
190    524.584
191    562.328
192    517.469
193    763.976
194    562.419
195    526.096
196    535.753
197    570.64
198    844.722
199    446.372
200    460.221
201    461.01
202    451.517
203    446.102
204    468.116
205    757.975
206    456.713
207    452.869
208    467.926
209    454.712
210    468.116
211    455.263
212    455.14
213    462.198
214    483.118
215    477.399
216    918.738
217    461.487
218    921.712
219    867.714
220    458.452
221    496.066
222    469.895
223    844.722
224    450.935
225    563.972
226    464.644
227    439.519
228    455.878
229    456.065
230    448.394
231    603.72
232    461.997
233    464.644
234    835.214
235    556.355
236    542.348
237    526.242
238    701.375
239    540.379
240    517.469
241    556.436
242    743.213
243    676.812
244    844.722
245    472.063
246    788.145
247    719.407
248    479.736
249    562.328
250    883.656
251    553.061
252    449.659
253    473.084
254    458.766
255    448.394
256    453.051
257    480.539
258    867.735
259    516.331
260    797.679
261    523.282
262    459.849
263    452.624
264    461.805
265    456.016
266    450.21
267    521.813
268    446.605
269    477.399
270    454.553
271    452.924
272    455.044
273    525.108
274    477.399
275    556.239
276    862.748
277    743.859
278    526.096
279    445.262
280    456.065
281    456.065
282    469.895
283    471.212
284    466.243
285    477.399
286    468.367
287    460.745
288    462.219
289    456.713
290    476.704
291    515.139
292    530.544
293    560.17
294    529.139
295    535.753
296    512.837
297    522.001
298    673.135
299    514.723
300    521.904
301    556.436
302    669.424
303    471.212
304    462.806
305    580.281
306    468.367
307    446.102
308    442.737
309    462.806
310    456.897
311    446.102
312    447.094
313    455.653
314    452.624
315    468.116
316    479.06
317    471.641
318    3384.71
319    462.806
320    468.367
321    448.671
322    464.644
323    580.281
324    517.211
325    763.197
326    841.414
327    557.512
328    564.389
329    721.856
330    721.856
331    522.914
332    460.638
333    523.454
334    829.112
335    738.862
336    447.215
337    525.108
338    525.663
339    457.761
340    447.094
341    476.807
342    477.399
343    459.508
344    1029.62
345    513.337
346    540.735
347    552.647
348    457.761
349    456.713
350    464.644
351    442.994
352    468.367
353    844.722
354    455.505
355    451.826
356    495.026
357    464.644
358    468.116
359    466.94
360    448.671
361    480.539
362    462.806
363    466.117
364    913.836
365    606.145
366    479.291
367    552.647
368    676.16
369    555.065
370    903.528
371    453.025
372    456.713
373    456.713
374    455.14
375    468.197
376    453.027
377    817.572
378    709.692
379    546.422
380    520.258
381    564.389
382    525.372
383    696.235
384    525.639
385    520.258
386    556.436
387    546.422
388    534.786
389    457.541
390    455.044
391    462.806
392    462.806
393    456.065
394    453.67
395    921.712
396    927.18
397    872.081
398    468.264
399    454.553
400    493.747
401    460.081
402    468.264
403    475.647
404    448.394
405    477.399
406    453.051
407    473.297
408    478.801
409    456.675
410    468.434
411    488.689
412    492.216
413    829.112
414    898.689
415    865.35
416    701.375
417    563.359
418    991.326
419    920.779
420    701.375
421    531.515
422    530.563
423    552.647
424    517.469
425    887.411
426    526.096
427    863.109
428    514.563
429    529.433
430    890.163
431    446.605
432    468.367
433    484.444
434    575.614
435    448.671
436    897.871
437    458.387
438    467.127
439    441.003
440    4307.83
441    4234.25
442    524.991
443    462.806
444    468.264
445    468.367
446    473.084
447    480.539
448    463.563
449    456.713
450    462.806
451    452.869
452    466.117
453    1077.28
454    937.401
455    571.813
456    682.323
457    512.837
458    542.177
459    560.074
460    514.563
461    884.08
462    459.221
463    448.671
464    633.37
465    863.109
466    526.522
467    546.006
468    476.94
469    488.689
470    452.869
471    462.806
472    473.297
473    454.711
474    465.135
475    462.806
476    468.264
477    472.063
478    462.806
479    456.016
480    467.926
481    457.761
482    552.828
483    446.372
484    442.737
485    560.074
486    523.57
487    512.837
488    543.274
489    520.258
490    512.837
491    562.328
492    560.17
493    562.328
494    562.328
495    562.178
496    562.969
497    536.231
498    556.752
499    456.654
500    454.599
501    476.818
502    455.263
503    884.08
504    692.356
505    706.191
506    841.414
507    551.804
508    562.328
509    523.771
510    526.855
511    539.487
512    540.379
513    519.801
514    556.436
515    475.815
516    445.498
517    447.094
518    452.869
519    488.689
520    489.778
521    462.806
522    465.495
523    517.77
524    507.925
525    552.647
526    525.109
527    525.451
528    522.001
529    505.436
530    531.515
531    4015.74
532    591.24
533    526.784
534    701.375
535    532.821
536    517.211
537    520.258
538    469.828
539    452.869
540    479.06
541    455.691
542    543.458
543    530.544
544    528.244
545    546.422
546    559.365
547    562.328
548    528.718
549    565.734
550    452.787
551    450.984
552    633.37
553    553.061
554    841.414
555    436.645
556    479.736
557    472.823
558    455.263
559    477.399
560    532.408
561    555.34
562    522.639
563    763.982
564    446.102
565    451.826
566    463.255
567    477.399
568    462.806
569    446.403
570    448.438
571    480.539
572    471.212
573    844.722
574    447.909
575    456.065
576    468.116
577    471.212
578    774.795
579    560.17
580    531.632
581    562.328
582    527.508
583    560.17
584    552.272
585    542.348
586    525.133
587    701.375
588    674.253
589    455.505
590    520.258
591    517.469
592    533.226
593    546.422
594    546.422
595    534.786
596    530.103
597    515.139
598    725.392
599    508.406
600    532.821
601    505.713
602    454.078
603    468.264
604    456.713
605    461.73
606    520.345
607    534.786
608    472.476
609    488.689
610    464.225
611    483.118
612    448.394
613    460.152
614    471.212
615    456.713
616    454.078
617    477.399
618    477.964
619    462.607
620    449.808
621    465.19
622    446.72
623    459.838
624    469.895
625    477.399
626    468.116
627    450.21
628    479.736
629    446.979
630    468.264
631    455.878
632    469.895
633    454.309
634    467.127
635    466.53
636    676.812
637    817.572
638    457.582
639    470.877
640    452.924
641    477.399
642    636.842
643    452.572
644    749.889
645    446.704
646    448.082
647    468.116
648    453.198
649    467.127
650    454.191
651    884.08
652    454.372
653    526.096
654    518.895
655    564.22
656    535.753
657    556.436
658    527.508
659    570.154
660    451.826
661    448.394
662    445.262
663    470.631
664    483.584
665    442.003
666    450.984
667    460.152
668    516.331
669    454.599
670    453.224
671    442.737
672    468.367
673    446.102
674    442.178
675    477.399
676    478.801
677    466.53
678    493.747
679    464.644
680    471.212
681    804.367
682    474.261
683    452.432
684    464.644
685    451.191
686    458.508
687    448.394
688    452.875
689    446.372
690    448.017
691    455.263
