21.9788 1.47466e-05 3.84889e-05 1.35039 8.05439 2.89575 0.0671255 0.704633 5.72414e-08 3.50391e-05 5.92775e-06 1.14964e-05 7.26746e-07
20.7192 1.18794e-09 1.77636e-11 9.22542e-05 1.31561e-10 8.32667e-12 9.17639 4.03011e-10 5.02965e-07 4.07452e-10 0.931344 6.66134e-12 2.90013
20.646 1.05085e-06 4.69402e-09 7.91004e-06 1.66192e-06 3.43753e-06 3.77195 0.0499048 2.3942e-09 2.7981e-08 2.60015e-07 2.33658e-07 9.15038
21.0214 8.50477 3.08298e-08 1.82481 3.47633e-06 2.33147e-11 0.569594 1.93279e-08 1.86517e-10 5.41234e-10 7.77156e-12 2.11716 5.04041e-10
21.6094 0.0424554 0.111369 0.000149805 6.67156 1.68206e-06 0.00216204 2.22275e-05 7.7381e-05 2.49214 2.22636 1.54393 1.11756e-05
20.7162 2.38392e-05 3.58127 0.00164179 0.000142739 0.075035 0.0514066 0.00517324 8.38828 0.00149199 0.157247 0.784855 7.18281e-05
22.0848 4.98562 2.39198e-09 6.10623e-12 3.90129 4.03233e-09 4.32005 5.82652e-07 4.47788e-07 6.45539e-09 6.24512e-08 1.38967e-08 1.03811e-07
20.6601 8.14743e-08 2.36054e-05 1.50017e-05 2.11687e-05 5.92595e-05 9.20013 0.00935148 1.12534e-07 5.89924e-06 2.24376e-06 3.57757 0.1769
21.829 1.6276e-07 1.2079 4.77725 1.16709e-05 2.87176 2.00062e-09 1.77081e-10 9.08655e-07 2.83055e-07 4.17561 2.26186e-08 1.20064e-05
20.6709 2.82869e-06 4.07648e-06 0.000407876 0.351102 2.45641 1.32006e-09 0.983851 1.28672e-06 7.0443e-06 2.23135e-05 2.06991 7.14906
21.8087 6.92609 1.39115e-07 5.83615e-06 1.94872 2.42346e-07 3.16269e-08 3.20921e-06 9.75381e-08 4.60947e-07 2.26926 1.92838 2.40974e-09
20.8538 2.52265e-06 7.39964e-10 5.3022e-08 1.47967 7.15372e-09 2.37723 9.11434 3.08087e-09 4.59404e-07 4.22496e-07 3.01981e-10 8.80962e-10
20.9595 2.59194e-07 8.6704e-08 9.71501e-09 3.84026e-08 0.0734204 2.99721e-08 1.63262 8.64309e-10 4.8983e-09 0.0956215 2.20201 8.94628
20.8287 3.29507 1.72085e-11 0.584962 1.60205e-09 5.55112e-12 9.17189 1.71585e-09 1.7697e-09 1.66533e-12 1.69309e-10 0 8.62643e-10
23.3812 3.15033 2.23799e-07 1.72973e-09 8.73412e-09 4.06151e-07 4.58023e-09 1.56969e-08 1.78857e-09 2.25222e-07 6.011 4.0843 1.5319e-07
20.6766 2.75541e-08 7.2652e-06 0.000653002 2.51916 1.54052 3.43413e-07 9.32356e-07 6.48217 2.64701e-06 1.29624 1.18244 0.00475395
21.5138 5.6094e-09 3.3607e-08 1.36878e-07 3.6799 7.38853e-09 5.64386 1.7804e-05 1.62509 1.14914e-07 2.09886 1.92112e-07 5.97855e-09
22.4025 4.31205e-08 3.43269e-07 1.17684e-10 0.755638 4.42471 1.72676e-07 5.05982 3.55317e-07 2.85525 9.75858e-08 1.13798e-10 1.7919e-08
22.0621 7.97841 0.888911 1.81166e-07 1.22263e-06 2.73558 1.54217 1.79423e-05 1.49693e-05 4.01101e-08 6.85552e-07 0.00826287 2.06012e-07
21.3284 1.0517e-05 3.13625 1.53864 0.000672392 1.55108 7.63992e-05 0.00337629 1.49321e-06 2.20502 0.00021043 2.47453e-05 4.59406
20.8658 2.82289e-06 4.15814 2.87344 9.54237e-10 3.34566e-08 0.945333 2.67193e-06 6.50685e-08 1.94345e-08 2.20657e-09 5.04966 4.98712e-09
21.3365 0.000124252 0.0004586 1.78805 1.75037 2.06904 5.34985 2.11198 0.00139103 3.20659e-07 0.00677386 8.89618e-05 0.00303745
20.6665 2.98737e-05 3.0733 0.736701 0.0667295 0.0015772 2.86865e-05 4.02066e-06 0.000514536 6.40609e-05 4.27901e-05 0.000102525 9.13373
20.6386 0.00106399 1.14614e-06 1.44973e-07 5.15165 0.000520335 6.28404e-07 1.86706e-06 3.8131 1.65428e-06 4.0661 0.00249902 2.9669e-08
20.9577 1.37047 7.93365e-09 4.55917e-07 7.85261e-09 1.74194e-09 7.33513e-08 2.48142 9.08635 7.67719e-10 2.68245e-07 3.6835e-08 3.25351e-09
21.0568 1.79662e-07 1.90014e-06 2.31373e-07 5.86753e-10 1.95932 6.06792e-09 3.92203 2.33147e-11 8.11573e-10 6.38489e-07 1.42764e-07 7.2654
21.4276 4.94049e-11 2.22045e-12 2.77556e-12 2.74597e-08 1.43843 0.544739 5.43898e-07 3.16715 4.49085e-10 5.38958e-09 7.94447 8.6457e-08
23.1416 0.0012962 4.63108 1.1564e-05 1.70779 2.74843 0.0301804 0.0336035 1.62968 0.0114047 6.13269e-05 2.33487 1.38475e-05
21.006 1.68658 1.17184e-09 6.86268e-08 9.00922 3.80973e-09 9.32231e-07 3.02203e-09 3.05272e-08 1.79874e-07 2.23621 0.133396 6.10623e-12
20.8208 3.64153e-10 2.67564e-10 2.77556e-12 0 2.9865e-10 0.131855 9.02717 1.55169e-07 3.86404 3.35343e-09 2.38698e-10 2.63417e-08
20.7101 1.56071 3.25961e-09 1.45939e-09 2.22422 4.97222e-06 3.62321e-09 1.7677e-08 2.85327e-09 1.2268e-08 1.6792 7.57638 4.09142e-07
22.1605 8.77409e-09 6.59898 3.34821e-08 3.15958e-07 1.11058e-06 0.00101422 1.45775 2.46819 3.13083e-10 8.07006e-07 5.4465e-06 2.51812
21.946 8.71525e-11 2.69263 3.25629 5.55112e-13 1.10079e-09 1.22013 5.93058 0 2.22045e-11 5.38458e-11 2.34812e-10 3.88578e-12
20.641 0.915739 5.67534e-06 9.1958 3.16107e-06 1.94827e-06 4.42815e-06 2.87487 0.000398722 5.15526e-07 0.012281 5.4865e-08 6.59648e-06
22.8298 1.04363e-06 4.89325e-08 3.60881 6.14675e-09 3.44447e-09 1.79828e-08 6.28177 4.29554e-07 1.12743e-08 5.11813e-10 3.21101 3.57547e-09
21.3644 2.80712 4.20664e-08 6.23326 2.24009e-07 1.46838e-08 2.17594 1.83731 1.27948e-08 1.29896e-07 4.75626e-07 3.21104e-08 7.3791e-08
20.6718 2.9089e-08 1.18874e-06 3.55604e-09 1.07797e-08 8.04858 1.51493e-06 8.65042e-07 3.84141 5.58332e-06 2.28262e-08 1.15688 3.91183e-07
21.6218 1.83187e-11 1.66533e-12 0 0 5.55112e-13 1.62961 0 0 8.84423 1.66533e-12 2.45613 1.66533e-12
20.7029 2.95445 1.01745e-07 1.81982e-08 3.83644e-06 2.22918e-07 6.27066 1.67816e-08 1.57874e-09 0.699909 3.09318 1.67991e-07 2.52372e-06
21.7198 0.946359 3.40774e-07 8.01244 5.97872e-07 6.53921e-10 1.67649e-07 2.41438 1.62989 1.7405e-07 2.47496e-07 1.15519e-09 2.94931e-09
20.861 0.585918 3.88578e-12 3.33067e-12 2.2321e-09 7.21645e-12 7.2991 3.218 2.60902e-11 7.21645e-12 1.89637 9.88654e-10 2.06501e-10
23.3451 0 2.17797 4.03471 4.99068 3.66374e-11 0 0 1.91507 2.77556e-12 0 0 3.33067e-12
24.9014 3.2329 1.30576e-07 1.06482e-06 2.97817e-09 2.99927e-09 3.10962e-06 2.41241 8.33611e-09 1.68895e-06 2.78568 4.60449 1.24079e-08
22.9114 3.97884e-07 1.02228e-07 2.46449 7.29257 1.79613 2.01468e-07 1.5739 0.0168739 2.81172e-06 3.47055e-07 7.58589e-07 7.18408e-06
22.0695 9.17477e-08 3.29934 1.81094e-08 1.01585e-10 2.69001e-08 7.06296e-08 3.61257 0.392193 2.67396e-07 7.2029e-08 1.04694e-09 5.73037
20.703 2.28844 2.19378e-05 2.16421 2.82979e-08 1.44051e-09 2.52021e-10 1.53148 7.03128 7.86593e-10 6.10068e-10 1.71529e-10 3.43281e-09
21.8263 1.90958e-09 5.55112e-13 3.91187e-09 5.55112e-13 3.9857e-10 0 6.66134e-11 3.37358 3.64256 5.55112e-13 2.3207e-08 6.02809
21.4713 5.88918e-08 1.49346 0 1.50119e-08 8.07177e-08 1.15177e-06 3.6055e-08 1.17628e-08 2.58394 6.14888 2.83612 2.12124e-06
21.0287 9.97571e-06 2.93681e-05 0.604226 0.125238 6.76704 2.47219 8.15158e-06 0.00634694 0.0183515 2.04691e-06 3.02153 5.81493e-07
23.2249 4.14759 0 9.85434e-09 9.15877 4.44089e-12 0 1.66533e-12 0 0 1.26565e-10 3.33067e-12 1.22722e-07
23.1224 2.7307e-08 4.84118 2.22045e-11 3.16303e-09 3.8346 2.10443e-09 4.03044e-08 9.6978e-09 1.35447e-10 3.01426e-10 4.57003 3.43059e-09
21.2377 2.80954e-06 0.0020384 3.83027e-11 1.56744 0.487547 3.27722 3.69548e-07 5.3358e-06 2.63579e-05 7.76089 4.09728e-09 1.8025e-08
23.0554 1.22974e-08 0.37051 2.69997e-07 5.37161e-07 1.03156e-08 2.20368e-07 2.17595e-07 5.4934 2.83662e-09 3.14476 4.10023 1.49338e-07
22.5086 5.93873 1.04833e-05 5.96079e-09 3.21465e-09 2.01812e-07 2.91457 1.39e-09 1.83353e-09 3.02691e-08 2.70728 1.39422e-07 1.51645
20.8199 1.67533 3.88578e-12 6.98771 2.22045e-12 4.996e-12 1.1563e-09 8.21565e-11 2.28164 2.10169 5.60663e-11 1.66533e-12 1.86517e-10
22.2468 2.39098e-06 1.53224e-05 0.0114739 0.199759 8.37067 0.068021 0.000207377 7.77513e-05 2.35296 0.00678254 2.03676 1.79847e-06
21.74 1.78746e-10 2.84914 1.66533e-12 3.14566 1.16462e-09 0 5.55112e-13 0.929247 9.4369e-12 7.21645e-12 6.17488 4.14113e-10
21.6009 2.35598e-07 2.56462e-10 1.30561e-06 0.356382 2.91434e-10 8.88178e-11 5.39679e-09 8.84271 3.44169e-11 1.11022e-12 4.01232 9.54792e-11
21.6193 3.29593e-05 0.000261915 4.41991 1.89746e-06 2.6429 9.95554e-07 1.43861 6.36879e-06 9.37015e-07 8.02199e-06 1.79123e-06 4.53726
23.1179 0.00880335 3.12721 1.26358 0.000363217 0.090357 0.00513502 2.98811e-05 0.00155644 1.87503 0.857976 0.474048 5.33668
21.0683 6.00199 0.000159221 4.81358e-07 0.18386 0.937366 3.34838e-07 1.52158e-05 2.44039e-07 1.25686e-05 2.83818 0.193307 2.88957
20.8501 1.40622e-06 0.00147038 0.000473737 1.12341 0.460453 8.50514 4.06664e-05 3.38224e-06 0.216215 1.91897e-05 0.0013975 2.6586
20.8539 0.640687 1.53381e-05 1.14683e-06 1.40482e-08 9.13133 2.18714e-10 4.85104e-07 3.24166 1.82806e-06 4.95335e-06 3.46734e-08 2.38498e-08
