rChi^2    R[1]     R[2]    R[3]    R[4]    R[5]    R[6]    R[7]    R[8]    R[9]    R[10]    R[11]   Q0   Q1   Q2   Q3   Q4   Q5   Q6   Q7   Q8   Q9   Q10   Q11   
9.07988 0.461399 1.27554 1.92772 2.4273 3.1985 4.04739 5.01176 5.37081 5.97247 6.26919 7.08202 7.78045 444.745 82.6024 -311.016 -564.484 -484.881 706.126 1485.71 516.11 -1908.71 -2048.31 3106.53 -1012.9
8.92805 0.904523 1.8133 2.15465 2.79669 3.67226 4.57169 5.42577 5.88712 5.95746 6.34927 7.33335 7.89558 471.332 -70.9273 -305.005 -617.159 -198.492 1362.58 1063.66 -637.342 -892.306 -1594.68 2536.26 -1106.42
9.3652 0.9756 1.62301 2.29212 3.1621 4.15336 4.92888 5.78461 6.37708 6.69835 6.9359 7.07469 7.27465 898.077 -106.834 -1160.44 -1188.79 1974.95 2343.38 -4466.39 -2244.81 2222.35 3640.2 2328.07 -4228.21
9.49972 0.144967 1.14056 1.78539 2.32381 3.31165 3.61051 4.60746 5.094 5.72934 6.39709 7.31382 7.40181 997.15 23.3853 -844.002 -1359.02 -181.056 883.699 3086.15 -40.1787 -5934.19 3505.02 3900.27 -4025.64
8.58625 0.656345 1.54465 2.41956 2.85442 3.40858 4.39507 5.22875 5.99192 6.51195 6.93331 7.49977 8.42368 222.509 27.617 -220.28 -291.952 -224.968 500.324 856.114 -439.329 -1086.13 -454.808 1530.63 -408.292
8.9053 0.572098 1.49046 2.43128 3.38983 4.21668 5.13142 5.7933 6.05622 6.26114 7.16303 7.55042 7.89624 364.692 -39.6737 -567.901 -510.679 661.509 1599.79 -176.788 -1112.19 -1554.68 1041.3 1706.28 -1400.16
9.20647 0.816586 1.57387 2.27981 3.14793 4.1118 4.30869 5.22092 5.80813 6.67332 7.26411 7.38086 7.5468 703.489 -76.0928 -901.004 -1104.24 953.012 1486.97 826.669 -3067 -149.384 3080.99 1502.02 -3243.89
9.54291 0.89411 1.35294 2.31935 2.95792 3.38236 4.20959 4.87993 5.53302 5.68996 6.46125 6.90623 7.13264 907.543 148.049 -1447.23 -1364.7 -275.079 3318.32 2932.84 -3285.83 -4492.44 2784.07 5185.96 -4399.9
9.61303 0.949671 1.14468 1.84485 2.77067 3.7322 4.68004 5.42301 5.91419 6.11402 6.71636 6.73928 6.94367 1057.01 567.419 -1384.04 -2453.71 1851.26 4500.52 -4111.97 -4293.7 -233.403 7122.43 6304.88 -8915.09
8.91219 0.636931 1.45587 2.00594 2.70571 3.11223 3.75789 4.41344 5.02611 5.5338 6.52398 7.40786 7.8646 379.08 41.1179 -244.171 -488.849 -436.734 109.769 972.888 890.422 -732.86 -2042.62 3060.61 -1497.16
9.53835 0.724842 1.34586 1.79949 2.4213 3.02451 3.96453 4.93281 5.33965 5.81629 6.30121 6.51056 7.37309 1089.41 131.646 -673.594 -1458.38 -1055.98 2789.02 2890.25 -1621.81 -6182.78 -397.965 5645.43 -1143.65
9.75004 0.884749 1.04583 1.7317 2.39619 2.87073 3.8129 4.73126 5.0032 5.36595 5.62194 6.29136 7.06487 1130.13 766.198 -970.496 -2095.93 -1651.78 3459.88 4371.63 1064.79 -4837.97 -7392.77 7972.21 -1804.26
8.52019 0.903977 1.75792 2.16402 3.09898 4.09156 5.05301 5.49785 5.59657 6.18668 6.81654 7.6952 8.30081 249.099 -19.31 -176.464 -410.616 45.7592 757.138 390.811 212.989 -1091.14 -968.549 1778.13 -756.414
9.4586 0.823372 1.70961 2.68054 3.32356 4.2382 4.55983 4.68877 5.16384 5.61738 5.80081 6.51806 7.48817 866.755 -336.339 -1445.15 -977.671 1530.73 1967.96 1890.15 -71.1083 -3305.35 -3950 4726.62 -885.023
8.4647 0.921453 1.76699 2.67279 3.58803 4.19431 5.00153 5.83323 6.05478 6.97689 7.27202 7.95919 8.34372 242.918 -43.5834 -387.119 -310.003 223.936 1013.04 -80.1587 -688.206 -807.443 207.833 1680.52 -1040.31
9.68475 0.526621 1.42136 1.93068 2.87064 3.48084 4.06472 4.62909 5.49132 6.0816 6.57367 6.60789 6.9438 1347.58 -268.359 -1329.37 -1830.36 63.7787 2794 3037.94 -5684.59 -3688.41 5379.5 5491.85 -5301.95
9.66605 0.307744 1.02035 1.53469 2.23019 3.13478 3.73758 4.52348 4.69071 5.44058 6.28346 6.51415 7.18939 1145.42 207.715 -684.698 -1732.7 -995.496 1429.13 2975.17 2173.15 -7313.51 -1570.28 6057.38 -1679.67
9.34344 0.670729 1.44474 2.13538 2.50648 3.38518 4.31466 5.25758 6.04009 6.43157 6.69059 7.26228 7.42192 809.593 17.4419 -774.239 -1022.49 -196.663 2579.36 108.943 -4324.76 -604.643 3542.15 3297.68 -3420.8
8.94274 0.652454 0.847372 0.963869 1.57664 2.1154 3.03327 4.02337 5.00536 5.62154 6.45415 7.38469 7.82138 259.772 184.086 133.899 -186.858 -492.321 -622.647 608.502 1422.28 -723.48 -2161.88 3221.61 -1631.46
8.86429 0.383684 1.3435 1.53971 2.51581 3.37235 4.0537 5.01563 5.48983 6.42509 7.2973 7.42559 7.91067 335.191 1.77793 -90.692 -524.734 -375.263 441.216 1200.96 30.2456 -2684.9 1279.26 1666.57 -1268.14
8.36168 0.78919 1.59231 2.57322 3.43172 4.29694 4.98337 5.80636 5.98387 6.4549 7.08314 7.7158 8.6712 177.165 7.95073 -265.179 -315.163 161.561 703.342 219.851 -106.345 -870.211 -549.039 1167.68 -320.208
9.51725 0.630847 1.46386 1.96159 2.20841 2.39434 3.26226 3.66867 4.06036 5.03946 5.86037 6.85474 7.20459 1126.59 94.3598 -613.024 -899.867 -1051.91 -423.036 780.024 2136.44 911.893 -4891.52 6347.03 -3505.4
9.12815 0.909905 1.66345 2.23367 3.21865 3.61636 4.20916 4.36824 4.7006 5.14978 6.023 7.01119 7.76206 567.945 -49.3065 -583.356 -867.299 -462.706 615.153 892.882 1201.97 476.974 -3761.91 2885.78 -904.604
9.35837 0.148397 1.01788 2.0155 2.92181 3.26728 3.91096 4.73248 5.39565 5.66509 6.18228 6.9013 7.42104 586.854 73.4645 -782.148 -889.807 -436.93 1199.94 2571.55 -333.394 -2156.25 -2645.86 4767.72 -1943.59
9.69785 0.881116 1.55448 1.596 2.29766 2.68616 3.28307 4.09154 4.31733 4.89534 5.84395 6.36948 7.06749 1480.38 -79.9023 -182.433 -1593.41 -1720.22 -333.573 3013.44 3103.61 -1484.09 -9550.56 9561.33 -2202.95
9.10035 0.623386 1.43518 2.14446 3.11426 4.11397 4.60245 5.38153 5.90513 6.72806 6.85775 7.10914 7.83669 532.026 -10.5128 -624.302 -931.017 648.119 1621.28 377.441 -2628.22 -1054.02 207.499 2715.12 -841.885
9.67727 0.925871 1.69794 2.34119 2.65559 3.42061 3.64243 4.30968 4.91406 5.57237 6.21418 6.65653 6.97572 1517.49 -331.399 -1645.14 -1824.17 19.9178 1115.97 3853.5 1027.3 -7253.37 -141.139 8600.44 -4927.8
9.71013 0.36929 1.35097 2.23395 2.7401 3.60676 4.59757 5.14265 5.42901 5.49086 6.15435 6.63362 6.973 1254 -288.691 -1676.69 -1540.3 1790.6 4885.75 150.289 -3513.2 -4169.79 -509.51 8110.98 -4481.82
9.59213 0.749883 1.42192 1.48149 2.1904 3.02325 3.67207 4.5678 4.64072 5.5766 6.21137 7.0741 7.17198 1329.59 -89.1341 -229.618 -1708.48 -1413.88 1268.84 2733.93 2292.51 -8682.85 4234.99 6811.17 -6535.48
9.36247 0.658047 0.684997 1.56174 2.47129 3.25598 3.91656 4.59107 5.46964 6.14677 6.27448 6.95064 7.34133 458.098 437.376 -425.637 -1236.75 -703.93 1072.86 2447.42 -1477.19 -2415.64 -1205.18 6075.32 -3015.19
9.35161 0.347414 1.31675 2.06885 2.98212 3.92951 4.40015 4.44503 5.32513 5.61771 6.52794 6.90828 7.57943 714.403 -38.5299 -843.957 -1234.31 404.506 1528.07 1599.22 -499.405 -2624.27 -1479.79 3604.5 -1118.88
9.66967 0.965497 1.80025 2.65848 2.95884 3.53181 4.08361 4.90728 5.89321 6.12109 6.23606 6.3994 7.05781 1533.26 -855.626 -2129.81 -1623.5 1094.06 4306.87 141.54 -9738.1 -2703.86 2365.85 10145.3 -2524.32
8.78362 0.557966 1.425 2.02855 2.05976 2.77593 3.76117 4.56393 4.87554 5.76976 6.40174 7.39236 8.22952 325.198 72.3685 -176.467 -189.75 -435.109 -180.584 646.757 860.958 -368.492 -1619.55 1573.49 -497.353
9.17066 0.987601 1.78296 2.3219 2.60661 3.50868 3.67598 4.36432 5.00387 5.35192 6.35171 7.04194 7.58309 730.833 -84.7383 -632.315 -813.464 -234.111 103.23 1656.03 1101.74 -956.374 -3823.43 4741.94 -1777.81
9.09394 0.946183 1.8093 1.84799 2.49216 2.69991 3.41364 3.64852 4.54529 5.52768 6.32427 7.00064 7.83209 622.345 -62.3591 -96.0102 -565.641 -634.696 -237.05 156.845 2095.28 -462.521 -3256.35 3251.5 -799.827
9.28415 0.978536 1.68885 2.29209 2.80996 3.43281 4.15017 4.87985 5.66539 5.93738 6.21106 6.81637 7.54856 737.396 -25.2478 -695.722 -966.882 -428.526 1436.09 2403.04 -1276.85 -2395.36 -1993.3 4450.09 -1233.19
9.38859 0.815255 1.58768 2.20819 3.12809 3.17843 4.11999 4.9369 5.57171 5.77768 6.47037 6.74846 7.47678 837.549 -111.159 -907.887 -848.207 -763.719 2287.2 2920.92 -2065.18 -3786.27 -621.369 4292.96 -1223.27
9.32222 0.607746 1.13573 2.05978 2.95166 3.68739 4.21797 5.06898 5.82125 6.40814 6.86763 6.87249 7.43692 614.802 159.299 -870.849 -1194.16 149.987 1808.11 1706.23 -3574.13 -2531.52 2806.48 2852.97 -1915.67
9.67986 0.638858 1.59924 2.39874 3.34219 3.91655 4.44362 5.19167 5.19583 6.02518 6.15994 7.02119 7.12683 1604.51 -837.217 -2593.66 -673.717 2810.57 4337.38 -3194.65 -3260.96 -1976.13 3079.89 7737.09 -7021.49
9.68888 0.575867 1.15333 1.68691 2.5611 3.0079 3.87423 4.16163 4.74347 5.69574 5.88092 6.66225 6.90434 1195.9 199.561 -887.339 -1851.38 -1213.14 2073.79 2720.62 436.67 -5284.42 -1861.85 12300.5 -7817.32
9.01339 0.828126 1.66297 2.06344 2.99335 3.12684 3.70136 4.63389 5.40908 6.31161 6.56488 6.97501 7.92838 487.207 -45.9387 -330.955 -565.033 -493.504 233.02 1849.75 -30.5498 -2899.96 -1186.08 3663.16 -669.608
9.59704 0.949016 1.91202 2.21585 3.16995 3.882 4.72445 5.27785 6.26666 6.45203 6.55347 7.00946 7.13001 1696.21 -1044.79 -1779.66 -1200.36 2947.55 3755.03 -5246.19 -5329.69 1629.05 5337.94 4677.23 -5430.73
9.43333 0.761115 1.46135 1.97362 2.37973 3.12674 4.05643 5.03664 5.68107 6.3083 6.34455 7.29214 7.40517 1096.24 32.0516 -817.242 -1278.72 -738.339 2931.75 1480.24 -5357.17 625.919 1594.23 5305.51 -4862.9
8.67053 0.702604 1.65524 2.52307 3.50623 3.92015 4.81585 5.53534 6.23496 7.16568 7.48392 7.85439 8.14913 286.465 -53.7652 -424.198 -338.031 42.3967 1125.36 442.692 -1807.37 -286.933 1004.61 1205.27 -1185.03
9.1212 0.734583 1.23111 1.83346 2.37506 2.48272 3.47782 3.90528 4.53969 5.49712 6.16227 6.95903 7.92729 510.185 223.842 -219.109 -589.547 -641.894 -287.172 468.596 1727.03 -127.797 -3010.17 2516.71 -559.149
9.71538 0.910722 1.69723 1.82661 2.58044 3.22936 3.47489 3.86164 4.58595 5.23789 5.83903 6.2914 7.14386 1845.1 -516.267 -916.028 -2367.44 -975.36 354.589 2896.59 4416.19 -4184.73 -7788.37 8766.88 -1519.53
9.10543 0.353091 1.26919 1.77372 2.64337 3.52025 3.63469 4.59171 5.05235 5.62366 5.98713 6.96207 7.95803 465.005 33.903 -298.396 -744.613 -248.649 -74.8296 1638.81 1420.67 -1032.26 -2824.02 2186.21 -510.314
8.86667 0.880606 1.37731 2.11154 2.70188 3.56716 3.85697 4.75811 5.28679 6.28283 6.61909 7.10833 8.09621 342.236 110.617 -308.605 -554.075 -246.848 104.312 1217.71 580.63 -2343.77 -1162.54 2818.42 -546.619
8.76269 0.713551 1.41309 2.12395 3.1078 3.95913 3.96531 4.92374 5.29081 5.85688 6.43573 7.34966 8.16772 292.646 39.265 -302.834 -552.749 36.4018 43.9233 1058.2 779.696 -829.819 -1900.84 1936.07 -588.489
9.52163 0.813486 1.72802 2.50256 3.38409 3.58385 4.25118 4.55104 4.77169 5.36454 6.33362 6.812 7.17948 1133.27 -543.618 -1727.08 -698.807 -2.93593 2301.05 2271.84 1334.03 -5239.92 -2482.85 7273.79 -3607.19
8.53592 0.814038 1.71803 2.37669 3.21608 3.733 4.61736 5.4845 5.65914 6.50504 6.91377 7.52889 8.38806 235.76 -17.5625 -239.909 -332.962 -116.203 696.408 477.536 117.605 -1408.17 -685.354 1777.74 -493.46
8.93191 0.573666 0.920122 1.63172 2.56941 3.48799 3.90483 4.87545 5.8211 6.0653 7.00966 7.23304 8.11471 304.005 172.414 -200.354 -691.013 -368.456 282.168 1990.5 -691.133 -1878.21 -67.6638 1652.25 -493.018
9.72396 0.845253 0.978696 1.03216 1.90551 2.40115 3.37495 4.2444 5.24417 6.13195 6.39627 6.59616 6.96645 915.419 619.844 495.699 -1692.82 -2408 297.111 5467.55 -4538.02 -5774.52 3000.76 7973.73 -4345.14
9.50095 0.584074 1.13683 2.02767 2.96113 3.86846 4.28798 4.31062 5.29939 5.91688 6.18488 6.87602 7.18583 843.554 174.723 -1201.63 -1667.08 557.504 1785.65 1829.15 -1358.74 -3299.99 -564.049 7052.5 -4140.01
9.40035 0.671072 1.37162 1.98483 2.34436 3.26958 4.04054 4.97631 5.38381 5.54721 6.31777 6.82111 7.4146 916.345 96.906 -751.97 -1133.93 -595.57 2064.33 2465.84 -886.21 -2582.88 -3183.39 5338.7 -1736.59
9.51117 0.741695 1.723 2.55691 3.34533 3.55206 4.09898 4.65777 5.37924 5.44084 5.78859 6.60945 7.36649 1018.1 -491.651 -1595.5 -798.042 -139.476 2122.43 3382.42 -905.12 -1526.42 -4362.61 4579.2 -1271.74
8.96633 0.435432 1.35047 2.25691 2.72664 3.39198 4.00396 4.68347 5.32988 6.14655 7.14188 7.58496 7.86397 365.067 39.8042 -390.215 -512.681 -297.726 419.01 1214.29 405.579 -2512.86 1141.41 1688 -1548.18
8.67959 0.901205 1.69184 2.64699 3.41721 4.2881 4.64213 5.3945 6.27073 7.05233 7.43822 7.56221 8.18837 282.731 -19.298 -443.245 -462.665 298.349 712.573 636.206 -1672.35 -696.625 860.496 1257.11 -741.827
9.16619 0.960177 1.49126 2.39258 2.92942 3.61426 4.37989 4.45623 4.88442 5.86986 6.45835 6.99433 7.67095 512.274 107.351 -659.295 -852.27 -349.114 959.321 1055.52 1074.04 -2806.61 -1549.74 3686.74 -1166.68
9.51554 0.969787 1.93626 2.37458 3.27388 3.3774 4.182 4.67833 4.92896 5.72887 5.84447 6.54458 7.23959 1103.76 -546.527 -1180.01 -806.953 -557.619 2094.9 2362.45 1330.74 -4446.61 -4390.7 6911.14 -1862.97
9.49533 0.913017 1.60618 2.40763 3.31385 3.84502 4.32494 4.52325 5.28784 5.53101 6.10107 6.59956 7.34825 1048.85 -193.652 -1645.53 -1338.62 451.599 2255.63 2629.17 -792.752 -3088.64 -3672 5773.47 -1415.94
9.7998 0.786417 1.74112 2.69758 3.53304 4.19895 4.63789 5.47695 5.50923 5.62072 5.64253 6.26026 6.87872 1649.3 -1180.81 -2907.48 59.312 4028.52 4057.07 -3430.44 -3534.52 -3470.98 -3372.35 11259.7 -3145.69
8.74821 0.459182 0.842928 1.83009 2.81102 3.53691 4.50325 5.41873 5.58764 6.20672 6.89966 7.64121 8.05618 218.273 125.822 -226.783 -493.744 -205.036 967.873 577.887 92.824 -1696.6 -334.555 2252.13 -1266.63
9.49314 0.973394 1.6712 2.659 3.1598 3.39185 3.9346 4.48829 5.21644 5.78904 6.44826 6.76029 7.21034 975.808 -263.189 -1573.74 -1093.94 -466.795 1755.39 3478.28 -259.133 -5947.59 367.539 5799.56 -2760.61
8.94657 0.990071 1.9282 2.79306 3.34396 3.52286 4.36183 5.00086 5.21008 5.67429 6.64489 7.11623 7.99591 457.96 -191.161 -633.266 -417.884 -221.047 1214.98 1219.22 561.98 -2069.41 -2315.91 3068.35 -662.304
9.04857 0.700385 1.53273 2.27179 3.12506 3.9031 4.46365 4.84656 5.348 5.53256 6.3735 7.12589 7.80951 479.195 -27.2362 -575.323 -764.041 110.061 1050.21 1219.14 8.09895 -854.057 -2756.83 3143.07 -1020.77
7.72194 0.758521 1.59264 2.55339 3.45324 4.10405 4.50022 5.49099 6.37311 6.76888 7.75204 8.60781 9.23111 74.3332 11.9402 -93.7914 -137.984 -36.5389 98.8392 400.805 -88.9124 -360.673 -136.099 582.229 -302.848
9.67546 0.47718 1.33626 1.70207 2.01987 2.94242 3.20304 3.53922 4.5084 5.31939 6.276 6.53445 7.18286 1536.06 -54.0031 -852.658 -1455.61 -1223.06 -271.332 1532.64 5104.79 -6092.11 -3429.78 7019 -1802.32
9.85987 0.301349 1.26998 1.5933 2.33481 3.07891 3.80106 3.88783 4.32465 4.58944 5.43103 6.42612 6.82914 1660.31 -147.399 -903.908 -2215.24 -1422.79 1648.42 1991.07 2546.92 1313.92 -9052.8 8912.77 -4319.63
8.79329 0.821585 1.48188 2.30256 2.9895 3.76456 4.5231 4.96113 5.54861 6.32174 6.45001 7.22175 8.19222 296.628 55.7646 -323.976 -505.757 -180.451 664.536 916.709 151.365 -1403.02 -1296.93 2123.78 -487.178
9.41576 0.68402 1.22954 2.12076 2.34688 3.19361 3.72209 4.43313 4.79311 5.78908 6.46124 6.83251 7.35854 727.086 226.043 -751.805 -932.744 -689.262 440.346 1961.01 1553.77 -4951.94 -492.649 4912.63 -1990.91
8.70702 0.90559 1.62974 2.51639 3.40412 4.35223 5.23587 5.54937 5.7782 6.69891 7.1908 7.41507 8.18279 316.399 -17.4041 -480.795 -454.537 711.915 1010.14 143.778 -792.096 -2201.06 508.873 1921.3 -655.053
9.63683 0.973746 1.94004 2.10918 2.6174 3.43496 4.28367 5.11105 5.32391 6.04843 6.49495 6.75899 7.01213 1654.04 -740.751 -1113.66 -1711.51 272.308 4640.43 137.521 -3045.24 -5604.9 4571.15 6270.04 -5317.83
8.66495 0.792509 1.66516 2.55309 3.03599 3.87226 4.67481 5.12747 5.42393 6.40091 7.30862 8.02597 8.20627 268.955 -6.13214 -327.434 -388.61 -15.9868 672.441 589.724 101.868 -2008.45 1236.61 1116.95 -1228.49
9.2584 0.838439 1.6572 2.33401 2.92935 3.23853 3.96878 4.644 5.2382 6.00887 6.79296 6.86662 7.62094 655.777 -61.7684 -667.983 -786.077 -539.621 956.915 2116.7 285.911 -4723.35 1400.54 2405.89 -1031.38
8.92192 0.746431 1.45074 2.1677 2.68811 3.62953 4.3159 5.27173 5.9053 6.35741 7.21228 7.35052 7.91748 394.409 64.1749 -364.063 -594.23 -221.273 900.836 1343.92 -952.949 -2140.12 1012.84 1584.55 -1016.6
9.01913 0.696019 1.18763 2.1775 3.15042 3.93168 4.06558 4.73082 5.6014 6.21618 6.35727 7.04468 7.9189 383.229 121.706 -587.859 -835.542 122.009 389.354 1568.58 32.7867 -1791.15 -1615.44 2925.5 -701.667
9.26606 0.871184 1.43265 1.98332 2.13211 3.06156 3.51979 4.39646 4.94193 5.62172 5.91064 6.75744 7.74413 695.94 170.958 -432.861 -585.885 -881.956 -255.177 2000 2063.31 -1775.94 -3432.62 3098 -652.218
9.37085 0.813675 1.34453 2.25076 3.22309 3.8595 4.17158 4.73685 5.12357 5.39408 6.01669 6.6662 7.53785 763.358 81.2794 -1265.9 -1290.43 426.701 1488.99 2192.27 563.486 -1658.26 -5007.51 4711.71 -994.119
9.58335 0.289489 1.18059 1.85925 2.26843 3.00785 3.4876 4.41305 4.67694 5.37786 5.94058 6.4443 7.35608 969.294 93.0587 -761.854 -1133.13 -798.667 415.204 2750.47 2188.74 -3662.57 -5000.57 6030.64 -1079.02
9.17354 0.9322 1.59876 2.29635 2.45293 3.27066 3.98218 4.23171 4.44526 5.38854 6.16499 7.0738 7.66603 642.495 88.7404 -569.309 -689.38 -746.535 338.315 864.301 1256 -65.6644 -3131.55 3312.31 -1288.19
8.26722 0.580954 1.43173 2.37238 3.07328 3.65271 4.26878 4.98641 5.86776 6.34313 7.25532 8.05582 8.65773 144.003 28.0075 -158.306 -236.89 -144.892 177.796 623.077 82.4981 -670.91 -405.834 1078.02 -505.183
9.86091 0.746572 1.52236 1.68172 1.87788 2.13859 2.81796 3.45931 4.08956 4.44305 5.25539 6.17557 7.13025 2253 -21.0154 -526.583 -1113.22 -1759.1 -1911.34 894.623 4273.72 3737.35 -10231.3 5496.88 -1081.34
9.07096 0.918748 1.79824 2.61622 3.53176 4.48406 5.1484 5.17557 5.87268 6.08114 6.25536 7.21574 7.61328 520.093 -174.138 -791.879 -473.801 1191.31 998.18 931.577 -1419.33 -1570.68 -1173.64 4232.26 -2258.43
9.43432 0.489484 1.07366 2.0728 3.02793 3.92884 3.98347 4.60149 5.21397 6.18326 6.58901 6.82497 7.31791 750.999 147.038 -1210.38 -1430.51 901.921 1079.04 2026.46 -1358.26 -5293.28 1480.33 5263.79 -2345.58
9.56106 0.654367 1.14136 2.02389 2.96271 3.69633 4.08599 5.03347 5.28604 6.01353 6.76645 6.81163 7.06453 1029.45 201.564 -1597.02 -1873.06 904.251 2908.79 1272.79 -1683.38 -5321.37 5345.82 4828.02 -6004.28
9.7494 0.950613 1.48397 1.76026 2.75814 3.39863 3.84934 3.938 4.90184 5.82819 6.04439 6.20971 7.14222 2081.25 -180.095 -1428.32 -3685.37 -695.527 3089.39 3774.05 -914.323 -11158.6 -810.317 11340.2 -1400.75
9.34364 0.905657 1.81968 2.706 3.24303 3.59111 4.10829 4.83188 5.48531 5.96616 6.74346 7.34437 7.44472 809.56 -384.72 -1227.82 -815.114 9.67704 1757.92 2647.58 -1469.75 -4343.04 3947.71 1808.81 -2729.23
9.36287 0.785696 1.73604 2.09763 2.9751 3.96956 4.54613 4.66348 5.44914 6.2798 6.7311 6.96305 7.36159 888.225 -259.11 -742.397 -1245.06 610.808 1676.69 1634.57 -2468.12 -3777.83 2160.14 4126.46 -2592.82
9.69158 0.900084 1.85587 2.15525 2.99373 3.09511 3.76648 4.4802 5.26563 5.40479 5.53597 6.30912 7.2753 1608.63 -724.874 -1380.12 -1407.61 -1127.48 2310.86 5523.34 -1126.63 -3185.32 -4856.61 5385.99 -1008.58
9.28299 0.444323 0.918766 1.8713 2.53184 2.67092 3.27391 3.96258 4.8011 5.29805 5.91854 6.8867 7.66295 475.672 245.604 -382.084 -665.181 -661.31 -212.462 1169.65 1970.15 -72.9012 -3970.24 3014.16 -899.505
9.0592 0.520332 1.33157 2.23801 2.84099 3.74042 4.67294 5.13753 5.5869 6.43645 7.27895 7.45679 7.65139 448.925 27.832 -555.525 -683.974 216.613 1538.47 740.753 -1417.47 -2115.75 3082.02 1571.92 -2842.31
7.93804 0.518793 1.48977 2.1931 2.93129 3.78349 4.5558 5.34287 6.18167 6.99442 7.70826 8.52825 8.9647 98.92 17.6361 -73.3413 -156.81 -107.884 166.599 394.292 -144.409 -537.909 105.899 736.497 -488.155
9.76793 0.938791 1.6174 1.92658 2.61704 2.8746 3.06877 3.09429 3.58112 4.45151 5.33479 6.23768 7.20703 1875.36 -243.827 -1163.63 -1921.2 -1367.99 -563.455 -432.761 2959.9 6646.9 -10178.2 5435.64 -1035.07
8.56452 0.801345 1.71094 2.6335 3.3435 4.32753 5.12725 6.04673 6.51381 6.5964 7.57179 7.98341 8.2476 231.089 -20.9721 -327.813 -360.813 319.452 947.577 -209.081 -760.161 -751.016 1144.08 852.149 -1053.05
9.74789 0.951036 1.472 2.30212 2.8642 3.23465 3.71944 3.9202 4.06277 4.92866 5.58103 6.37032 7.0541 1487.86 73.0647 -2081.54 -2232.23 -1229.73 1298.93 2465.88 3189.34 609.129 -8588.57 7011.17 -1991.67
9.51726 0.480381 0.995429 1.94151 2.45683 3.20194 3.61932 4.17417 4.91967 5.13955 5.83144 6.75439 7.23292 784.689 289.616 -886.971 -1291.36 -646.771 542.387 2360.69 1449.26 -219.2 -5622.28 5764.88 -2513.34
9.75281 0.454862 0.732209 1.6249 2.11772 2.91189 3.01104 3.64008 4.51625 5.22382 5.39841 6.29641 7.27833 1078.94 677.623 -967.36 -1726.31 -1132.11 -805.894 2539.77 5553.94 -2906.15 -5990.64 4593.44 -903.64
8.69027 0.608331 1.57596 2.53531 3.47603 4.29221 5.28874 5.62173 6.06302 6.14125 6.83155 7.35754 8.33164 281.766 -43.2889 -447.693 -371.585 537.725 1125.12 443.607 -921.263 -1127.79 -830.615 1783.29 -417.817
9.50581 0.464739 0.944642 1.11129 1.86905 2.41631 3.23785 3.87691 4.52749 5.52083 6.29188 7.07094 7.25613 795.203 298.725 92.8897 -941.32 -1426.01 -565.485 1619.43 2814.1 -4401.22 358.705 6210.29 -4843.73
9.05399 0.686282 1.52855 1.97959 2.8272 3.76719 4.18737 4.22315 5.02549 5.55302 6.54988 7.09594 7.87465 566.951 -29.6055 -432.342 -954.183 -161.077 690.994 763.83 1103.16 -1302.8 -2666.27 3264.59 -831.731
9.69493 0.201491 0.537861 1.21839 2.1042 2.80747 3.76434 4.2282 4.60172 4.94383 5.80132 6.44761 7.10091 824.283 508.015 -357.466 -1566.5 -1503.45 1359.11 2476.76 1653.08 -1152.26 -7704.98 7597.93 -2122.9
8.73958 0.92405 1.61166 2.41818 3.25489 3.54537 4.12654 5.12046 5.81954 6.00324 6.83075 7.31938 8.26763 323.327 7.21517 -411.898 -450.372 -241.878 573.901 1616.17 -480.519 -1273.69 -1214.51 2021.87 -458.145
9.78603 0.932341 1.32357 2.2016 3.09145 3.19108 3.88855 4.28844 4.31692 5.22349 5.65858 6.20458 7.02822 1378.72 274.318 -2225.4 -1878.13 -1509.12 2267.64 3609.3 3616.28 -5007.49 -7796.03 9042.75 -1761.2
8.73902 0.952242 1.90463 2.57933 3.11457 4.02574 4.86865 5.69591 5.8901 6.62452 7.5322 7.6611 8.0166 348.101 -78.9876 -390.857 -461.219 219.184 1240.23 50.9767 -600.844 -1542.6 1368.22 1295.13 -1435.87
9.53871 0.5901 1.50822 2.15173 2.74598 3.31965 3.80196 4.09308 5.036 5.7538 6.40764 6.62792 7.34502 1066.68 -163.38 -1117.2 -1421.81 -524.594 1205.44 2360.77 1259.28 -5803.79 -261.499 4777.97 -1366.3
8.13272 0.956908 1.3269 2.25022 3.20501 4.07794 4.95596 5.75378 5.94136 6.26148 7.13245 8.09642 8.75288 114.299 57.2423 -135.939 -269.188 -29.8675 527.487 280.108 19.5148 -479.239 -669.482 1056.76 -460.327
9.60993 0.353535 0.874338 1.80911 2.41694 3.08031 4.0478 4.6857 4.93075 5.46634 6.21443 6.71877 7.1043 858.766 331.208 -910.865 -1394.56 -699.298 2614.36 2306.03 568.345 -5349.66 -2082 7362.22 -3592.94
9.44656 0.121745 0.574952 0.685479 1.51283 2.33939 3.18756 3.92245 4.28742 5.21404 5.98489 6.88381 7.32566 519.809 270.226 193.735 -543.046 -1237.3 -784.822 1105.6 2034.22 -153.029 -4106.63 5143.27 -2430.45
9.06869 0.875571 1.79136 2.16538 2.70823 3.63782 3.99403 4.46916 4.65355 5.53549 6.46253 7.26431 7.70475 606.057 -95.5888 -420.375 -765.423 -341.537 235.55 1013.37 1163.64 -1094.62 -2155.09 3644.77 -1779.24
9.67544 0.838733 1.56124 1.58077 2.39123 3.26893 3.94825 4.56068 5.2574 5.69528 5.86739 6.65725 6.91776 1575.95 -318.445 -374.364 -2251.14 -1062.95 2579.15 3796.14 -2218.65 -4063.33 -2054.28 11509.8 -7106.29
9.37016 0.891961 1.82484 2.13649 2.95404 3.20186 3.70069 4.49689 5.27356 6.14406 6.37163 6.83446 7.33138 946.87 -330.7 -741.651 -962.394 -603.778 787.586 2957.93 -847.388 -4331.53 -1133.42 6853.68 -2583.64
9.17963 0.749228 1.00898 1.20973 2.16992 2.33324 2.90799 3.79242 4.46618 5.40058 5.95178 6.92552 7.91883 398.277 257.323 132.133 -544.98 -634.369 -703.963 449.899 1928.07 227.512 -3150.81 2159.63 -507.19
8.60225 0.798766 1.64901 2.49056 3.36377 4.11962 4.4714 5.16153 6.10152 6.79114 7.32404 7.48984 8.40891 257.571 -11.0266 -348.704 -438.956 70.6225 465.975 903.103 -899.407 -1279.32 502.813 1195.36 -406.592
8.93483 0.907791 1.60299 1.8973 2.50693 3.48432 4.47991 5.04588 5.10257 5.93405 6.91835 7.29866 7.95009 452.804 30.685 -183.394 -591.698 -520.249 882.376 918.333 816.76 -2730.3 -596.129 2404.78 -872.463
9.31674 0.722034 1.54983 2.49586 3.43178 4.05098 4.94222 5.32367 5.96957 6.64145 6.99244 6.99475 7.35057 759.149 -219.845 -1333.15 -569.695 1446.93 2280.51 -120.952 -4933.4 2.35388 2985.16 2985.61 -3271.12
9.81277 0.442282 1.32277 2.29164 3.01957 3.77248 4.35637 4.92231 4.96851 5.60974 6.25837 6.35083 6.91981 1488.46 -388.531 -2432.77 -1600.68 2504.82 4547.59 59.4321 -651.176 -9930.36 2989.05 6287.46 -2861.67
9.20656 0.567324 1.08353 2.04059 2.89529 3.36527 4.18627 4.87483 5.36105 5.82615 6.63324 6.9275 7.76326 475.074 161.653 -606.989 -862.459 -409.571 1435.37 1950.31 -160.247 -3424 -898.994 3120.93 -769.537
8.74451 0.961121 1.89212 1.99556 2.99097 3.87116 3.97434 4.67488 5.0465 5.99616 6.65615 7.32878 8.21617 362.997 -90.0223 -149.139 -571.914 -166.237 -50.5209 834.208 989.28 -1196.41 -1438.17 2010.52 -523.124
9.14697 0.918413 1.02868 1.23713 1.87404 2.14155 2.97336 3.64565 4.59482 5.51444 6.44801 7.1447 7.60862 398.287 318.428 153.475 -415.711 -637.213 -791.106 223.319 2315.84 -1235.18 -2767.07 4398.87 -1950.41
8.26748 0.917827 1.62025 2.21087 3.1487 3.68478 4.40615 4.93116 5.26145 6.18733 6.92127 7.79682 8.78011 150.177 28.8974 -105.623 -263.616 -208.033 127.643 419.626 464.579 -511.76 -792.857 982.866 -280.512
9.24595 0.944561 1.04534 1.79392 2.53774 3.36123 3.75038 4.73296 5.11744 6.10869 6.55316 6.95088 7.44866 474.453 378.385 -458.401 -1094.56 -455.145 528.669 2131.17 472.181 -5122.66 -95.408 5511.47 -2258.61
9.57766 0.880188 1.71869 2.02244 2.68174 3.50416 4.27006 4.49135 5.05831 5.8781 6.38855 6.50459 7.23495 1310.44 -304.334 -910.359 -1657.75 -205.27 2452.03 2522.36 -969.383 -7919.8 1927.66 5422.12 -1656.12
8.18285 0.734842 1.34906 1.52511 2.24161 2.99211 3.71246 4.54337 5.50633 6.4609 7.44534 7.92156 8.90799 125.196 41.9626 11.4576 -130.551 -236.364 -133.889 357.276 554.257 -887.81 -313.714 868.801 -245.248
9.43983 0.628175 1.31348 1.34474 1.73807 2.5821 3.38112 4.00473 4.67714 5.60924 6.43946 6.64842 7.56693 916.71 59.2574 12.8395 -594.868 -1536.36 -581.381 1713.94 2958.26 -4965.07 -1289.8 4118.81 -800.767
9.59402 0.755917 1.18086 1.73685 2.65784 3.1691 3.95988 4.53124 4.75922 5.39981 5.87756 6.83022 7.02307 1040.36 277.158 -866.206 -1829.46 -900.977 2298.4 2603.49 1334.84 -4764.82 -2134.55 10713.3 -7759.93
8.50661 0.740375 1.68285 2.54991 3.07323 4.05921 4.90965 5.73194 6.22219 7.16988 7.72713 7.80149 8.36795 225.927 -7.98877 -274.696 -343.154 102.627 871.988 190.921 -1019.9 -736.291 789.854 913.577 -701.44
8.54948 0.869316 1.85817 1.92172 2.46604 3.20553 4.00589 4.67934 5.43121 6.13535 6.6937 7.56059 8.4336 270.116 -27.4792 -50.8778 -246.136 -363.871 3.86387 655.182 673.627 -760.901 -1146.64 1434.37 -429.817
9.70592 0.605658 1.58256 1.6326 1.88826 2.72655 3.56757 4.28105 4.81987 5.362 5.5673 6.32747 7.24009 1614.4 -328.898 -443.311 -1010.05 -1896.32 569.952 3849.81 2649.26 -3662.01 -5851.44 5647.8 -1127.58
9.40571 0.900484 1.28795 2.10508 3.05907 3.93545 4.52273 5.397 6.0774 6.4483 7.03089 7.2076 7.27398 827.609 216.807 -1245.57 -1582.06 1229.51 2986.85 -1814.97 -4059.26 1650.5 6246.89 -146.958 -4297.79
8.98663 0.676183 1.18539 2.10493 2.93249 3.69543 4.40867 5.33967 5.77756 6.74356 7.13344 7.15581 7.96363 402.001 126.959 -526.637 -797.838 -9.73935 1554.64 852.063 -1834.86 -2263.22 1508.62 1728.47 -728.966
9.40596 0.967465 1.92872 2.44646 2.67155 3.20639 3.61553 4.46445 5.21988 5.49735 5.75693 6.74173 7.52183 971.04 -302.207 -858.821 -950.657 -531.455 519.081 3356.65 1091.14 -1607.63 -4109.22 3440.68 -1007.04
9.27805 0.910271 1.68145 2.43561 2.48922 3.41303 4.11571 4.92791 5.23292 5.80744 6.22434 6.96194 7.44758 746.773 -30.3432 -764.546 -796.586 -346.101 1326.41 1778.86 497.095 -2863.26 -2408.21 5041.05 -2169.59
9.52981 0.825441 1.62205 2.31587 2.70681 3.6097 4.23871 4.99624 5.87029 5.89145 6.53432 6.65609 7.17847 1050.06 -133.223 -1151.28 -1367.05 264.719 2563.25 1842.71 -4103.29 -4093.49 3014.58 4691.96 -2567.37
9.33721 0.88219 1.51237 1.74337 2.15411 3.11713 3.78424 3.94077 4.73585 5.59106 6.24918 6.82886 7.46092 918.266 56.9259 -307.298 -931.909 -1284 330.635 896.348 2745.4 -2434.85 -3516.78 5140.39 -1601.57
9.71235 0.902114 1.60502 2.29943 3.08969 3.87523 4.71019 4.92239 5.54513 5.84542 6.13093 6.30753 7.03953 1604.79 -443.104 -2234.12 -1590.01 2989.75 3663.45 1338.27 -7624.02 -6478.16 1703.33 9256.5 -2175.05
9.18286 0.841406 1.29588 2.23786 2.89782 3.82343 4.48249 5.37188 6.02516 6.15488 6.69528 6.92783 7.70905 511.178 162.449 -713.784 -990.535 214.638 1881.06 917.199 -2303.35 -2438.69 646.757 3058.54 -933.932
8.99981 0.636488 1.6059 2.07041 2.89736 3.55487 3.83055 4.68907 5.27328 5.95855 6.58992 7.33958 7.75641 465.214 -61.9388 -368.586 -647.723 -195.608 217.512 1487.42 664.337 -2161.69 -996.511 3378.71 -1769.63
9.20364 0.970281 1.87734 2.17551 2.91316 3.13021 4.09512 4.90316 5.35251 6.03711 6.87146 7.21172 7.51716 695.43 -163.858 -446.374 -730.336 -607.19 1282.84 1921.8 -135.567 -4117.78 1745.37 3025.22 -2458.02
9.63742 0.802196 1.48345 2.2006 3.07353 3.47974 4.21542 5.06997 5.35063 5.79047 6.77839 6.8005 6.96269 1428.99 -268.317 -2006.7 -1510.75 406.663 4644.05 773.904 -2760.3 -4037.03 7054.78 5772.94 -9486.61
9.20822 0.607265 1.46327 2.39329 2.67032 3.54322 3.7264 3.84038 4.06764 4.99638 5.9735 6.91322 7.79394 603.532 0.992442 -758.509 -867.252 -219.067 142.244 397.007 940.187 1578.6 -3800.13 2686.73 -692.791
9.80553 0.58168 1.35008 1.93758 2.45452 3.21284 3.2508 4.01768 4.59258 5.51181 5.81713 6.28962 6.91325 1576.94 -47.2503 -1398.11 -1988.49 -377.033 -205.761 3709.91 3152.81 -7299.81 -4990.89 10788.7 -2909.37
9.83341 0.876092 1.47131 2.0428 2.10809 2.87762 3.5739 3.7868 4.56415 5.49193 6.34839 6.37809 6.86261 2012.62 190.022 -1600.26 -1766.05 -2106.83 1205.95 2652.6 4210.8 -10320.4 4073.2 5024.67 -3564.74
9.72193 0.891493 1.47758 1.83564 2.41405 3.09739 3.85814 4.47228 4.51938 4.98646 5.65435 6.41898 6.97937 1518.04 89.1213 -850.05 -1953.24 -1423.6 1878.09 2909.02 2743.7 -1504.08 -9134.94 8696.32 -2956.76
9.76913 0.236158 1.01673 1.26449 2.01823 2.8698 3.33478 4.13238 4.66258 4.92499 5.83143 6.35901 6.96899 1423.31 107.838 -419.583 -1919.82 -1512.64 459.86 4216.41 1805.06 -2022.92 -9856.64 10574.2 -2843.49
8.27142 0.68793 1.47685 1.94163 2.67629 3.65577 4.18009 5.05938 5.55683 6.46973 7.29381 7.90008 8.68631 153.638 29.7101 -71.5362 -229.051 -193.472 57.3921 550.946 349.216 -990.896 -346.234 1091.05 -389.369
8.59751 0.447906 0.873163 1.50095 2.48021 3.27935 4.15774 4.45308 5.32959 5.98596 6.61089 7.53412 8.42945 174.092 100.953 -54.3913 -348.95 -385.005 174.106 473.829 738.043 -535.143 -1284.55 1362.22 -403.755
9.10697 0.742086 1.37361 2.3296 3.32115 3.95868 4.02983 4.30629 4.63263 5.6067 6.3444 7.01375 7.8273 504.123 44.1014 -835.525 -939.908 89.2808 247.99 871.382 1431.65 -943.07 -2742.02 3083.48 -799.966
9.62799 0.921861 1.61223 1.87083 2.45787 2.89822 3.87779 4.47615 5.24586 5.93012 6.56043 6.64937 7.01585 1366.47 -46.1617 -605.019 -1520.98 -1452.37 1976.14 3619.84 -2116.78 -6543.47 4387.22 5262.1 -4315.39
9.47088 0.580241 1.46291 1.80992 2.05777 2.13108 2.80957 3.77479 4.71981 5.65545 5.94965 6.81798 7.27365 989.027 98.4718 -318.928 -592.144 -663.328 -883.895 1078.14 2887.86 -2446.65 -3137.47 5543.06 -2542.56
9.41182 0.496102 1.28648 1.94506 2.60767 3.35633 4.21976 4.8701 5.58258 5.79798 6.56079 7.25662 7.40584 780.885 59.976 -696.978 -1149.54 -397.801 2123.93 2247.6 -2239.97 -3368.13 2643.59 3268.86 -3260.84
9.58851 0.90702 1.688 2.21948 2.47135 3.24393 3.81914 4.56461 4.80272 5.33126 5.82991 6.65926 7.08061 1272.34 -149.215 -1072.41 -1336.99 -680.463 1359.28 2845.66 1945.33 -2855.56 -5486.47 7764.56 -3594.47
9.85709 0.386095 0.682152 1.39461 1.93326 2.20059 2.81284 3.42666 3.62319 4.46389 5.34946 6.21787 7.14641 1313.31 858.437 -525.101 -1564.2 -1874.72 -1415.22 1224.71 2382 4202.3 -8850.44 5349.07 -1088.51
9.2052 0.34288 0.921416 1.36927 1.89842 2.7761 3.61887 4.40218 4.99994 5.58545 6.21658 6.93025 7.70751 477.731 194.156 -104.303 -508.246 -890.516 -69.3054 1534.81 1380.92 -1406.6 -3095.72 3435.86 -937.247
9.04308 0.836349 1.563 2.07019 2.57481 3.46523 4.41702 5.05898 5.52335 6.11408 6.71911 7.37285 7.70661 524.151 35.3267 -366.377 -675.176 -385.84 1275.36 1261.31 -480.805 -2630.98 208.364 3362.25 -2116.07
9.38027 0.132332 0.787283 1.20824 2.20763 2.40325 3.29463 4.02994 4.95231 5.85535 6.71342 6.76518 7.60121 562.227 234.123 -63.7759 -820.143 -892.728 -235.282 1665.9 1831.54 -4821.09 1279.7 2126.41 -855.318
9.64258 0.569063 0.75889 1.49384 2.47426 3.04894 3.74569 4.55956 4.75407 5.66452 5.96388 6.56315 6.98445 765.322 522.602 -641.096 -1755.39 -1027.96 1606.15 2669.24 1581.79 -6185.4 -3291.11 10138.1 -4370.67
9.36792 0.765563 1.27539 1.86729 2.53598 3.47435 3.88098 4.82039 5.03233 5.39237 6.20763 6.62628 7.60509 872.793 192.039 -745.845 -1488.39 -214.689 1329.15 2401.63 1000.1 -2941.5 -5140.23 5574.8 -828.303
8.75983 0.836389 1.61707 2.59269 3.11787 3.73184 4.53847 5.21248 5.97771 6.83753 6.93125 7.54386 8.04487 304.934 -4.57069 -422.854 -445.14 -58.0553 943.338 878.424 -1464.81 -757.254 -273.482 2445.08 -1134.14
9.56318 0.830694 1.79422 1.9664 2.10437 2.39458 3.24525 4.08262 4.72599 5.07738 5.99498 6.91013 7.09801 1564.25 -332.979 -654.312 -877.589 -1192.59 -93.5548 3111.36 1568.67 -2408.42 -3528.1 10295 -7440.12
9.5945 0.403481 1.20669 1.39112 1.72564 2.67882 3.62196 4.50935 4.99277 5.91091 6.39372 6.77073 7.04971 1229.49 37.5131 -300.501 -921.415 -1735.24 1059.15 3256.26 -359.837 -7571.5 2869.94 7622.53 -5174.79
9.60511 0.844588 1.08963 1.44435 2.24893 3.14728 3.8765 3.91804 4.58836 5.113 5.94692 6.55614 7.11488 983.877 501.684 -297.564 -2046.48 -1717.77 1428.69 1629.54 2814.11 -1660.97 -7264.29 8347.74 -2706.98
8.90553 0.756397 1.39459 1.80007 2.70158 3.61111 4.44446 5.09209 5.78272 6.06552 6.88342 7.57503 7.89657 388.25 62.6229 -200.084 -702.854 -349.361 1016.75 1356.59 -767.66 -1756.09 162.042 2458.41 -1657.13
9.41749 0.653145 0.784799 1.50709 2.41463 3.19722 3.99674 4.62918 5.39153 5.52077 6.05097 6.60107 7.58311 548.328 432.895 -371.043 -1345.07 -938.104 1476.89 2918.52 -755.573 -1861.24 -3699.68 4383.12 -777.474
9.19441 0.697018 1.17844 1.23626 2.22121 2.93895 3.832 4.66624 5.03607 5.83824 6.29728 7.0513 7.54384 432.465 120.452 76.8777 -717.595 -884.19 304.915 1646.36 1126.45 -2550.94 -2011.01 4384.38 -1916.62
9.64619 0.112735 0.218099 1.0111 1.62305 2.56852 3.56272 3.92362 4.64013 5.01176 5.96873 6.66413 7.05303 737.674 669.704 -222.909 -1139.18 -1878.55 608.881 2042.83 1929.82 -1318.13 -6102.67 8766.35 -4082.21
9.4086 0.19325 1.1124 2.0501 2.21013 2.90307 3.87875 4.78676 5.67559 6.13538 6.48607 7.33744 7.45763 741.441 118.859 -712.803 -809.029 -688.437 1528.09 2171.77 -3505.32 -2283.5 3407.9 3597.2 -3554.6
9.7924 0.274387 1.26636 2.12207 2.86213 3.46473 3.49876 4.27967 5.16382 5.67517 6.38323 6.68396 6.87518 1457.5 -325.219 -2062.54 -1842.55 699.121 897.853 4787.38 -1728.89 -6865.95 5560.19 5419.33 -5984.6
9.48634 0.974735 1.93963 2.86528 3.67456 4.02433 4.24341 4.96104 5.03038 5.87782 6.643 7.18473 7.24982 1129.93 -901.552 -2032.15 -172.592 1290.6 2074.12 932.449 375.59 -6923.16 6086.83 1255.46 -3103.93
9.4112 0.916765 1.82018 2.18316 2.29605 2.9106 3.69063 4.63217 5.00815 5.34643 6.13686 7.08252 7.2722 1178.95 -260.648 -772.89 -889.073 -863.972 1269.38 2863.47 492.625 -3085.78 -2017.24 7995.67 -5898.92
9.10274 0.885509 1.08233 1.20711 1.75097 2.57238 3.44769 4.05475 4.84957 5.35741 6.34458 7.10703 7.64144 373.112 229.086 128.968 -362.953 -968.931 -446.192 891.595 1685.42 -485.069 -3683.75 4357.88 -1707.64
9.73138 0.723976 1.15577 1.92552 2.72237 3.60505 4.47042 5.30316 5.64603 6.38995 6.47845 6.72768 6.91376 1285.65 332.937 -1630.05 -2370.42 1257.09 5569.96 -2472.45 -6862.49 2444.48 4099.58 3811.88 -5454.56
9.53345 0.829913 1.64072 2.35557 3.35069 3.7038 4.69546 4.85558 5.00922 5.56086 5.89211 6.67577 7.09078 1140.92 -404.764 -1667.43 -726.218 682.794 2788.52 2004.67 850.395 -4519.46 -4782.42 8575.5 -3930.91
9.22724 0.562802 1.45035 1.95664 2.88553 3.46518 4.15261 5.03225 5.4113 5.49888 6.41281 7.0563 7.53873 690.49 -77.5744 -612.686 -1007.97 -208.373 1762.44 1809.66 -695.43 -1436.22 -2987.19 4770.54 -1996.14
9.12882 0.331305 0.898129 1.66816 2.12183 2.95325 3.8553 4.84939 5.10868 6.10793 6.73919 7.16803 7.65027 419.515 190.401 -254.547 -523.778 -629.929 468.09 1320.11 658.299 -3588.53 161.156 3438.84 -1648.09
9.45343 0.894008 1.86018 2.58915 3.02402 3.59695 4.47444 4.54591 4.83916 5.27083 5.7284 6.53632 7.53427 923.362 -384.043 -1139.25 -1032.41 72.8378 2125.64 2103.97 1363.7 -1786.65 -5589.32 4138.8 -785.058
9.07633 0.550514 1.50984 2.25856 3.072 4.0671 4.8875 5.1985 5.74974 6.59437 7.42269 7.58677 7.68388 532.548 -87.1758 -656.356 -722.24 870.942 1480.31 503.793 -2577.28 -533.508 3701.11 402.657 -2903.28
8.43722 0.982277 1.26037 2.14375 3.13899 3.44603 4.08445 4.4046 4.99477 5.97433 6.87457 7.61727 8.61231 157.302 95.5622 -159.639 -342.431 -292.154 70.2836 355.145 766.062 -473.331 -1128.57 1285.42 -322.232
9.2068 0.775388 0.956538 1.69142 2.52472 3.10352 4.00484 4.54807 5.07427 5.35712 6.24422 7.15858 7.50074 431.911 308.773 -311.416 -899.66 -748.325 881.268 1660.69 527.73 -1082.39 -2923.18 5019.25 -2853.12
9.11538 0.510412 1.14749 1.99204 2.91249 3.81501 3.9468 4.67344 5.63312 6.07099 6.85925 7.06218 7.88265 467.123 114.029 -547.548 -972.183 66.9571 366.426 1959.86 -387.652 -2668.24 170.397 2110.28 -667.923
9.37363 0.883482 1.17918 2.00732 2.46592 3.44195 4.3333 4.37371 4.95211 5.17175 6.05104 6.67018 7.53684 689.179 362.041 -729.774 -1200.91 -601.129 1588.19 1639.17 613.984 -839.558 -5408.86 4909.87 -1010.64
9.67161 0.992817 1.43478 1.45965 2.18329 2.41726 3.02647 3.78837 4.69528 5.65897 6.30328 6.60048 6.96989 1295.22 241.098 178.269 -1448.84 -1713.87 -1078.29 2721.07 3807.17 -8905.19 1203.75 8137.97 -4426.74
9.64119 0.295825 1.09077 1.9543 2.91193 3.27714 3.85732 3.87286 4.52118 5.49971 5.99306 6.40877 7.27852 1028.53 54.8738 -1345.12 -1620.09 -793.337 1468.45 1532.78 2906.77 -4672.52 -3858.52 6527.87 -1218.08
9.73538 0.630316 1.59472 2.32092 3.22064 4.10219 4.69677 4.86126 5.71893 6.00366 6.24767 6.39486 6.92517 1515.7 -723.663 -2170.14 -778.628 3606.7 2078.3 232.697 -9236.06 -4222.43 4123.23 9203.33 -3617.43
9.41115 0.309234 0.634129 1.14165 2.05325 2.83027 3.78163 4.77224 5.47486 5.48562 6.18234 6.76923 7.43779 547.601 331.233 -101.659 -1018.33 -1128.65 1117.31 3086.29 -1359.98 -1456.33 -3455.14 4903.51 -1454.29
9.55041 0.656651 1.45473 2.16089 2.69157 3.49345 3.95466 4.90328 5.09127 5.83906 6.24658 7.14701 7.25142 1279.85 -185.059 -1499.01 -1711.62 594.805 2884.53 1307.11 -943.28 -6255.92 4047.03 6729.17 -6236.01
9.46053 0.733272 1.61778 1.88668 2.07732 2.46553 3.10565 3.94112 4.24904 5.16623 6.09759 6.73558 7.35558 1081.14 -8.7886 -382.033 -626.232 -988.546 -798.797 1311.67 2118.94 -540.861 -5046.97 5655.34 -1763.28
8.84391 0.731073 0.833447 1.17527 1.76834 2.25 3.11262 4.10782 5.03386 6.01662 6.3978 7.38081 8.05808 213.742 184.427 70.0266 -181.002 -393.029 -508.681 412.527 1366.87 -911.993 -1481.66 2001.04 -760.787
8.74542 0.558609 1.13919 2.10988 2.48241 3.45806 4.13059 4.79767 5.72798 6.11747 6.49916 7.49351 8.19307 256.442 111.313 -247.046 -376.967 -334.617 271.857 1041.54 222.145 -779.997 -1184.86 1668.85 -637.199
9.70317 0.772905 1.7412 2.01414 2.32709 2.36486 3.2596 4.07227 4.69322 5.46287 6.27588 6.73977 6.99232 1629.91 -269.918 -783.662 -1195.23 -1225.73 -51.0723 3371.14 2509.55 -6994.21 721.418 7454.83 -5155.41
8.37698 0.703916 1.45705 1.99083 2.74004 3.31683 3.38846 4.25237 5.14165 6.11482 6.92327 7.71395 8.66011 163.52 43.0768 -71.342 -207.023 -188.26 -172.582 293.73 780.157 -544.556 -915.571 1154.33 -324.073
5.15743 0.995987 1.81934 2.6427 3.58823 4.09327 5.00022 5.83225 6.62227 7.51871 8.4332 9.4237 10.0983 -344.499 61.7401 504.262 435.969 -112.665 -1370.45 -212.124 1951.23 60.908 -2408.69 2329.4 -884.379
9.46122 0.954425 1.41758 2.26263 2.69623 3.49941 4.48588 5.00096 5.2365 5.79573 6.55058 6.65428 7.36971 868.338 183.131 -1093.68 -1332.6 77.1677 3336.96 1589.3 -686.111 -6666.51 1364.17 3772.87 -1401.45
9.06432 0.844625 1.83867 2.75048 3.38736 4.26662 4.45522 4.73249 5.39967 5.96433 6.29884 7.14862 7.76064 479.838 -170.782 -749.65 -658.556 512.797 798.7 1072.72 216.363 -1649.35 -1707.75 3032.92 -1165.73
9.31061 0.627267 0.953145 1.76674 2.06155 3.00799 3.73124 4.67654 5.37465 5.54023 6.33483 6.98415 7.45122 612.784 352.886 -488.07 -787.938 -915.641 652.563 2826.12 -433.261 -1836.4 -2819.1 5028.74 -2181.12
8.55361 0.619848 1.01653 1.61513 2.57934 3.56781 4.30794 5.19689 5.49992 6.1871 7.07233 7.66072 8.354 179.611 95.3235 -79.6123 -388.546 -284.266 359.415 784.554 368.802 -1408.57 -642.405 1623.62 -596.483
9.57321 0.945833 1.05516 1.95559 2.73297 3.01108 3.77286 4.70927 4.77261 5.4405 6.36612 6.6329 7.20348 766.647 582.316 -1089.76 -1539.69 -1080.45 2051.9 2924.25 2434.69 -7397.82 -2043.44 6536.24 -2133.31
9.57271 0.807302 1.67142 2.577 3.23612 3.28729 3.44996 4.30957 5.14901 5.93558 6.07968 6.43989 7.23303 1206.25 -614.934 -1889.04 -576.222 -364.492 401.589 4614.13 -854.845 -6166.3 -3332.71 9260.31 -1672.14
9.6955 0.852223 1.68632 2.37028 3.04128 3.39198 4.38427 5.03484 5.62807 6.01959 6.30745 6.75949 6.92266 1544.36 -681.317 -2047.28 -1154.67 580.694 5545.08 -123.94 -7838.67 -2739.53 6701.52 7376.97 -7151.6
9.50748 0.573767 1.54166 2.1043 2.42196 2.9656 3.48694 4.04383 4.57714 5.45082 6.27997 6.71732 7.33459 992.327 -76.6157 -759.024 -1003.65 -872.109 156.468 1865.17 2462.8 -3592.08 -2982.76 5520.81 -1699.75
9.1708 0.720938 1.5663 2.43819 3.10813 3.50032 4.42057 4.47467 5.35763 6.23506 7.04008 7.58989 7.63421 534.654 -54.9025 -706.549 -707.332 -300.822 1334.8 1392.41 -512.854 -3368.97 3808.88 -14.149 -1393.64
9.1998 0.89916 1.46948 2.00423 2.68342 2.73065 3.26949 4.25093 5.09247 6.03398 6.68094 6.87729 7.73712 575.727 140.734 -314.093 -645.316 -644.502 -287.375 1814.46 1281.36 -4446.63 216.688 3124.62 -804.138
9.73162 0.689271 1.44581 1.78059 1.8235 2.55849 2.83376 3.45779 4.32793 5.25353 6.21542 6.36257 7.29569 1752.74 34.4016 -785.222 -882.503 -1694.12 -1288.84 1570.43 5867.68 -6976.37 -2535.5 5889.55 -940.632
9.14548 0.762061 1.57036 2.44461 3.30589 4.1672 4.79238 5.44364 6.1936 6.5744 6.62426 6.88409 7.80165 575.845 -94.8727 -882.773 -738.126 1036.12 1827.78 -595.558 -3538.99 -594.936 33.4458 3728.55 -744.953
9.67793 0.824637 1.27058 1.75143 2.26609 2.84153 3.17886 3.91777 4.80656 5.49982 5.62903 6.33372 7.21251 1256.13 378.247 -680.045 -1562.77 -1459.24 -524.985 3476.5 4047.99 -4531.36 -5629.37 6536.81 -1296.29
8.62438 0.973214 1.21637 2.20095 3.09536 3.78511 4.76071 5.66788 6.38512 6.54906 6.63853 7.63418 8.1368 192.918 118.448 -264.826 -444.63 -103.292 1000.36 437.787 -794.573 -701.948 -566.845 2216.41 -1078.37
8.93465 0.995489 1.86176 2.71099 3.07158 3.73884 4.35296 4.72554 5.09892 6.01355 6.85598 7.19923 8.031 421.114 -70.8905 -528.858 -567.456 -155.055 665.104 995.089 756.172 -2575.14 -528.424 2216.34 -616.497
9.45347 0.945156 1.84196 2.57337 2.85992 3.59533 4.12791 4.78105 5.36834 5.9772 6.34022 6.57365 7.45755 1014.06 -361.441 -1216.3 -1210.97 246.831 2146.07 2468.65 -1989.84 -5212.98 -276.95 5457.54 -1053.1
9.48937 0.964155 1.70791 1.94882 2.63262 2.71584 3.26926 3.60179 4.58438 4.97873 5.94158 6.57174 7.28182 1132.14 -120.244 -520.364 -1101.77 -1074.77 -120.673 1064.69 3087.89 295.181 -8088.62 7248.94 -1790.81
9.08296 0.88783 0.933946 1.80486 2.60938 3.28355 3.77733 4.64029 5.3899 6.03543 6.12922 7.00404 7.83296 306.907 283.069 -281.224 -728.322 -528.712 190.429 1868.89 823.832 -1943.96 -2092.42 2896.09 -783.065
9.05358 0.876717 1.78772 2.32676 2.67577 3.22397 3.92654 4.33464 5.23735 5.68543 6.37982 7.36773 7.69776 574.396 -66.647 -461.003 -615.193 -501.312 487.024 1264.68 802.793 -1228.28 -1718.49 3752.95 -2279.4
8.92157 0.949121 1.08424 1.09945 1.47476 2.35003 3.08302 3.76817 4.74022 5.67359 6.40739 7.35849 7.85649 216.648 152.315 144.732 -61.7239 -566.284 -611.946 125.281 1738.52 -468.522 -2223.14 2930.57 -1364.96
9.34057 0.802442 1.74776 2.32022 3.03568 3.68474 3.71537 4.34337 5.02884 5.95124 6.04518 6.88207 7.37084 804.02 -241.657 -881.374 -1005.65 108.034 188.169 1854.72 1435.15 -2829.79 -2635.74 5572.49 -2356.81
8.34202 0.45142 1.22859 2.18394 3.16019 3.76536 4.31167 5.05505 5.53423 6.30698 7.0939 7.82856 8.62162 139.618 38.7386 -155.499 -270.865 -131.042 181.124 561.273 332.114 -858.683 -590.091 1172.01 -407.298
9.65182 0.227483 1.11076 1.85329 2.23331 3.17964 3.56682 3.64694 4.55518 5.15042 5.7415 6.39646 7.32554 1195.15 114.383 -1099.27 -1569 -737.42 739.483 1102.31 3510.33 -1033.8 -6758.54 5578.27 -1030.3
9.05871 0.721702 1.64146 2.38654 3.07209 4.03481 4.36895 4.52361 5.28871 5.61586 6.07609 7.03949 8.01724 506.481 -57.3809 -612.618 -821.614 179.049 782.471 1025.08 660.219 -634.76 -2514.4 1985.78 -486.8
9.26535 0.764157 1.5192 2.40566 2.71167 3.34153 3.89055 4.82814 5.13717 5.8383 6.21722 6.72839 7.66685 634.732 -0.276461 -749.31 -823.141 -305.834 930.566 2011.8 859.509 -3453.59 -2735.56 4474.37 -831.724
8.855 0.476976 1.4114 2.1727 3.12882 3.96384 4.174 5.0532 5.53532 6.36936 7.275 7.40849 7.98914 340.727 -3.54588 -394.734 -593.03 116.963 422.759 1111.69 44.1427 -2519.51 938.853 1489.5 -942.326
8.87011 0.852555 1.40582 2.00026 2.88485 3.0163 3.84267 4.77119 5.72544 6.63193 6.88842 7.84054 7.99831 393.461 92.5867 -287.809 -562.073 -522.276 457.147 1789.73 -1630.25 -1293.02 1263.97 2593.71 -2283.69
9.56684 0.940791 1.13735 1.80415 1.90945 2.81657 2.98827 3.28272 3.98545 4.79443 5.65273 6.64133 7.19113 900.458 590.01 -587.056 -762.488 -1249.22 -986.06 -187.705 2928.56 3055.09 -7179.88 5713.52 -2223.64
9.02061 0.717385 1.54095 2.51324 3.14031 3.29305 4.23579 4.70082 5.56756 5.71716 6.12978 7.09784 8.01108 403.078 3.21962 -527.27 -528.7 -442.196 902.177 1571.88 30.2131 -649.739 -2199.26 1984.42 -536.306
9.42208 0.667339 1.46988 2.34673 3.29603 4.05543 4.71303 5.04399 5.46164 5.86242 6.13391 6.97796 7.22979 884.51 -191.548 -1415.65 -864.863 1585.35 2277.97 854.388 -2129.61 -3010.66 -490.775 7426.82 -4914.36
8.60683 0.318426 0.989111 1.77374 2.46448 3.45892 3.87339 4.60011 5.14212 6.03674 7.03279 7.65447 8.34158 202.785 85.7464 -128.465 -329.649 -284.679 -26.1913 635.323 738.324 -1117.75 -751.275 1570.53 -583.266
9.13946 0.79573 1.62457 2.30447 2.92175 3.87336 4.06231 4.3773 5.21021 6.15375 6.63725 6.92622 7.83568 613.755 -52.1942 -680.354 -946.177 127.704 536.99 1185.99 594.488 -3537.27 -397.737 3267.24 -700.914
8.97685 0.792053 1.35575 2.17035 2.22943 2.70422 3.43159 4.19051 5.18846 6.06259 6.2953 7.07961 8.01947 411.721 157.759 -296.338 -326.091 -490.134 -236.322 891.157 1433.32 -1571.55 -1800.13 2402.84 -564.723
9.61357 0.309144 0.518573 1.27507 1.5838 2.46624 3.28331 3.58685 4.51239 5.00164 5.79467 6.72846 7.04677 826.58 615.314 -375.245 -848.881 -1674.97 -187.739 1036.43 3202.19 -89.6883 -6269.72 8649.46 -4872.13
7.99205 0.332712 0.912652 1.88109 2.75201 3.631 4.41677 5.26225 5.88788 6.60872 7.5164 8.17947 9.06172 79.5591 44.7108 -54.7871 -156.86 -135.247 119.593 405.296 105.013 -596.008 -253.539 699.051 -245.437
8.74795 0.94361 1.90077 2.78151 3.22275 3.73335 4.3116 4.87692 5.6773 6.30289 6.72594 7.53703 8.0465 317.752 -79.8197 -420.005 -412.347 -123.005 533.33 1045.72 -40.2084 -1355.12 -671.686 2320.92 -1104.05
9.08729 0.907889 1.71418 2.50339 3.46542 4.18652 4.62862 5.08305 5.14089 5.47512 6.23879 7.22571 7.6179 564.564 -136.605 -845.451 -653.501 641.34 1236.99 695.365 507.512 -1031.86 -2925.91 4208.38 -2249.31
9.30096 0.934812 1.86453 2.30128 2.54189 3.39556 4.13727 4.47792 5.445 5.63904 6.48841 7.05204 7.5028 892.977 -183.163 -695.776 -900.911 -582.07 1277.02 2091.53 -573.163 -2000.58 -1583.4 4229.06 -1959.97
9.72216 0.562527 1.34043 1.52568 2.42814 3.22009 3.44415 3.9452 4.53864 5.25838 5.82428 6.67132 6.89861 1546.45 -178.357 -658.467 -2365.07 -881.154 218.728 2962.22 3439.12 -4158.54 -3824.68 11638.1 -7726.73
9.47884 0.982405 1.61533 2.321 2.73151 2.80241 2.91442 3.45331 3.84395 4.71733 5.69317 6.64328 7.41957 960.82 86.7156 -789.49 -890.655 -854.951 -760.529 395.774 1819.52 3150.37 -6084.32 4130.46 -1152.13
9.16131 0.257419 1.07299 1.8221 2.4125 3.19904 4.13092 4.84558 4.85723 5.7311 6.10812 6.94352 7.82614 432.354 123.849 -301.531 -610.764 -569.916 606.905 1156.6 1148.12 -1561.29 -2407.69 2680.48 -685.587
9.30165 0.80509 1.32468 2.00091 2.25752 3.09494 3.5801 4.21363 4.5538 5.45975 6.33435 7.20187 7.43502 752.052 221.641 -585.847 -844.711 -878.607 -21.6531 1579.63 1911.78 -2520.73 -1274.54 5552.5 -3879.95
9.35872 0.74432 1.50419 1.96066 2.57942 3.06385 3.4848 4.39751 4.41143 5.20539 6.14251 6.8914 7.36926 759.168 28.6288 -468.781 -902.695 -737.225 -84.7555 1760.26 1766.73 -1053.84 -4333.65 5667.44 -2389.72
9.53232 0.74579 1.6643 2.2085 2.84696 3.56475 4.307 5.23073 5.7338 6.1187 6.63713 7.04088 7.17303 1139.11 -322.559 -1181.13 -1385.92 412.919 3457.68 306.109 -4012.4 -2677.64 5774.09 2711.78 -4210.45
9.79801 0.784469 1.23343 2.19282 2.77503 3.01384 3.90772 4.64797 5.1497 5.37145 6.1272 6.19953 7.17394 1411.81 255.559 -2132.31 -1912.25 -1091.43 5065.37 5197.55 -3455.62 -8216.05 939.574 5011.06 -1061.64
9.10058 0.375493 0.581558 1.50457 2.42743 3.10737 4.04382 4.82877 4.99408 5.17883 6.17386 6.96145 7.8559 299.474 231.004 -199.643 -646.003 -546.332 655.893 1014.95 660.324 16.0437 -3812.34 3047.2 -709.052
9.78379 0.711749 1.68003 2.02331 2.8475 3.78587 4.3309 4.39214 5.02827 5.56226 6.53994 6.60889 6.81658 1740.28 -660.813 -1525.3 -2131.29 1394.48 2966.95 2911.22 -1885.11 -7172.04 6856.05 5389.44 -7872.25
9.67841 0.852294 1.0772 1.16212 1.79975 2.5882 3.30006 3.64946 4.57808 5.39438 6.38809 6.39075 7.30387 1071.57 525.164 303.05 -1474.32 -2630.39 -402.489 2025.78 5736.27 -8580.7 2139.63 2285.73 -987.693
9.04292 0.764437 1.10589 1.70509 2.41863 2.54332 3.13159 4.01386 4.83275 5.68782 6.52617 7.51887 7.74558 408.025 233.767 -140.932 -523.835 -553.827 -394.435 940.966 1577.14 -1950.4 -572.959 3741.42 -2753.42
9.27801 0.497715 1.24997 1.40147 2.18677 2.99168 3.87547 4.7819 5.1049 5.92373 6.27442 6.7052 7.66746 626.689 56.6421 -87.0128 -826.881 -911.958 778.261 1926.53 750.442 -3990.73 -2244.69 4746.78 -812.518
9.33491 0.67001 0.96103 1.45855 1.74151 2.20321 2.97297 3.68088 4.05682 4.8972 5.87339 6.79739 7.61689 615.373 388.194 -94.9795 -401.063 -858.301 -993.899 257.517 1349.24 1969.91 -4651.1 3327.03 -896.355
9.36374 0.9044 1.73035 2.61572 3.02091 3.21485 3.63847 4.21824 5.19735 5.42969 6.38024 7.10621 7.35077 928.753 -332.319 -1274.66 -974.719 -577.553 852.424 3246.09 251.15 -2488.36 -1820.95 6515.88 -4314.18
9.01639 0.361368 1.10384 1.86059 2.85867 3.21303 3.91253 4.62822 5.51763 6.01589 6.39645 7.16282 7.882 350.247 90.0908 -293.951 -600.386 -467.27 386.951 1539.9 345.222 -1508.68 -1625.77 2659.32 -864.158
8.44583 0.943407 1.5752 1.70476 2.35564 3.0739 3.9843 4.76408 5.61893 6.06567 6.99626 7.78061 8.43706 219.885 39.6486 -4.8342 -238.61 -386.236 -3.10684 770.312 388.609 -724.699 -990.663 1549.06 -607.951
9.11771 0.953832 1.25794 1.92013 2.90857 3.77555 4.52688 4.9057 5.29431 5.55706 6.36422 7.22186 7.57462 480.506 210.746 -487.891 -1117.53 -26.1267 1560.82 1425.75 -68.0859 -1681.61 -2354.95 4707.2 -2637.3
9.21141 0.820118 0.896938 1.78641 2.65937 3.17896 3.46461 4.18928 4.57677 5.37174 6.08605 6.81052 7.80636 371.817 325.416 -350.229 -849.602 -636.475 -260.143 1274.36 1827.54 -462.099 -3788.88 3185.2 -625.374
8.42387 0.983932 1.67519 1.90887 2.6684 3.40465 4.12189 5.03659 5.59582 6.18029 6.99246 7.63843 8.56857 212.223 23.8792 -53.1899 -288.235 -304.05 115.163 821.657 363.814 -987.03 -920.896 1399.39 -371.309
9.43582 0.942076 1.24962 2.09882 2.30719 3.30136 3.80538 4.58701 5.50612 5.98649 6.45897 7.01644 7.26331 851.245 410.949 -955.369 -1217.28 -733.416 971.55 3259.29 -2035.86 -3831.12 1819.78 5517.41 -4045.6
9.81418 0.176678 1.02565 1.7963 2.73689 3.40602 4.2899 4.86502 5.37408 6.06785 6.22954 6.98651 7.04003 1544.06 -41.6569 -1902.47 -2190.31 1043.79 5689.09 774.896 -9071.07 -1411.73 6633.24 3712.17 -4768.38
9.30496 0.895957 1.69964 2.50136 2.88502 3.19933 4.16296 5.14347 5.69795 6.4313 7.1148 7.14381 7.36573 777.527 -161.431 -909.384 -835.902 -417.113 2579.58 1398.56 -3421.08 -1219.14 3648.19 3165.56 -4593.82
9.55118 0.35326 1.35169 1.72208 2.46874 3.13711 3.42643 4.20829 5.06206 5.41602 6.13136 6.76682 7.17018 1078.26 -124.437 -676.758 -1395.57 -643.654 273.1 3392.94 951.109 -2941.34 -3730.93 7183.34 -3354.47
9.64574 0.922643 1.32645 1.98522 2.00415 2.56969 3.45322 4.42496 5.26747 5.51519 6.17662 7.16667 7.2387 1483.55 524.62 -1121 -1161.29 -1817.94 818.35 5539.8 -2481.12 -5715.7 3990.88 5630.2 -5678.74
9.29635 0.845131 1.35552 2.09797 2.76024 3.59284 4.11614 4.6815 5.27033 6.18155 6.2992 7.07637 7.36486 726.744 143.282 -818.727 -1230.07 -63.904 1394.04 1834.3 -1130.46 -2544.97 -973.49 6761.03 -4086.23
8.84815 0.884299 1.3888 2.27576 3.2528 3.75028 4.12429 4.585 5.49375 5.86837 6.60757 7.49196 7.9208 350.253 78.669 -509.571 -669.028 -183.543 443.85 1245.51 448.444 -1084.45 -1466.01 2845.98 -1488.62
9.46516 0.812251 1.53315 2.14953 2.86053 3.55319 3.74229 4.68018 5.48351 5.90213 6.86844 6.94589 7.17056 1014.69 -98.585 -1108.06 -1441.11 147.683 909.902 3517.67 -1849.64 -4048.07 4583.18 3530.52 -5146.6
9.72734 0.992259 1.49431 1.66373 2.25789 2.85676 3.7323 3.95301 4.8651 5.36942 6.31159 6.4324 7.19545 1832.66 161.713 -445.716 -2302.68 -2618.32 1960.37 3642.97 2618.12 -7899.88 -891.651 5285.81 -1331.77
9.62801 0.439294 1.0568 1.91182 2.70205 3.60867 4.46196 5.01599 5.47401 6.25453 6.48783 6.56156 7.18758 1043.58 185.99 -1317.8 -1809.62 979.316 4073 688.761 -5878.04 -3661.27 2789.42 4850.83 -1932.56
9.41439 0.920169 1.72869 2.54985 2.84917 3.71367 3.97326 4.25407 5.06671 5.37337 5.81383 6.63287 7.61147 952.084 -190.846 -1249.58 -1335.2 185.414 1081.31 2018.26 1395.99 -997.954 -4640.4 3510.06 -717.566
9.42812 0.94981 1.54457 2.45418 2.96792 3.80601 4.32622 4.65151 4.75046 5.09904 5.91108 6.75457 7.29525 819.105 10.2431 -1188.36 -1258.14 362.916 1567.24 1466.52 1204.16 -724.67 -5880.25 5872.73 -2239.92
9.55261 0.450103 1.05771 1.10774 1.67067 2.34767 3.02532 3.97342 4.36128 5.29909 5.75755 6.61214 7.36932 822.201 214.893 154.682 -594.653 -1361.12 -1182.08 1643.68 2808.65 -808.997 -4697.48 4207.84 -1196.03
9.59697 0.940402 1.81452 2.64033 3.07848 3.72277 4.31449 4.34525 4.73596 5.19898 5.89968 6.53441 7.1357 1188.52 -533.95 -1673.6 -1372.22 553.489 2276.03 2295.88 1372.97 -2855.22 -6501.28 7634.31 -2373.34
9.0416 0.816891 1.56825 1.92674 2.51194 2.96424 3.95871 4.88541 5.77097 6.18859 7.02625 7.10743 7.91508 493.772 53.5508 -200.008 -555.842 -631.674 476.776 1967.21 -827.605 -2531.46 911.842 1544 -689.043
8.985 0.868632 1.86258 2.56771 3.4799 4.35637 4.95901 5.54371 6.37328 6.52669 7.02214 7.56197 7.7605 497.723 -205.189 -689.461 -467.021 979.82 1279.4 -559.77 -2066.56 -1271.11 2633.04 2126.88 -2246.26
8.58818 0.804106 1.78721 2.68499 2.94992 3.90925 4.69184 5.32992 5.94479 6.8541 7.57881 7.95746 8.22195 257.981 -29.2812 -311.869 -344.012 24.328 730.974 586.875 -831.183 -1137.73 1227.94 1007.42 -1169.99
8.25367 0.99562 1.88349 2.19856 3.0406 3.89826 4.85056 5.32989 5.69095 6.37567 7.3578 8.10745 8.60211 182.642 -13.1952 -98.5226 -275.6 -136.753 436.819 464.008 119.142 -983.575 -215.729 1176.58 -644.429
9.73482 0.92272 1.38435 2.1296 3.12341 3.60982 4.28416 4.52956 4.61423 5.47532 6.16753 6.41399 6.94221 1465.62 90.3361 -2203.49 -2061.67 338.925 3259.6 2684.59 2139.45 -10696.9 -776.365 9019.03 -3247.48
8.83085 0.583225 1.26081 1.94989 2.52437 3.52109 4.23768 4.76511 5.3894 6.09386 6.91903 7.54355 8.01123 325.328 92.2613 -238.705 -495.205 -371.691 436.431 985.582 405.454 -1811.55 -383.634 2202.55 -1135.34
9.36368 0.538891 0.676686 1.35459 1.95725 2.93618 3.89935 4.74998 5.52993 6.24675 6.81115 6.91221 7.37771 516.854 416.96 -210.56 -868.353 -1156.64 1058.31 2594.56 -2040.78 -3961.83 2545.02 3411.63 -2293.62
8.942 0.835744 1.67702 2.29291 2.58679 3.47346 4.33366 5.28633 5.5233 6.40071 7.33171 7.5132 7.7709 476.182 -14.1841 -411.059 -540.494 -250.981 1151.32 761.712 -234.707 -2606.07 2251.59 1666.31 -2238.13
8.82375 0.759067 0.964424 1.81916 2.28606 3.11859 3.99111 4.75652 5.40457 6.19307 6.4994 7.45353 7.98017 244.99 183.708 -159.556 -362.157 -482.788 164.964 1004.42 532.506 -1308.45 -1116.06 2435.58 -1125.67
9.78486 0.24201 1.20422 2.12726 2.8731 3.4468 3.47833 4.11297 4.93443 5.86472 6.31237 6.63407 6.861 1496.24 -322.121 -2269.62 -1848 757.686 944.796 4159.93 -1302.67 -8456.21 5312.72 8360.28 -6821.41
9.79882 0.463416 1.14692 1.95968 2.87438 3.11828 3.81851 4.371 4.96817 5.00902 5.71769 6.22996 7.05575 1457.66 25.8064 -1939.68 -1851.67 -940.943 3256.41 4786.67 -1135.82 -1842.76 -9139.26 9007.88 -1672.66
8.93338 0.881346 1.5181 1.99091 2.41699 3.23844 4.14817 4.70199 5.69318 6.56445 6.74173 7.36076 7.85412 456.984 84.7876 -249.767 -525.379 -608.043 554.971 1352.97 -793.556 -1534.96 -500.613 3196.66 -1422.56
8.89639 0.591753 1.18999 1.88265 2.78713 3.49624 4.27528 4.89457 5.5889 5.79529 6.7801 7.76539 7.96742 371.363 102.71 -316.604 -700.324 -327.695 938.614 1456.57 -562.935 -1532.76 45.5469 2661.1 -2124.1
9.25962 0.973921 1.69653 2.05709 2.58262 3.46662 3.93508 4.76598 5.09595 5.46882 6.37603 6.84133 7.60506 885.858 -73.7997 -586.173 -1117.46 -395.147 986.378 2281.72 792.148 -2609.09 -4012.67 5008.61 -1148.83
9.44641 0.979957 1.38018 1.51608 2.27823 3.12537 3.75756 4.46939 4.91837 5.38697 5.71022 6.69128 7.40152 846.713 196.858 -47.9394 -1369.64 -1439.01 469.322 3061.21 2382.74 -1755.86 -5242.49 4234.9 -1325.23
9.76056 0.768099 1.12107 1.80789 2.59332 3.54124 4.21167 4.24736 4.35521 5.15697 5.45701 6.43309 7.03973 1255.59 505.862 -1255.82 -2667.07 -601.004 2457.47 2550.39 2733.9 -2479.3 -6339.05 5976.27 -2125.62
9.74179 0.920645 1.51374 1.86355 2.83238 3.10159 3.93075 4.56157 4.79856 5.45699 6.24298 6.44878 6.94248 1617.53 -122.417 -1186.93 -2144.89 -1361.98 3491.88 3953.72 1577.23 -10592.8 66.3377 8022.87 -3308.97
9.71124 0.690343 1.38388 2.02691 2.6553 3.08877 4.05175 4.50589 5.12262 5.29371 6.06146 6.63885 6.95197 1340.71 0.56882 -1308.8 -1702.61 -872.66 3519.05 3819.97 -1918.27 -4313.92 -2709.68 9363.35 -5206.1
9.04873 0.820458 1.80329 2.56881 3.39769 4.22999 5.229 5.50674 6.50499 6.50509 6.8714 7.2707 7.649 573.426 -259.096 -839.581 -443.631 1440.02 1002.81 -633.54 -2075.19 -2074.34 1652.18 3981.54 -2313.08
9.12624 0.774471 1.43477 2.27339 2.9382 3.64107 4.40701 5.00194 5.5977 5.92042 6.75812 7.67072 7.79237 536.411 49.9274 -668.77 -856.531 -70.1722 1628.56 1640.59 -1166.91 -2806.68 1760.15 2238.67 -2273.71
8.89674 0.529462 1.18246 1.91584 2.91569 3.27651 3.49778 4.27766 5.27205 5.58497 6.3397 7.17609 8.06995 318.646 80.7507 -280.134 -516.226 -334.559 -117.464 1143.52 1033.06 -250.546 -2803.46 2323.37 -585.462
9.72388 0.654871 1.49652 2.30196 2.7169 2.73869 3.64609 4.48774 4.64012 5.36341 6.02922 6.82343 6.96181 1415.03 -287.362 -1521.77 -1245.83 -1205.08 2594.65 3272.41 1956.53 -8421.56 1751.4 10263.7 -8560.49
9.19682 0.756203 1.59579 2.50447 3.06516 3.92553 4.30534 4.81944 5.12896 5.89556 6.72529 7.23426 7.56627 580.976 -76.9372 -823.929 -856.6 347.172 1085.38 1277.53 441.306 -3634.77 466.99 3453.8 -2249.38
9.8103 0.955518 1.70365 1.85664 2.28523 3.2521 3.83829 4.29476 4.41378 5.34658 5.57019 6.22912 6.98634 2133.19 -393.513 -935.694 -2232.57 -1729.2 1477.34 3486.5 3563.64 -5158.14 -6743.3 8524.86 -1981.49
9.54275 0.739318 1.60125 2.32415 2.72693 3.15291 3.41934 4.29673 4.45302 5.2021 6.02823 6.75963 7.11991 1014.52 -176.942 -1064.23 -1110.83 -544.719 149.001 2526.21 2459.75 -2576.66 -4640.4 8104.89 -4129
8.4408 0.921316 1.45302 2.39111 2.95893 3.67223 4.65875 5.59615 6.51435 6.73234 7.23482 7.84586 8.38524 176.756 60.9982 -198.152 -294.227 -152.681 620.6 520.797 -845.981 -776.669 190.443 1449.47 -739.938
9.59951 0.698972 0.699213 1.21768 1.70266 2.58029 3.54222 4.42512 4.98576 5.5978 5.75465 6.6501 7.0814 666.552 666.252 -83.6439 -911.058 -1851.9 234.586 3506.03 1703.61 -3703.91 -4225.74 7445.2 -3434.38
9.4572 0.589284 1.13612 2.13008 2.57781 2.69449 3.54045 4.49461 5.46966 5.73116 6.01727 6.75235 7.35033 682.742 242.809 -703.635 -870.94 -847.277 541.823 3287.44 -528.808 -2249.66 -2713.93 4917.2 -1746.18
9.71047 0.466896 1.23322 1.89793 2.78768 3.64086 4.20934 4.84077 5.47453 5.78226 6.04016 6.53741 6.94663 1294.86 -27.7211 -1426.8 -2046.06 829.404 3339.06 2027.08 -4118.68 -4334.8 -761.726 9563.7 -4326.71
9.41269 0.8357 1.40106 2.2076 3.05182 3.51185 4.48574 5.40431 6.29615 6.4226 6.63918 6.83965 7.277 884.266 17.5813 -1276.75 -1160.89 218.173 3935.72 -2458.88 -4166.2 -1784.9 2810.13 5964.26 -2970.93
8.72003 0.748319 1.62155 1.89963 2.47553 3.30811 4.17594 4.93367 5.42463 6.12965 6.54698 7.53655 8.10773 305.978 12.5473 -106.477 -342.294 -410.706 244.905 899.52 524.562 -1084.49 -1167.41 2046.69 -911.357
9.34959 0.804781 1.57608 2.1631 3.03581 3.35494 4.26154 4.65735 5.02797 5.93799 6.41621 7.09448 7.31743 815.908 -120.468 -856.238 -936.428 -400.419 1886.02 1729.43 -94.9742 -5161.76 1521.8 6177.19 -4548.51
9.32401 0.972759 1.92486 2.01283 2.93747 3.78801 4.4773 4.48248 4.76058 5.55793 6.41009 7.38729 7.50951 1027.72 -455.418 -596.872 -1367.55 144.235 1550.48 1550.4 1105.26 -4741.82 1305.54 4805.72 -4316.14
9.21295 0.461228 0.631498 1.47904 2.1032 2.60308 3.50463 4.31649 5.29412 6.17892 6.48672 6.99834 7.61635 403.308 327.355 -181.943 -604.731 -773.914 -8.86701 1721.59 353.199 -2963.42 -1064.16 4202.6 -1399.48
8.76704 0.858001 1.77496 2.12478 2.67141 3.30952 3.85977 4.84438 5.29378 6.00653 6.91871 7.49325 8.08852 354.659 -22.0539 -188.948 -388.549 -335.018 113.695 1133.97 672.395 -1806.45 -834.296 2198.25 -886.18
9.13391 0.684203 1.6365 2.38437 2.63062 3.46935 4.08738 4.29535 5.28635 5.93291 6.4741 7.18895 7.66823 573.227 -44.2961 -590.198 -698.704 -356.426 724.652 1134.6 733.251 -2045.18 -1311.26 3518.37 -1626.52
8.73629 0.85248 1.34275 2.17358 2.69017 3.54242 4.27281 5.1234 5.7569 6.33045 6.34086 7.32319 8.26378 267.813 106.552 -249.206 -430.995 -302.135 470.54 1179.08 94.4079 -1196.89 -1204.45 1731.46 -454.711
