rChi^2    R[1]     R[2]    R[3]    R[4]    R[5]    R[6]    R[7]    R[8]    R[9]    R[10]    R[11]   Q0   Q1   Q2   Q3   Q4   Q5   Q6   Q7   Q8   Q9   Q10   Q11   
R[i] step size = 2.9   Average Reduced Chi ^2 = 0.964265
R[i] step size = 2.91   Average Reduced Chi ^2 = 0.95753
R[i] step size = 2.92   Average Reduced Chi ^2 = 0.949207
R[i] step size = 2.93   Average Reduced Chi ^2 = 0.939213
R[i] step size = 2.94   Average Reduced Chi ^2 = 0.927504
R[i] step size = 2.95   Average Reduced Chi ^2 = 0.914021
0.898804 2.95995 5.91987 8.87978 11.8397 14.7996 17.7596 20.7195 23.6795 26.6394 29.5994 32.5593 35.5193 5.09128 -0.791737 9.21163 0.169177 -3.55561 -0.475072 2.67512 0.458036 -2.37936 -0.913793 2.62138 -0.635872
0.898818 2.95991 5.91983 8.87975 11.8397 14.7997 17.7596 20.7196 23.6795 26.6395 29.5994 32.5593 35.5193 5.09117 -0.791578 9.21139 0.169481 -3.55591 -0.474723 2.67493 0.458132 -2.37951 -0.913662 2.62127 -0.635791
0.898785 2.95994 5.91992 8.87989 11.8398 14.7998 17.7597 20.7197 23.6796 26.6395 29.5995 32.5594 35.5194 5.09121 -0.791518 9.21177 0.168678 -3.55544 -0.474999 2.67527 0.457736 -2.37924 -0.913768 2.62149 -0.636011
0.898771 2.95995 5.91993 8.87993 11.8399 14.7999 17.7599 20.7198 23.6797 26.6397 29.5996 32.5596 35.5195 5.09122 -0.791497 9.21189 0.168367 -3.55539 -0.474826 2.67531 0.457548 -2.37923 -0.91363 2.62153 -0.636126
0.898803 2.95991 5.91988 8.87986 11.8398 14.7997 17.7597 20.7196 23.6796 26.6395 29.5994 32.5594 35.5193 5.09114 -0.79141 9.21158 0.168946 -3.55562 -0.474884 2.67512 0.457923 -2.37937 -0.913729 2.62138 -0.635887
0.898798 2.95991 5.9199 8.87982 11.8397 14.7997 17.7596 20.7196 23.6796 26.6395 29.5995 32.5594 35.5194 5.09115 -0.791483 9.21153 0.169124 -3.55568 -0.474895 2.67505 0.458038 -2.37945 -0.913625 2.62136 -0.63594
0.898785 2.95992 5.91991 8.87985 11.8398 14.7998 17.7598 20.7198 23.6797 26.6397 29.5996 32.5595 35.5195 5.09118 -0.79151 9.21165 0.1689 -3.55564 -0.474768 2.67517 0.457714 -2.37938 -0.913544 2.62144 -0.636045
0.898767 2.96 5.91996 8.8799 11.8398 14.7997 17.7597 20.7197 23.6796 26.6396 29.5996 32.5595 35.5195 5.09135 -0.791755 9.21201 0.168419 -3.55521 -0.47522 2.67543 0.457596 -2.37912 -0.913826 2.62161 -0.636127
0.898806 2.95992 5.91983 8.87979 11.8398 14.7998 17.7597 20.7196 23.6795 26.6394 29.5994 32.5594 35.5194 5.09119 -0.791554 9.21151 0.169193 -3.55577 -0.474767 2.67495 0.458154 -2.37949 -0.913672 2.62133 -0.635879
0.89879 2.95995 5.91992 8.87989 11.8398 14.7997 17.7597 20.7196 23.6796 26.6395 29.5994 32.5594 35.5194 5.09125 -0.791574 9.21183 0.168603 -3.55536 -0.475102 2.67531 0.457745 -2.37921 -0.913832 2.62148 -0.635959
R[i] step size = 2.96   Average Reduced Chi ^2 = 0.898793
0.881816 2.97 5.93996 8.90987 11.8798 14.8498 17.8198 20.7898 23.7597 26.7297 29.6996 32.6695 35.6395 5.10795 -0.791755 9.30823 -0.0377626 -3.4726 -0.453821 2.74275 0.312103 -2.34956 -0.817152 2.6798 -0.764507
0.881847 2.96996 5.93987 8.90978 11.8797 14.8497 17.8196 20.7896 23.7595 26.7295 29.6994 32.6694 35.6394 5.10789 -0.791736 9.3079 -0.0371101 -3.47293 -0.453722 2.74241 0.312657 -2.34983 -0.817155 2.67964 -0.764313
0.881821 2.96996 5.93993 8.90985 11.8798 14.8498 17.8197 20.7897 23.7597 26.7296 29.6996 32.6696 35.6396 5.10787 -0.791639 9.30805 -0.037539 -3.47277 -0.453683 2.74254 0.312374 -2.34976 -0.816996 2.67971 -0.764502
0.88182 2.96996 5.93995 8.90987 11.8799 14.8498 17.8198 20.7898 23.7597 26.7297 29.6997 32.6696 35.6395 5.10785 -0.791579 9.30807 -0.0376153 -3.47273 -0.453703 2.74263 0.3122 -2.34972 -0.816972 2.67975 -0.764514
0.881831 2.96998 5.93991 8.90989 11.8798 14.8498 17.8197 20.7896 23.7595 26.7295 29.6994 32.6694 35.6394 5.1079 -0.79163 9.30815 -0.0377408 -3.4726 -0.453867 2.74263 0.312393 -2.34959 -0.81734 2.67977 -0.76439
0.881825 2.96994 5.93993 8.90989 11.8798 14.8497 17.8197 20.7897 23.7596 26.7296 29.6996 32.6695 35.6395 5.1078 -0.791457 9.308 -0.0375717 -3.47272 -0.453787 2.74261 0.312325 -2.34969 -0.817117 2.67974 -0.764462
0.88184 2.96997 5.93988 8.90985 11.8798 14.8497 17.8197 20.7897 23.7596 26.7296 29.6995 32.6694 35.6393 5.1079 -0.791669 9.30804 -0.037478 -3.47273 -0.453822 2.74265 0.312294 -2.34963 -0.817267 2.67973 -0.764336
0.881844 2.96991 5.93988 8.9098 11.8798 14.8498 17.8197 20.7897 23.7596 26.7296 29.6995 32.6695 35.6395 5.10776 -0.791469 9.30777 -0.0371174 -3.47306 -0.45348 2.74234 0.312588 -2.34992 -0.816942 2.67957 -0.76435
0.881843 2.96995 5.9399 8.90985 11.8798 14.8498 17.8197 20.7897 23.7596 26.7295 29.6994 32.6694 35.6393 5.10783 -0.791552 9.30799 -0.0374767 -3.47278 -0.453731 2.74256 0.312409 -2.3497 -0.8172 2.67968 -0.764333
0.881833 2.96999 5.93992 8.90983 11.8798 14.8498 17.8197 20.7897 23.7596 26.7295 29.6995 32.6694 35.6394 5.10794 -0.791787 9.3081 -0.0374871 -3.47275 -0.453767 2.74259 0.312386 -2.34965 -0.81724 2.67972 -0.764381
R[i] step size = 2.97   Average Reduced Chi ^2 = 0.881832
0.863305 2.97991 5.95983 8.93973 11.9196 14.8996 17.8796 20.8596 23.8396 26.8195 29.7995 32.7795 35.7595 5.12421 -0.790487 9.40169 -0.243524 -3.38577 -0.435145 2.80982 0.160951 -2.3067 -0.725716 2.73619 -0.893905
0.863308 2.97991 5.95981 8.93975 11.9197 14.8997 17.8796 20.8595 23.8395 26.8195 29.7995 32.7794 35.7594 5.12421 -0.790464 9.40173 -0.243647 -3.38569 -0.435222 2.80983 0.161036 -2.3067 -0.725783 2.73619 -0.893872
0.863252 2.97995 5.95995 8.93994 11.9199 14.8999 17.8799 20.8598 23.8398 26.8198 29.7997 32.7797 35.7597 5.12427 -0.790384 9.40227 -0.244874 -3.38507 -0.435343 2.81031 0.160222 -2.30628 -0.725789 2.73648 -0.894226
0.863311 2.97996 5.95987 8.9398 11.9198 14.8997 17.8797 20.8596 23.8396 26.8195 29.7994 32.7793 35.7592 5.12434 -0.79064 9.40206 -0.244163 -3.38535 -0.435435 2.81013 0.16068 -2.30639 -0.726121 2.73635 -0.893834
0.863301 2.97995 5.95986 8.93976 11.9198 14.8997 17.8796 20.8596 23.8396 26.8195 29.7995 32.7795 35.7594 5.12431 -0.79063 9.40193 -0.24389 -3.38553 -0.43528 2.80995 0.160841 -2.30656 -0.725871 2.73628 -0.893923
0.863243 2.97999 5.95998 8.93996 11.9199 14.8999 17.8798 20.8598 23.8398 26.8197 29.7997 32.7797 35.7596 5.12436 -0.790528 9.40246 -0.245117 -3.38489 -0.435472 2.81043 0.160123 -2.30615 -0.725945 2.73661 -0.894289
0.863317 2.97996 5.95987 8.93978 11.9197 14.8996 17.8796 20.8595 23.8394 26.8193 29.7993 32.7793 35.7592 5.12432 -0.790641 9.40198 -0.243954 -3.38539 -0.435549 2.81007 0.160896 -2.30644 -0.726199 2.73633 -0.893788
0.863277 2.97995 5.95992 8.93989 11.9199 14.8998 17.8797 20.8597 23.8396 26.8196 29.7995 32.7795 35.7594 5.12429 -0.790457 9.40219 -0.244619 -3.38515 -0.435425 2.81023 0.160448 -2.3063 -0.725992 2.73645 -0.894064
0.863278 2.97992 5.95988 8.93987 11.9198 14.8998 17.8798 20.8597 23.8397 26.8197 29.7996 32.7796 35.7595 5.12421 -0.79033 9.402 -0.24435 -3.38535 -0.435297 2.81009 0.1606 -2.30649 -0.725757 2.73636 -0.89408
0.86328 2.97998 5.95992 8.93983 11.9198 14.8998 17.8798 20.8597 23.8397 26.8196 29.7996 32.7795 35.7594 5.12437 -0.790683 9.40218 -0.244374 -3.38528 -0.435345 2.81018 0.1605 -2.30636 -0.725952 2.73643 -0.894054
R[i] step size = 2.98   Average Reduced Chi ^2 = 0.863287
0.84334 2.98993 5.97987 8.96982 11.9598 14.9497 17.9397 20.9296 23.9196 26.9096 29.8995 32.8895 35.8795 5.14056 -0.78839 9.49394 -0.451618 -3.29309 -0.420093 2.87812 0.00223401 -2.24873 -0.641229 2.79236 -1.0251
0.843346 2.98994 5.97985 8.96984 11.9598 14.9497 17.9396 20.9296 23.9196 26.9095 29.8995 32.8894 35.8794 5.14059 -0.788416 9.494 -0.451705 -3.29295 -0.420313 2.87826 0.0021606 -2.2486 -0.641436 2.79242 -1.02504
0.843342 2.98994 5.97994 8.9699 11.9599 14.9498 17.9397 20.9296 23.9195 26.9095 29.8995 32.8894 35.8794 5.14057 -0.788338 9.49416 -0.452122 -3.29274 -0.420356 2.87836 0.00205378 -2.24847 -0.641602 2.79253 -1.02507
0.843395 2.98991 5.97986 8.96977 11.9597 14.9497 17.9396 20.9295 23.9194 26.9093 29.8993 32.8892 35.8791 5.14054 -0.788436 9.49382 -0.451286 -3.29323 -0.420145 2.87806 0.00246462 -2.24875 -0.641596 2.79229 -1.02474
0.843338 2.98994 5.97992 8.96987 11.9598 14.9498 17.9397 20.9297 23.9196 26.9095 29.8995 32.8895 35.8794 5.14058 -0.788379 9.4941 -0.451964 -3.29288 -0.420201 2.87827 0.00205762 -2.24856 -0.641417 2.79246 -1.0251
0.843346 2.98996 5.97989 8.96983 11.9598 14.9498 17.9397 20.9297 23.9196 26.9096 29.8995 32.8895 35.8794 5.14065 -0.788552 9.49412 -0.451846 -3.29294 -0.420153 2.87828 0.00199492 -2.24856 -0.641408 2.79245 -1.02507
0.843296 2.98996 5.97995 8.96995 11.9599 14.9499 17.9399 20.9298 23.9197 26.9097 29.8997 32.8897 35.8797 5.1406 -0.788343 9.49429 -0.452441 -3.29266 -0.420189 2.87844 0.00169823 -2.24839 -0.641297 2.79259 -1.02536
0.843356 2.98997 5.9799 8.96988 11.9598 14.9498 17.9397 20.9296 23.9195 26.9095 29.8994 32.8893 35.8792 5.14064 -0.788476 9.49421 -0.452097 -3.29272 -0.420417 2.87841 0.00200522 -2.24844 -0.641666 2.79252 -1.02499
0.843365 2.98991 5.97986 8.96982 11.9598 14.9497 17.9396 20.9295 23.9195 26.9095 29.8994 32.8894 35.8793 5.14053 -0.788333 9.4939 -0.451585 -3.29305 -0.420245 2.87812 0.00238476 -2.24874 -0.641416 2.79233 -1.02493
0.843321 2.98998 5.97996 8.9699 11.9598 14.9498 17.9397 20.9297 23.9197 26.9097 29.8996 32.8896 35.8795 5.14067 -0.788513 9.49431 -0.452261 -3.29268 -0.420308 2.87847 0.00172839 -2.24839 -0.641409 2.79257 -1.02522
R[i] step size = 2.99   Average Reduced Chi ^2 = 0.843345
0.822313 2.99999 5.99997 8.99989 11.9998 14.9998 17.9997 20.9996 23.9996 26.9996 29.9996 32.9995 35.9994 5.15688 -0.785549 9.5842 -0.660284 -3.1954 -0.408581 2.94735 -0.163655 -2.17545 -0.564661 2.84888 -1.15798
0.822387 2.99991 5.99984 8.99974 11.9997 14.9996 17.9995 20.9995 23.9994 26.9993 29.9992 32.9992 35.9991 5.15674 -0.78545 9.58365 -0.659168 -3.19605 -0.408344 2.94689 -0.162917 -2.17591 -0.56469 2.84854 -1.1575
0.822339 2.99995 5.99992 8.99988 11.9998 14.9997 17.9997 20.9996 23.9995 26.9995 29.9994 32.9994 35.9993 5.1568 -0.785421 9.58403 -0.660064 -3.19554 -0.408534 2.94722 -0.163392 -2.17557 -0.564757 2.84879 -1.15781
0.822363 2.99994 5.9999 8.9998 11.9998 14.9997 17.9996 20.9996 23.9995 26.9994 29.9994 32.9993 35.9992 5.15679 -0.785485 9.58386 -0.659617 -3.19582 -0.408366 2.94705 -0.163215 -2.17571 -0.564746 2.84867 -1.15765
0.822336 2.99996 5.9999 8.99983 11.9998 14.9998 17.9997 20.9996 23.9996 26.9996 29.9995 32.9995 35.9994 5.15682 -0.785511 9.58396 -0.659838 -3.19574 -0.40832 2.94711 -0.163398 -2.17567 -0.564544 2.84871 -1.15782
0.822347 2.99992 5.99987 8.99984 11.9997 14.9997 17.9996 20.9996 23.9995 26.9995 29.9995 32.9994 35.9993 5.15673 -0.785329 9.58382 -0.659689 -3.1958 -0.408357 2.94706 -0.163266 -2.17572 -0.564607 2.84868 -1.15776
0.822326 2.99997 5.99993 8.99991 11.9999 14.9998 17.9997 20.9997 23.9997 26.9996 29.9995 32.9994 35.9993 5.15684 -0.785437 9.58415 -0.660313 -3.19541 -0.408557 2.94736 -0.163681 -2.17541 -0.564778 2.84888 -1.15789
0.822326 2.99994 5.99991 8.99984 11.9998 14.9997 17.9997 20.9996 23.9996 26.9996 29.9996 32.9995 35.9995 5.15677 -0.78539 9.5839 -0.659817 -3.19575 -0.408311 2.94707 -0.163346 -2.17569 -0.564507 2.8487 -1.15788
0.82233 2.99991 5.99986 8.99985 11.9998 14.9998 17.9998 20.9997 23.9997 26.9997 29.9996 32.9995 35.9995 5.15669 -0.785227 9.58379 -0.659753 -3.19587 -0.408143 2.94701 -0.163392 -2.17575 -0.564375 2.84863 -1.15786
0.822365 2.99992 5.99986 8.99979 11.9997 14.9997 17.9997 20.9996 23.9995 26.9994 29.9994 32.9993 35.9993 5.15674 -0.785389 9.58375 -0.659506 -3.19595 -0.408216 2.94693 -0.163083 -2.17584 -0.564623 2.8486 -1.15764
R[i] step size = 3   Average Reduced Chi ^2 = 0.822343
0.800792 3.0099 6.0198 9.0298 12.0397 15.0496 18.0596 21.0696 24.0796 27.0895 30.0994 33.1093 36.1193 5.17276 -0.781313 9.67144 -0.867998 -3.09389 -0.399836 3.01671 -0.335703 -2.08726 -0.496555 2.90593 -1.29228
0.800773 3.00997 6.01989 9.02983 12.0398 15.0497 18.0597 21.0696 24.0796 27.0895 30.0995 33.1094 36.1193 5.17293 -0.781613 9.6718 -0.868464 -3.09358 -0.400016 3.01694 -0.335976 -2.08703 -0.496672 2.90609 -1.29241
0.800752 3.00999 6.0199 9.02989 12.0398 15.0497 18.0597 21.0696 24.0796 27.0895 30.0994 33.1094 36.1194 5.17297 -0.781606 9.67195 -0.868825 -3.09331 -0.400191 3.01714 -0.336212 -2.0868 -0.496839 2.90624 -1.29254
0.800756 3.00999 6.01993 9.02991 12.0399 15.0498 18.0598 21.0697 24.0796 27.0895 30.0995 33.1094 36.1193 5.17296 -0.781571 9.672 -0.868976 -3.09327 -0.400144 3.01715 -0.336251 -2.08676 -0.496903 2.90628 -1.29252
0.800751 3.00998 6.0199 9.02988 12.0398 15.0497 18.0597 21.0696 24.0796 27.0895 30.0994 33.1094 36.1194 5.17294 -0.781552 9.6719 -0.868753 -3.09337 -0.400154 3.01709 -0.336165 -2.08685 -0.496768 2.90622 -1.29255
0.800783 3.00991 6.01989 9.02982 12.0398 15.0497 18.0597 21.0697 24.0796 27.0896 30.0995 33.1094 36.1193 5.17277 -0.781347 9.67154 -0.868196 -3.09382 -0.39975 3.01675 -0.335854 -2.08719 -0.496514 2.90596 -1.29235
0.800759 3.00996 6.01989 9.02982 12.0398 15.0497 18.0597 21.0697 24.0796 27.0896 30.0995 33.1094 36.1194 5.1729 -0.781566 9.67173 -0.868376 -3.09365 -0.399896 3.0169 -0.336052 -2.087 -0.496616 2.9061 -1.29249
0.800785 3.00995 6.01986 9.02979 12.0397 15.0496 18.0596 21.0695 24.0794 27.0894 30.0993 33.1093 36.1193 5.17288 -0.781564 9.67162 -0.868085 -3.09375 -0.40006 3.01682 -0.335693 -2.08719 -0.496666 2.90599 -1.29231
0.800711 3.00999 6.01997 9.02996 12.0399 15.0499 18.0599 21.0698 24.0798 27.0898 30.0997 33.1096 36.1196 5.17293 -0.781463 9.67206 -0.869236 -3.09317 -0.40005 3.01722 -0.336568 -2.08666 -0.496629 2.90633 -1.2928
0.800778 3.00993 6.01985 9.0298 12.0398 15.0497 18.0596 21.0695 24.0795 27.0895 30.0994 33.1094 36.1193 5.17283 -0.781457 9.67157 -0.868137 -3.09377 -0.399933 3.01674 -0.33567 -2.08726 -0.496505 2.90597 -1.29238
R[i] step size = 3.01   Average Reduced Chi ^2 = 0.800764
0.779357 3.01997 6.03992 9.05983 12.0798 15.0997 18.1196 21.1396 24.1596 27.1795 30.1995 33.2195 36.2394 5.18886 -0.776686 9.75746 -1.07748 -2.98665 -0.395192 3.08778 -0.515797 -1.98235 -0.438371 2.9653 -1.42919
0.779366 3.01992 6.03992 9.05988 12.0799 15.0998 18.1197 21.1396 24.1595 27.1795 30.1995 33.2194 36.2393 5.18872 -0.776379 9.75735 -1.07761 -2.98661 -0.395174 3.08776 -0.515734 -1.98239 -0.438403 2.96526 -1.42911
0.77935 3.01995 6.03992 9.05985 12.0798 15.0998 18.1197 21.1397 24.1596 27.1796 30.1995 33.2195 36.2394 5.1888 -0.776562 9.75742 -1.07758 -2.98665 -0.39508 3.08776 -0.515865 -1.98231 -0.438359 2.96528 -1.4292
0.779369 3.01993 6.03988 9.05979 12.0798 15.0997 18.1197 21.1397 24.1596 27.1796 30.1995 33.2194 36.2394 5.18877 -0.776562 9.75723 -1.07714 -2.98694 -0.394905 3.08759 -0.515696 -1.98251 -0.438207 2.96513 -1.42908
0.779349 3.02 6.03995 9.05986 12.0798 15.0998 18.1197 21.1396 24.1596 27.1796 30.1995 33.2195 36.2394 5.18892 -0.776774 9.75763 -1.0778 -2.98646 -0.395256 3.08789 -0.515953 -1.98219 -0.438471 2.96539 -1.42925
0.779355 3.01994 6.03994 9.05985 12.0798 15.0998 18.1198 21.1397 24.1596 27.1796 30.1995 33.2195 36.2394 5.18876 -0.776502 9.75735 -1.07748 -2.98673 -0.395022 3.08771 -0.515825 -1.98237 -0.438296 2.96526 -1.42919
0.779366 3.01997 6.03988 9.0598 12.0798 15.0997 18.1196 21.1395 24.1595 27.1794 30.1994 33.2194 36.2394 5.18887 -0.776744 9.75739 -1.07731 -2.9867 -0.395253 3.08771 -0.515571 -1.98247 -0.438378 2.96523 -1.4291
0.779389 3.0199 6.03981 9.05973 12.0797 15.0997 18.1196 21.1396 24.1595 27.1795 30.1994 33.2194 36.2393 5.18871 -0.776527 9.757 -1.07667 -2.98724 -0.394775 3.08734 -0.515306 -1.9828 -0.438068 2.96494 -1.42891
0.779345 3.01997 6.03996 9.05993 12.0799 15.0998 18.1197 21.1397 24.1597 27.1796 30.1995 33.2194 36.2394 5.18882 -0.776502 9.7576 -1.07804 -2.98632 -0.395313 3.08799 -0.516107 -1.98207 -0.438572 2.96546 -1.42928
0.779373 3.01996 6.03987 9.05977 12.0797 15.0997 18.1196 21.1396 24.1596 27.1795 30.1994 33.2194 36.2393 5.18884 -0.776722 9.75731 -1.07714 -2.98689 -0.395025 3.0876 -0.515591 -1.98251 -0.438311 2.96515 -1.42904
R[i] step size = 3.02   Average Reduced Chi ^2 = 0.779362
0.759188 3.02992 6.05983 9.08982 12.1198 15.1497 18.1797 21.2096 24.2396 27.2696 30.2995 33.3294 36.3593 5.20448 -0.770606 9.84117 -1.28794 -2.87272 -0.395678 3.15918 -0.69955 -1.86686 -0.385765 3.02437 -1.56725
0.759192 3.02999 6.05989 9.08984 12.1197 15.1497 18.1796 21.2095 24.2394 27.2694 30.2993 33.3293 36.3592 5.20465 -0.770903 9.8415 -1.2883 -2.87236 -0.396078 3.15946 -0.699643 -1.86662 -0.386203 3.02462 -1.56728
0.75917 3.02996 6.0599 9.08983 12.1198 15.1498 18.1797 21.2096 24.2396 27.2696 30.2995 33.3295 36.3594 5.20458 -0.77079 9.84137 -1.28822 -2.87254 -0.395731 3.15927 -0.699672 -1.86672 -0.385824 3.02447 -1.56737
0.7592 3.02996 6.0599 9.0898 12.1197 15.1497 18.1796 21.2095 24.2394 27.2694 30.2994 33.3293 36.3592 5.20458 -0.770829 9.84132 -1.28799 -2.87259 -0.395924 3.15927 -0.699419 -1.86686 -0.38598 3.02444 -1.56718
0.759161 3.02993 6.0599 9.0899 12.1199 15.1498 18.1797 21.2097 24.2397 27.2696 30.2996 33.3295 36.3595 5.20448 -0.770528 9.84135 -1.28849 -2.87237 -0.395808 3.15937 -0.699833 -1.8666 -0.385856 3.02453 -1.56744
0.759163 3.02999 6.05992 9.08988 12.1198 15.1497 18.1797 21.2096 24.2396 27.2695 30.2995 33.3295 36.3594 5.20465 -0.770864 9.84158 -1.28853 -2.87222 -0.39614 3.15954 -0.699847 -1.8665 -0.386041 3.02465 -1.56747
0.759178 3.02992 6.05984 9.0898 12.1197 15.1497 18.1796 21.2096 24.2396 27.2696 30.2995 33.3295 36.3594 5.20449 -0.770648 9.84115 -1.28785 -2.87275 -0.395693 3.15912 -0.699441 -1.86694 -0.385647 3.02432 -1.56728
0.759177 3.02991 6.05989 9.08983 12.1197 15.1497 18.1797 21.2096 24.2395 27.2695 30.2995 33.3294 36.3594 5.20446 -0.77057 9.84119 -1.28799 -2.8727 -0.395691 3.15917 -0.6995 -1.86687 -0.385754 3.02435 -1.56728
0.759191 3.02991 6.05985 9.08982 12.1197 15.1496 18.1796 21.2096 24.2395 27.2695 30.2994 33.3294 36.3593 5.20446 -0.770579 9.84115 -1.28789 -2.87273 -0.395728 3.1592 -0.699517 -1.86686 -0.385836 3.02436 -1.56719
0.759211 3.02994 6.05987 9.08981 12.1198 15.1497 18.1796 21.2095 24.2395 27.2694 30.2993 33.3292 36.3591 5.20452 -0.770702 9.84126 -1.28804 -2.8726 -0.395847 3.15926 -0.699445 -1.86683 -0.386082 3.02443 -1.56708
R[i] step size = 3.03   Average Reduced Chi ^2 = 0.759183
0.741656 3.03994 6.07985 9.1198 12.1598 15.1998 18.2397 21.2797 24.3196 27.3596 30.3996 33.4395 36.4794 5.22019 -0.763914 9.9226 -1.49763 -2.75634 -0.398313 3.23282 -0.894435 -1.72866 -0.34981 3.08934 -1.70837
0.741652 3.03996 6.07989 9.11987 12.1598 15.1998 18.2397 21.2797 24.3197 27.3596 30.3996 33.4395 36.4794 5.22023 -0.763908 9.92282 -1.4981 -2.75599 -0.398583 3.23307 -0.894699 -1.72839 -0.350025 3.08954 -1.70848
0.741668 3.03995 6.07987 9.11984 12.1598 15.1997 18.2397 21.2797 24.3196 27.3595 30.3994 33.4393 36.4793 5.22022 -0.763923 9.92276 -1.4979 -2.75611 -0.398572 3.23304 -0.8946 -1.72844 -0.350157 3.0895 -1.70832
0.741652 3.04 6.07993 9.11988 12.1598 15.1998 18.2397 21.2797 24.3196 27.3595 30.3995 33.4394 36.4794 5.22032 -0.764071 9.92299 -1.4983 -2.75578 -0.398797 3.23325 -0.894798 -1.72824 -0.350244 3.08965 -1.70849
0.74163 3.03997 6.07989 9.11988 12.1599 15.1999 18.2398 21.2798 24.3197 27.3597 30.3997 33.4396 36.4796 5.22024 -0.763914 9.92285 -1.49823 -2.75593 -0.398509 3.23307 -0.894838 -1.72831 -0.349887 3.08953 -1.70862
0.741664 3.03993 6.07992 9.11983 12.1598 15.1997 18.2397 21.2796 24.3196 27.3595 30.3994 33.4394 36.4793 5.22016 -0.763849 9.92268 -1.49784 -2.75614 -0.398544 3.23295 -0.894434 -1.72858 -0.349989 3.08943 -1.70835
0.741669 3.03995 6.07987 9.11978 12.1597 15.1997 18.2397 21.2796 24.3196 27.3596 30.3995 33.4394 36.4793 5.22023 -0.764018 9.92265 -1.49759 -2.75631 -0.398435 3.23286 -0.894382 -1.72866 -0.349936 3.08933 -1.70824
0.741642 3.03997 6.07996 9.11991 12.1599 15.1999 18.2398 21.2798 24.3197 27.3597 30.3996 33.4395 36.4795 5.22023 -0.763877 9.92293 -1.49837 -2.75585 -0.398609 3.23318 -0.894923 -1.72822 -0.350079 3.0896 -1.70855
0.741677 3.03993 6.07984 9.11979 12.1597 15.1997 18.2396 21.2795 24.3195 27.3595 30.3994 33.4393 36.4793 5.22018 -0.763921 9.9226 -1.49754 -2.75634 -0.398501 3.23284 -0.894224 -1.72877 -0.349947 3.08928 -1.70817
0.741643 3.03999 6.07992 9.11986 12.1598 15.1998 18.2398 21.2797 24.3197 27.3596 30.3996 33.4395 36.4795 5.2203 -0.764057 9.92293 -1.49821 -2.7559 -0.39863 3.23314 -0.894813 -1.72826 -0.350085 3.0896 -1.70856
R[i] step size = 3.04   Average Reduced Chi ^2 = 0.741655
0.72881 3.04991 6.09989 9.14989 12.1998 15.2498 18.2997 21.3496 24.3996 27.4496 30.4995 33.5495 36.5994 5.23559 -0.755865 10.0019 -1.70788 -2.63508 -0.405061 3.30799 -1.09652 -1.57387 -0.325832 3.15778 -1.85144
0.728814 3.04993 6.09983 9.14975 12.1997 15.2496 18.2996 21.3495 24.3995 27.4495 30.4995 33.5494 36.5993 5.23567 -0.756168 10.0017 -1.70719 -2.63549 -0.404922 3.30772 -1.09604 -1.57428 -0.325655 3.15752 -1.85121
0.728803 3.04992 6.09984 9.14983 12.1998 15.2498 18.2998 21.3497 24.3997 27.4496 30.4995 33.5495 36.5995 5.23564 -0.756015 10.0018 -1.70766 -2.63528 -0.404818 3.30782 -1.09642 -1.57397 -0.325702 3.15765 -1.8514
0.728808 3.0499 6.09983 9.14982 12.1998 15.2498 18.2998 21.3497 24.3997 27.4496 30.4995 33.5495 36.5994 5.23559 -0.755928 10.0017 -1.70751 -2.63539 -0.404765 3.30777 -1.09635 -1.57404 -0.325699 3.15765 -1.85137
0.72881 3.04991 6.09984 9.14976 12.1998 15.2497 18.2996 21.3496 24.3995 27.4495 30.4994 33.5494 36.5994 5.23563 -0.756071 10.0017 -1.7072 -2.63554 -0.404754 3.30767 -1.0961 -1.57426 -0.325622 3.1575 -1.85122
0.728806 3.04996 6.09993 9.14985 12.1998 15.2498 18.2997 21.3496 24.3996 27.4495 30.4995 33.5495 36.5995 5.23572 -0.756148 10.002 -1.70788 -2.63504 -0.405135 3.30804 -1.09653 -1.57382 -0.325891 3.15782 -1.85149
0.728824 3.04991 6.09981 9.14979 12.1997 15.2497 18.2996 21.3496 24.3995 27.4494 30.4994 33.5493 36.5992 5.23562 -0.75602 10.0017 -1.7073 -2.63549 -0.404862 3.30774 -1.0961 -1.57423 -0.325791 3.15759 -1.85117
0.728813 3.04996 6.0999 9.14985 12.1998 15.2497 18.2997 21.3497 24.3996 27.4496 30.4995 33.5495 36.5994 5.23573 -0.756149 10.002 -1.70788 -2.63504 -0.405107 3.30809 -1.09667 -1.57372 -0.325996 3.1579 -1.85149
0.72881 3.04997 6.09992 9.14984 12.1997 15.2497 18.2996 21.3495 24.3995 27.4495 30.4995 33.5494 36.5994 5.23577 -0.756247 10.0021 -1.70785 -2.635 -0.405303 3.30809 -1.09641 -1.57389 -0.325937 3.15782 -1.85145
0.728811 3.04992 6.09988 9.14979 12.1998 15.2498 18.2997 21.3496 24.3995 27.4495 30.4994 33.5494 36.5994 5.23564 -0.756071 10.0018 -1.70744 -2.6354 -0.404833 3.30777 -1.09623 -1.57412 -0.325733 3.15759 -1.85127
R[i] step size = 3.05   Average Reduced Chi ^2 = 0.728811
0.723336 3.05998 6.1199 9.17984 12.2398 15.2998 18.3597 21.4196 24.4796 27.5395 30.5995 33.6594 36.7193 5.25111 -0.747493 10.0791 -1.91771 -2.50983 -0.415191 3.38435 -1.3055 -1.40284 -0.313954 3.22964 -1.99616
0.723327 3.05991 6.1199 9.17986 12.2398 15.2998 18.3597 21.4197 24.4796 27.5395 30.5995 33.6594 36.7194 5.25092 -0.747136 10.0788 -1.91756 -2.50998 -0.415019 3.3842 -1.3054 -1.40299 -0.313808 3.22948 -1.99604
0.723338 3.06 6.11993 9.1799 12.2398 15.2998 18.3598 21.4198 24.4797 27.5397 30.5996 33.6596 36.7196 5.25114 -0.74747 10.0793 -1.91812 -2.50956 -0.415289 3.38456 -1.30597 -1.40245 -0.314019 3.2298 -1.99639
0.723333 3.05995 6.11993 9.17984 12.2398 15.2997 18.3597 21.4196 24.4795 27.5395 30.5994 33.6594 36.7193 5.25102 -0.747349 10.079 -1.91763 -2.50991 -0.415156 3.3843 -1.3054 -1.40294 -0.313899 3.22956 -1.99609
0.723337 3.05998 6.11989 9.17989 12.2399 15.2998 18.3598 21.4198 24.4797 27.5397 30.5996 33.6596 36.7195 5.2511 -0.747413 10.0791 -1.918 -2.50967 -0.415148 3.38446 -1.30587 -1.40256 -0.313981 3.22977 -1.99635
0.723322 3.05994 6.11985 9.17984 12.2398 15.2998 18.3597 21.4197 24.4797 27.5397 30.5996 33.6596 36.7195 5.251 -0.747287 10.0789 -1.91754 -2.51002 -0.41498 3.38418 -1.30548 -1.40295 -0.31365 3.22947 -1.99617
0.723316 3.05993 6.11985 9.17977 12.2397 15.2997 18.3597 21.4196 24.4796 27.5395 30.5995 33.6595 36.7194 5.251 -0.747381 10.0788 -1.91713 -2.51028 -0.414863 3.384 -1.30513 -1.40323 -0.313564 3.22928 -1.99598
0.723332 3.05991 6.11988 9.17985 12.2397 15.2997 18.3596 21.4195 24.4795 27.5394 30.5994 33.6593 36.7192 5.25094 -0.747172 10.0789 -1.91747 -2.51001 -0.415165 3.38423 -1.30521 -1.40311 -0.31392 3.22947 -1.99592
0.723329 3.05998 6.11988 9.17979 12.2397 15.2997 18.3596 21.4195 24.4795 27.5394 30.5994 33.6594 36.7193 5.25112 -0.747582 10.079 -1.91743 -2.50997 -0.415224 3.38424 -1.3052 -1.4031 -0.313813 3.22946 -1.99602
0.723331 3.05991 6.11991 9.17988 12.2398 15.2998 18.3597 21.4197 24.4796 27.5395 30.5995 33.6594 36.7194 5.25093 -0.747122 10.0789 -1.91773 -2.50993 -0.415003 3.38426 -1.30553 -1.40287 -0.313905 3.22957 -1.99609
R[i] step size = 3.06   Average Reduced Chi ^2 = 0.72333
0.728824 3.06999 6.13994 9.20989 12.2798 15.3498 18.4197 21.4897 24.5597 27.6296 30.6995 33.7694 36.8394 5.26626 -0.737649 10.1538 -2.12719 -2.3814 -0.427868 3.46156 -1.52129 -1.21589 -0.313855 3.30377 -2.14125
0.728823 3.06995 6.13994 9.20994 12.2799 15.3499 18.4198 21.4898 24.5598 27.6297 30.6997 33.7696 36.8396 5.26616 -0.737398 10.1537 -2.1273 -2.3814 -0.427702 3.46151 -1.52142 -1.21581 -0.313718 3.3037 -2.14132
0.728832 3.06998 6.13993 9.20992 12.2799 15.3499 18.4198 21.4898 24.5597 27.6297 30.6996 33.7696 36.8395 5.26625 -0.737584 10.1538 -2.12732 -2.38131 -0.427816 3.46162 -1.52149 -1.21577 -0.313772 3.30379 -2.14139
0.728819 3.06999 6.13991 9.20987 12.2798 15.3497 18.4197 21.4897 24.5597 27.6296 30.6996 33.7695 36.8395 5.26627 -0.737687 10.1538 -2.127 -2.3815 -0.427813 3.46152 -1.5213 -1.21592 -0.313718 3.30367 -2.14125
0.728798 3.06997 6.1399 9.20982 12.2798 15.3497 18.4197 21.4896 24.5595 27.6295 30.6994 33.7694 36.8393 5.26626 -0.73773 10.1537 -2.12671 -2.3817 -0.42776 3.46139 -1.52091 -1.21628 -0.313676 3.30354 -2.14103
0.728778 3.06995 6.13986 9.20977 12.2797 15.3497 18.4196 21.4896 24.5595 27.6294 30.6994 33.7694 36.8394 5.26621 -0.737689 10.1535 -2.12635 -2.38198 -0.427534 3.46116 -1.52069 -1.21649 -0.313434 3.30332 -2.14095
0.728795 3.06996 6.13989 9.20982 12.2798 15.3498 18.4197 21.4897 24.5596 27.6296 30.6996 33.7696 36.8395 5.26623 -0.737673 10.1536 -2.12669 -2.38179 -0.427539 3.46125 -1.52097 -1.21627 -0.313372 3.30343 -2.14117
0.728789 3.06992 6.13988 9.20983 12.2798 15.3498 18.4197 21.4897 24.5597 27.6297 30.6996 33.7696 36.8395 5.26612 -0.737453 10.1534 -2.12661 -2.38188 -0.427387 3.46116 -1.52101 -1.21626 -0.31335 3.3034 -2.14114
0.728831 3.06998 6.13995 9.20993 12.2799 15.3499 18.4198 21.4898 24.5597 27.6297 30.6997 33.7696 36.8395 5.26623 -0.737535 10.1538 -2.12735 -2.38133 -0.42779 3.46159 -1.5215 -1.21575 -0.313744 3.30379 -2.1414
0.728787 3.06992 6.13985 9.20984 12.2798 15.3498 18.4198 21.4897 24.5597 27.6297 30.6996 33.7696 36.8395 5.2661 -0.737401 10.1534 -2.12665 -2.38186 -0.427395 3.46117 -1.52097 -1.2163 -0.313348 3.30338 -2.14112
R[i] step size = 3.07   Average Reduced Chi ^2 = 0.728808
0.749896 3.07994 6.15986 9.23985 12.3198 15.3998 18.4797 21.5597 24.6397 27.7196 30.7995 33.8795 36.9595 5.28111 -0.726724 10.2259 -2.33539 -2.25028 -0.442479 3.53791 -1.73985 -1.01925 -0.319971 3.37516 -2.28363
0.749904 3.07993 6.1599 9.23989 12.3199 15.3998 18.4797 21.5596 24.6396 27.7195 30.7995 33.8794 36.9593 5.28109 -0.726645 10.226 -2.33566 -2.25009 -0.442628 3.53807 -1.73992 -1.01919 -0.320165 3.37532 -2.28364
0.749911 3.07994 6.15989 9.23986 12.3199 15.3998 18.4798 21.5598 24.6398 27.7197 30.7996 33.8796 36.9595 5.2811 -0.726705 10.2259 -2.33546 -2.25032 -0.442304 3.53788 -1.74006 -1.0191 -0.319974 3.37524 -2.28373
0.749866 3.07993 6.15989 9.23979 12.3198 15.3997 18.4796 21.5596 24.6396 27.7195 30.7995 33.8795 36.9594 5.28112 -0.726823 10.2258 -2.33509 -2.25048 -0.442412 3.53777 -1.7396 -1.01951 -0.319802 3.37501 -2.28352
0.749933 3.07995 6.15992 9.23989 12.3199 15.3999 18.4798 21.5598 24.6397 27.7197 30.7996 33.8796 36.9595 5.28112 -0.726692 10.226 -2.33572 -2.25011 -0.442486 3.53802 -1.74013 -1.01901 -0.320041 3.3753 -2.2838
0.749957 3.07997 6.15995 9.23993 12.3199 15.3998 18.4798 21.5597 24.6397 27.7197 30.7996 33.8796 36.9595 5.28117 -0.726744 10.2262 -2.33594 -2.24985 -0.442838 3.53826 -1.74025 -1.01887 -0.320232 3.37547 -2.28387
0.749916 3.07994 6.15992 9.2399 12.3198 15.3997 18.4796 21.5596 24.6396 27.7196 30.7995 33.8794 36.9594 5.28111 -0.726667 10.226 -2.33571 -2.25004 -0.44275 3.5381 -1.73995 -1.01913 -0.320169 3.37532 -2.28367
0.749923 3.07998 6.15994 9.23988 12.3198 15.3997 18.4797 21.5596 24.6396 27.7195 30.7995 33.8794 36.9594 5.2812 -0.726876 10.2261 -2.33571 -2.24999 -0.442829 3.5382 -1.73999 -1.0191 -0.320267 3.37539 -2.28368
0.749881 3.07993 6.1599 9.23986 12.3198 15.3997 18.4797 21.5596 24.6395 27.7195 30.7994 33.8794 36.9593 5.28108 -0.726678 10.2259 -2.33542 -2.25029 -0.442557 3.53796 -1.73973 -1.0194 -0.319993 3.37518 -2.28358
0.74994 3.08 6.15993 9.23986 12.3198 15.3998 18.4798 21.5597 24.6396 27.7196 30.7996 33.8795 36.9595 5.28126 -0.726986 10.2262 -2.33573 -2.25002 -0.442718 3.53815 -1.74008 -1.01902 -0.320144 3.37538 -2.2838
R[i] step size = 3.08   Average Reduced Chi ^2 = 0.749913
0.792615 3.08997 6.17989 9.26983 12.3598 15.4497 18.5396 21.6295 24.7195 27.8095 30.8995 33.9895 37.0794 5.29581 -0.714917 10.2961 -2.54426 -2.11369 -0.461845 3.61474 -1.96097 -0.813616 -0.332826 3.44605 -2.42475
0.792743 3.09 6.17997 9.26995 12.3599 15.4498 18.5397 21.6297 24.7196 27.8095 30.8995 33.9894 37.0794 5.29584 -0.714839 10.2964 -2.54502 -2.11315 -0.462098 3.61515 -1.96168 -0.812889 -0.333438 3.44655 -2.42501
0.79255 3.08993 6.17989 9.2698 12.3598 15.4497 18.5396 21.6295 24.7195 27.8094 30.8994 33.9894 37.0793 5.29573 -0.714817 10.2959 -2.54397 -2.11391 -0.461637 3.61455 -1.96076 -0.813821 -0.332755 3.44592 -2.42458
0.792713 3.08996 6.17991 9.26991 12.3599 15.4499 18.5398 21.6297 24.7197 27.8097 30.8996 33.9896 37.0796 5.29577 -0.71473 10.2962 -2.5447 -2.11345 -0.461734 3.61484 -1.96146 -0.813176 -0.332913 3.44618 -2.42497
0.792592 3.08994 6.17987 9.26985 12.3598 15.4497 18.5396 21.6296 24.7195 27.8095 30.8994 33.9893 37.0793 5.29574 -0.714756 10.296 -2.54427 -2.11373 -0.461744 3.61471 -1.96101 -0.813569 -0.332991 3.44611 -2.42466
0.792557 3.08991 6.17982 9.26978 12.3598 15.4497 18.5397 21.6297 24.7196 27.8096 30.8996 33.9895 37.0794 5.29569 -0.714744 10.2958 -2.54376 -2.1142 -0.461199 3.61432 -1.96085 -0.813817 -0.332492 3.44579 -2.42466
0.79271 3.08999 6.17994 9.26991 12.3599 15.4498 18.5397 21.6297 24.7196 27.8096 30.8995 33.9895 37.0794 5.29583 -0.714869 10.2963 -2.54476 -2.11332 -0.461961 3.61501 -1.96151 -0.813086 -0.333218 3.4464 -2.42495
0.792617 3.08993 6.17987 9.26981 12.3598 15.4498 18.5398 21.6298 24.7197 27.8096 30.8996 33.9896 37.0796 5.29571 -0.714747 10.2959 -2.544 -2.11405 -0.461251 3.61441 -1.96109 -0.813557 -0.332583 3.44587 -2.42477
0.79251 3.08992 6.17986 9.26978 12.3597 15.4496 18.5395 21.6295 24.7194 27.8093 30.8993 33.9893 37.0793 5.2957 -0.714792 10.2959 -2.54379 -2.11406 -0.461595 3.61449 -1.9606 -0.814001 -0.332695 3.44581 -2.42447
0.792564 3.08991 6.17987 9.26982 12.3598 15.4497 18.5397 21.6296 24.7196 27.8095 30.8994 33.9894 37.0794 5.29568 -0.714692 10.2959 -2.544 -2.11401 -0.461413 3.61449 -1.9609 -0.813725 -0.332742 3.44591 -2.42462
R[i] step size = 3.09   Average Reduced Chi ^2 = 0.792617
0.864354 3.09991 6.19988 9.29978 12.3997 15.4996 18.5996 21.6995 24.7995 27.8995 30.9994 34.0994 37.1994 5.30994 -0.701401 10.3631 -2.75118 -1.97544 -0.482115 3.68996 -2.18396 -0.599762 -0.351383 3.51335 -2.56171
0.864454 3.0999 6.19989 9.29984 12.3998 15.4997 18.5997 21.6997 24.7996 27.8995 30.9995 34.0995 37.1994 5.30989 -0.701213 10.3631 -2.75153 -1.97518 -0.482124 3.6901 -2.18431 -0.599437 -0.351539 3.51353 -2.56187
0.864548 3.09995 6.19993 9.29986 12.3998 15.4998 18.5998 21.6997 24.7997 27.8996 30.9995 34.0995 37.1994 5.31 -0.701409 10.3633 -2.7518 -1.975 -0.48219 3.69025 -2.18464 -0.599038 -0.351885 3.5138 -2.562
0.864444 3.09998 6.1999 9.29981 12.3997 15.4996 18.5996 21.6995 24.7995 27.8994 30.9993 34.0992 37.1992 5.3101 -0.701662 10.3634 -2.75162 -1.97503 -0.482481 3.69034 -2.18436 -0.599292 -0.352013 3.51384 -2.56184
0.864701 3.1 6.19999 9.29995 12.3999 15.4998 18.5997 21.6997 24.7996 27.8996 30.9995 34.0995 37.1994 5.31009 -0.701458 10.3636 -2.75248 -1.97441 -0.482759 3.69073 -2.18506 -0.598566 -0.35233 3.51425 -2.56228
0.864522 3.09994 6.19994 9.29987 12.3998 15.4998 18.5997 21.6996 24.7996 27.8995 30.9994 34.0994 37.1993 5.30998 -0.70136 10.3633 -2.75188 -1.9749 -0.482378 3.69035 -2.18455 -0.59914 -0.351904 3.51385 -2.562
0.864469 3.09995 6.19988 9.2998 12.3997 15.4997 18.5997 21.6997 24.7996 27.8996 30.9995 34.0994 37.1994 5.31004 -0.701543 10.3632 -2.75148 -1.97523 -0.48214 3.69009 -2.18434 -0.599325 -0.351677 3.51363 -2.5619
0.86433 3.09992 6.19986 9.29978 12.3997 15.4997 18.5996 21.6995 24.7995 27.8995 30.9994 34.0993 37.1992 5.30995 -0.701418 10.3631 -2.75121 -1.97538 -0.482147 3.69001 -2.18397 -0.59975 -0.351525 3.51346 -2.56168
0.864336 3.0999 6.19989 9.2998 12.3997 15.4997 18.5996 21.6995 24.7995 27.8994 30.9994 34.0993 37.1993 5.30991 -0.701333 10.3631 -2.75129 -1.97537 -0.482142 3.69 -2.18397 -0.599731 -0.351526 3.51342 -2.56166
0.864427 3.0999 6.19985 9.29982 12.3998 15.4998 18.5997 21.6997 24.7996 27.8996 30.9995 34.0995 37.1994 5.30989 -0.70125 10.363 -2.75142 -1.97533 -0.481934 3.68998 -2.18429 -0.599463 -0.351529 3.51351 -2.56183
R[i] step size = 3.1   Average Reduced Chi ^2 = 0.864459
R[i] step size = 3.11   Average Reduced Chi ^2 = 0.974734
