rChi^2    R[1]     R[2]    R[3]    R[4]    R[5]    R[6]    R[7]    R[8]    R[9]    R[10]    R[11]   Q0   Q1   Q2   Q3   Q4   Q5   Q6   Q7   Q8   Q9   Q10   Q11   
0.808336 2.96083 6.00621 9.05475 12.0858 15.0634 18.1051 21.1099 24.1064 27.1624 30.1453 33.1058 36.1079 5.04325 -0.517254 9.51833 -0.825967 -3.17643 -0.281398 2.95876 -0.343741 -2.15567 -0.391906 2.83533 -1.24782
0.795851 3.00873 6.0465 9.0403 12.0511 15.0957 18.0957 21.1072 24.122 27.1014 30.0839 33.1228 36.1603 5.16506 -0.764547 9.70012 -0.951143 -3.0788 -0.343469 3.01461 -0.38128 -2.05833 -0.487156 2.90503 -1.31181
0.811352 2.99657 6.00938 9.0618 12.067 15.1078 18.1137 21.093 24.0541 27.0166 29.9793 33.0123 36.0436 5.13118 -0.667584 9.67709 -1.01736 -3.05084 -0.365614 3.04072 -0.359927 -2.02517 -0.644928 2.91761 -1.21564
0.812915 2.98906 5.99537 8.96466 11.9883 14.9805 18.0327 21.0652 24.062 27.041 30.0642 33.1154 36.0831 5.13821 -0.791901 9.47649 -0.424919 -3.36444 -0.249763 2.84492 -0.137968 -2.2607 -0.383387 2.80257 -1.23041
0.787961 3.02164 6.03289 9.01761 12.0596 15.1077 18.0953 21.0813 24.0716 27.1132 30.1461 33.192 36.2248 5.20612 -0.861382 9.70878 -0.893492 -3.10931 -0.317972 2.96966 -0.313129 -2.11973 -0.390768 2.88691 -1.36342
0.804405 2.98043 5.9857 9.01511 12.0414 15.0025 18.0358 20.9982 24.002 27.0556 30.093 33.135 36.1501 5.10398 -0.666034 9.51781 -0.65895 -3.21239 -0.37458 2.89856 -0.126362 -2.24265 -0.376891 2.81774 -1.26805
0.784701 3.02058 6.04177 9.00214 12.0384 15.0844 18.0577 21.1023 24.1453 27.202 30.2357 33.2422 36.2561 5.20666 -0.884988 9.68395 -0.798743 -3.16311 -0.284818 2.95022 -0.355865 -2.14228 -0.28121 2.85917 -1.38936
0.803413 3.04745 6.07299 9.04038 12.0482 15.0278 18.002 21.0106 23.9885 26.9487 29.9716 33.0289 36.0377 5.26246 -0.948901 9.86163 -1.07448 -2.87395 -0.644283 3.16345 -0.360845 -1.94658 -0.756525 3.01597 -1.28188
0.827222 3.01608 5.99122 8.97691 11.9462 14.9199 17.9423 20.983 24.0256 27.0549 30.0178 32.978 35.9459 5.20493 -0.894147 9.59698 -0.545169 -3.19495 -0.514884 3.00566 -0.224808 -2.15327 -0.571212 2.8573 -1.13643
0.838851 2.96872 5.94536 8.9153 11.9681 14.9434 17.9407 20.9753 24.0256 27.0138 30.0225 32.9873 36.0367 5.10421 -0.778911 9.31553 -0.105007 -3.54647 -0.189258 2.7101 0.0824088 -2.41871 -0.35541 2.66858 -1.0577
R[i] step size = 3.06   Average Reduced Chi ^2 = 0.807501
