rChi^2    R[1]     R[2]    R[3]    R[4]    R[5]    R[6]    R[7]    R[8]    R[9]    R[10]    R[11]   Q0   Q1   Q2   Q3   Q4   Q5   Q6   Q7   Q8   Q9   Q10   Q11   
R[i] step size = 0   Average Reduced Chi ^2 = 280.701
R[i] step size = 0.1   Average Reduced Chi ^2 = 182.966
R[i] step size = 0.2   Average Reduced Chi ^2 = 31.9065
R[i] step size = 0.3   Average Reduced Chi ^2 = 27.5053
R[i] step size = 0.4   Average Reduced Chi ^2 = 15.5787
R[i] step size = 0.5   Average Reduced Chi ^2 = 16.4976
R[i] step size = 0.6   Average Reduced Chi ^2 = 9.60096
R[i] step size = 0.7   Average Reduced Chi ^2 = 8.54383
R[i] step size = 0.8   Average Reduced Chi ^2 = 7.45571
R[i] step size = 0.9   Average Reduced Chi ^2 = 5.25864
R[i] step size = 1   Average Reduced Chi ^2 = 5.4916
4.2221 1.09568 2.19176 3.28873 4.38586 5.48273 6.58204 7.67924 8.77467 9.87349 10.9705 12.0672 13.1664 -258.92 118.241 509.913 79.2376 -1145.79 295.137 1281.95 -544.372 -1695.31 2419.67 -1327.14 278.521
4.21907 1.09949 2.19833 3.29578 4.39518 5.49514 6.59072 7.68667 8.78454 9.87972 10.9774 12.0774 13.1748 -256.456 118.47 505.647 72.5882 -1137.81 303.116 1267.99 -543.93 -1676.82 2396.27 -1315.61 277.686
4.22097 1.09792 2.19486 3.29142 4.38834 5.4835 6.58066 7.67719 8.77719 9.87623 10.9734 12.0719 13.1686 -258.106 118.379 508.356 78.2374 -1140.48 288.431 1280.24 -541.3 -1688.81 2410.37 -1323.23 279.05
4.21824 1.09951 2.19535 3.29373 4.38956 5.48954 6.58885 7.68526 8.78361 9.88209 10.9816 12.0794 13.176 -255.568 116.88 503.774 77.7252 -1134.19 295.063 1265.31 -538.42 -1673.88 2394.22 -1317.99 278.208
4.2203 1.09657 2.19647 3.29286 4.39014 5.48828 6.58601 7.68461 8.78119 9.87822 10.9741 12.0736 13.1716 -257.486 118.794 506.973 75.7292 -1140.27 299.052 1273.92 -546.181 -1684.1 2405.82 -1319.08 277.958
4.21973 1.09804 2.19799 3.29425 4.38984 5.48885 6.58831 7.68537 8.78394 9.87896 10.9763 12.0749 13.1735 -257.01 118.717 505.908 76.2638 -1139.32 299.402 1270.92 -545.812 -1678.37 2400.99 -1318.09 277.53
4.22041 1.09771 2.19447 3.29238 4.39222 5.48794 6.58745 7.68306 8.78282 9.88156 10.9766 12.0726 13.1698 -257.66 118.19 508.283 75.487 -1140.67 299.024 1273.16 -549.786 -1679.47 2411.3 -1325.74 279.019
4.22094 1.09601 2.19455 3.2908 4.39041 5.4861 6.58208 7.68157 8.7787 9.87579 10.9732 12.0708 13.17 -258.065 118.584 508.292 76.1016 -1140.3 294.054 1278.75 -544.197 -1688.26 2410.85 -1322.6 277.929
4.21976 1.09642 2.19609 3.29146 4.39121 5.4892 6.58424 7.68185 8.7818 9.87909 10.9783 12.0741 13.1722 -256.977 118.244 505.76 75.6653 -1136.65 293.518 1273.43 -542.269 -1679.01 2404.33 -1323.19 278.29
4.2229 1.09621 2.19297 3.28972 4.38596 5.48304 6.58276 7.68036 8.77585 9.87106 10.9691 12.0653 13.1631 -259.56 118.955 511.085 78.6782 -1149.03 298.512 1284.49 -547.933 -1696.42 2423.41 -1330.62 279.566
R[i] step size = 1.1   Average Reduced Chi ^2 = 4.22044
3.79567 1.19987 2.3998 3.59833 4.79453 5.99404 7.19358 8.38883 9.58806 10.7855 11.9813 13.1773 14.3727 -73.597 37.6296 160.264 -9.1409 -349.15 174.091 342.62 -221.94 -489.553 849.459 -541.623 132.198
3.79883 1.19778 2.39499 3.59341 4.7888 5.98857 7.18495 8.3808 9.57719 10.7771 11.9721 13.1691 14.3656 -74.2101 37.639 161.475 -8.18535 -352.424 173.766 346.557 -221.11 -496.828 855.933 -543.789 132.434
3.79656 1.19866 2.3984 3.59489 4.79426 5.98937 7.18498 8.38137 9.58051 10.7803 11.9756 13.174 14.374 -73.8786 37.6462 160.753 -8.8143 -349.601 171.688 344.927 -219.47 -494.022 850.448 -539.647 131.229
3.79722 1.19773 2.39754 3.59575 4.79083 5.98678 7.18309 8.38199 9.57965 10.776 11.9753 13.1737 14.3699 -73.8848 37.6482 160.799 -8.13726 -350.349 171.478 345.56 -218.626 -495.124 851.216 -541.439 132.117
3.79798 1.19568 2.39464 3.59196 4.78905 5.98645 7.18595 8.38301 9.57956 10.7778 11.9728 13.1708 14.3698 -74.0567 37.5275 161.074 -7.81947 -351.407 173.261 345.408 -220.758 -495.399 853.136 -541.379 131.67
3.79844 1.19936 2.39606 3.59347 4.79029 5.98559 7.18108 8.37866 9.57568 10.7752 11.9726 13.17 14.367 -74.2053 37.6244 161.467 -8.01518 -351.639 171.759 346.902 -219.136 -497.386 854.635 -543 132.25
3.79871 1.19515 2.39222 3.58748 4.78528 5.9806 7.17927 8.37764 9.57481 10.7724 11.9719 13.1682 14.3682 -74.2126 37.3169 161.189 -6.49401 -351.989 170.937 346.986 -218.324 -497.626 854.327 -542.53 131.678
3.79824 1.19547 2.39306 3.58868 4.78758 5.9843 7.18173 8.37804 9.5752 10.7746 11.9733 13.1706 14.368 -74.1087 37.3478 161.034 -7.193 -351.418 171.43 346.292 -218.312 -496.931 853.452 -542.427 132.091
3.7987 1.19542 2.39108 3.5887 4.78584 5.98326 7.18202 8.3816 9.57796 10.7741 11.9727 13.1689 14.3668 -74.1474 37.2443 161.265 -6.87304 -352.134 172.355 346.596 -219.964 -496.609 854.765 -543.381 132.14
3.7977 1.19682 2.39512 3.59053 4.78667 5.98506 7.18408 8.38263 9.5789 10.778 11.9731 13.1727 14.3695 -74.0193 37.4435 160.755 -7.13914 -351.318 172.413 345.564 -220.004 -495.776 852.418 -541.063 131.983
R[i] step size = 1.2   Average Reduced Chi ^2 = 3.7978
3.35026 1.29665 2.59649 3.89398 5.19362 6.49135 7.78762 9.08517 10.3811 11.6789 12.9757 14.2747 15.5702 -22.0791 14.3464 55.3838 -21.1951 -98.8523 73.9898 104.141 -107.229 -115.118 284.176 -220.867 64.691
3.34836 1.29984 2.59696 3.89616 5.19374 6.48885 7.7866 9.08394 10.3819 11.6816 12.9789 14.278 15.5773 -21.9671 14.2517 55.1875 -20.8572 -98.6038 73.3414 103.893 -106.554 -114.72 282.895 -219.703 64.2252
3.35071 1.2982 2.59462 3.8929 5.18982 6.48956 7.78571 9.08162 10.3781 11.6751 12.9739 14.2715 15.5704 -22.098 14.2909 55.4317 -20.8768 -99.2877 73.8779 104.471 -106.906 -115.827 284.839 -221.02 64.4932
3.34843 1.29905 2.59888 3.89813 5.19401 6.49302 7.7907 9.08618 10.3838 11.6814 12.9809 14.2775 15.5762 -21.9607 14.3314 55.1466 -21.1019 -98.4795 73.6833 103.683 -106.811 -114.268 283.052 -220.23 64.3425
3.35361 1.29714 2.59449 3.89323 5.1906 6.48952 7.78502 9.0811 10.3775 11.6731 12.9691 14.2642 15.5619 -22.2832 14.4396 55.8739 -21.3041 -99.9019 74.7089 105.047 -108.305 -116.077 286.961 -222.645 64.8725
3.34767 1.29981 2.59688 3.89389 5.19138 6.48966 7.78839 9.08427 10.3833 11.682 12.9815 14.2809 15.5776 -21.9158 14.1922 54.987 -20.5951 -98.4948 73.1826 103.663 -106.274 -114.353 282.282 -219.668 64.3826
3.35219 1.29503 2.59283 3.8886 5.18482 6.48479 7.78372 9.08142 10.3808 11.6767 12.9725 14.2684 15.566 -22.1794 14.2982 55.5108 -20.5075 -99.8982 74.1746 104.764 -108.08 -115.206 285.63 -221.844 64.7239
3.35289 1.29659 2.59378 3.892 5.19056 6.48848 7.78394 9.08341 10.3788 11.6741 12.9693 14.2656 15.5649 -22.2431 14.3871 55.7741 -21.1828 -99.7293 74.5357 104.915 -108.131 -116.021 286.415 -221.988 64.6557
3.34922 1.29548 2.59357 3.89133 5.19086 6.49047 7.7901 9.08733 10.3847 11.6823 12.9794 14.2753 15.5747 -22.0036 14.2149 55.2071 -20.8124 -98.7844 73.936 103.77 -107.425 -114.081 283.505 -220.479 64.3406
3.35026 1.29877 2.59779 3.89717 5.19306 6.49121 7.78677 9.0838 10.3818 11.6813 12.9769 14.2737 15.5706 -22.0819 14.3897 55.4307 -21.2078 -99.012 73.9639 104.305 -107.607 -114.697 284.363 -221.084 64.625
R[i] step size = 1.3   Average Reduced Chi ^2 = 3.35036
2.42926 1.39935 2.79873 4.19787 5.59665 6.99633 8.39625 9.79138 11.1893 12.5893 13.9854 15.382 16.7795 81.0465 -90.1931 -159.845 331.842 -42.1696 -375.288 280.44 374.966 -907.714 857.072 -445.462 107.052
2.42874 1.3958 2.79454 4.19412 5.59171 6.98977 8.38543 9.7854 11.1811 12.58 13.9752 15.3734 16.7714 82.0999 -91.1763 -162.294 335.381 -39.9579 -381.381 282.148 382.012 -919.904 865.602 -448.383 107.601
2.42881 1.39803 2.79749 4.19552 5.59287 6.99089 8.38695 9.78495 11.1807 12.5807 13.977 15.3754 16.7717 81.9525 -91.1973 -161.74 334.838 -40.2964 -380.357 280.913 382.194 -918.141 863.963 -448.126 107.743
2.42831 1.39683 2.79267 4.18846 5.58671 6.98451 8.38141 9.77817 11.1745 12.5696 13.9679 15.365 16.765 83.0897 -91.9447 -164.513 338.348 -38.913 -386.449 283.441 390.611 -930.869 872.44 -451.462 107.966
2.42867 1.3961 2.79272 4.18853 5.5882 6.98505 8.38465 9.78219 11.178 12.5772 13.9763 15.3732 16.7685 82.1678 -90.7874 -162.724 334.482 -38.3068 -382.359 280.591 385.409 -920.892 865.884 -449.841 108.124
2.42852 1.39818 2.79509 4.19432 5.59132 6.98867 8.38463 9.78121 11.1789 12.5746 13.9712 15.3689 16.768 82.6639 -91.847 -163.347 337.647 -40.4035 -383.95 283.345 386.604 -926.187 869.481 -450.05 107.79
2.42871 1.39784 2.79291 4.19252 5.59098 6.98906 8.38713 9.78416 11.1815 12.5807 13.9758 15.3717 16.7706 82.2099 -90.9885 -162.752 335.521 -40.0599 -381.769 282.458 382.592 -921.198 867.79 -449.746 107.69
2.42878 1.39858 2.79582 4.19376 5.59123 6.98948 8.38564 9.7828 11.1791 12.5784 13.9779 15.3748 16.771 82.0087 -90.9946 -162.122 334.551 -39.3796 -380.815 279.758 384.426 -918.432 863.689 -448.78 107.835
2.42896 1.39742 2.79418 4.18971 5.58863 6.98388 8.38314 9.78206 11.1818 12.5814 13.9805 15.3784 16.7738 81.6064 -90.1921 -161.541 331.817 -36.9463 -380.113 278.126 382.864 -914.733 860.431 -447.23 107.657
2.42903 1.39898 2.797 4.19269 5.59178 6.99023 8.38953 9.78651 11.1835 12.5807 13.9792 15.3788 16.777 81.5837 -90.4784 -161.193 332.796 -39.7353 -378.822 280.04 381.134 -913.834 858.474 -445.272 107.054
R[i] step size = 1.4   Average Reduced Chi ^2 = 2.42878
2.5102 1.4956 2.99165 4.48787 5.98678 7.48436 8.98095 10.4767 11.9766 13.4738 14.9729 16.4697 17.9667 15.4205 -15.7665 -24.9886 65.8072 -24.1242 -57.4807 83.1994 20.4619 -147.366 176.612 -117.166 37.1584
2.51064 1.49689 2.99354 4.49191 5.98859 7.4868 8.98638 10.4846 11.9825 13.4808 14.9785 16.4758 17.9716 15.2885 -15.6397 -24.6883 65.1709 -23.9558 -56.817 82.9132 19.3885 -145.653 175.17 -116.442 37.0325
2.51 1.4968 2.9943 4.49101 5.9861 7.48571 8.98304 10.4786 11.9739 13.4717 14.9676 16.4676 17.965 15.4967 -15.9304 -25.0665 66.1279 -24.3238 -57.669 83.6625 20.4996 -148.258 177.273 -117.23 37.1861
2.51008 1.49549 2.99163 4.49114 5.98794 7.4849 8.98012 10.4784 11.9747 13.47 14.9684 16.4677 17.967 15.4615 -15.8506 -25.0362 66.0219 -24.1893 -57.6748 83.4991 20.601 -147.978 176.826 -116.996 37.0823
2.51085 1.49782 2.99441 4.49296 5.99271 7.49111 8.98627 10.4861 11.9837 13.4816 14.9784 16.4782 17.9754 15.2296 -15.5644 -24.5447 64.9928 -24.0453 -56.4915 82.6859 19.1725 -145.08 174.325 -115.774 36.8612
2.51085 1.49903 2.99476 4.49211 5.98997 7.48858 8.98673 10.4845 11.9824 13.4815 14.9789 16.4771 17.9756 15.2437 -15.5752 -24.5926 64.9621 -23.9247 -56.5661 82.576 19.4039 -145.228 174.524 -115.895 36.8394
2.51108 1.49766 2.99732 4.49459 5.99062 7.49007 8.98842 10.4846 11.9827 13.4821 14.9813 16.4791 17.979 15.1741 -15.5565 -24.3865 64.6484 -23.8694 -56.2209 82.1275 19.4639 -144.572 173.723 -115.465 36.7013
2.51068 1.49993 2.99636 4.49302 5.98921 7.48667 8.98424 10.4799 11.9786 13.4771 14.9766 16.4746 17.9738 15.2997 -15.6772 -24.6636 65.1858 -23.9202 -56.8705 82.5112 20.1907 -146.036 175.025 -116.155 36.8786
2.51025 1.49638 2.99348 4.49002 5.98539 7.48213 8.9806 10.4804 11.9791 13.475 14.9725 16.4714 17.9673 15.4116 -15.7959 -24.9416 65.68 -23.9063 -57.5108 83.3629 20.0298 -147.09 176.306 -116.931 37.1525
2.51054 1.49889 2.99565 4.4908 5.98952 7.48728 8.9864 10.4852 11.9819 13.4779 14.9757 16.4744 17.9711 15.3274 -15.6908 -24.7319 65.359 -24.0853 -56.957 83.174 19.4887 -146.083 175.378 -116.426 37.0149
R[i] step size = 1.5   Average Reduced Chi ^2 = 2.51052
2.24059 1.59889 3.19486 4.79151 6.39137 7.99121 9.58994 11.1852 12.7826 14.382 15.9808 17.5776 19.1729 148.906 -274.506 -53.989 655.931 -786.721 62.5716 1072.08 -1736.85 1566.14 -917.374 328.109 -52.7359
2.2406 1.59843 3.19812 4.79429 6.3928 7.99053 9.58878 11.1885 12.7846 14.3838 15.9802 17.5754 19.1729 148.838 -275.52 -51.7617 654.642 -786.304 63.6107 1070.94 -1738.24 1569.7 -920.543 328.889 -52.6852
2.24107 1.59719 3.19404 4.79346 6.38893 7.98658 9.58459 11.1824 12.7784 14.3765 15.9752 17.5749 19.1719 149.624 -276.162 -53.7561 658.588 -788.472 60.2715 1078.41 -1744.67 1570.41 -917.175 327.009 -52.5158
2.24174 1.59762 3.19283 4.78812 6.38584 7.98296 9.58084 11.1759 12.7741 14.3714 15.9706 17.5683 19.1678 150.212 -276.612 -55.9273 663.413 -791.839 57.4735 1085 -1751.75 1576 -919.761 327.759 -52.4027
2.24219 1.59686 3.19226 4.79001 6.38611 7.98388 9.58241 11.1799 12.7777 14.3729 15.9683 17.5634 19.1591 150.625 -277.655 -55.0616 663.795 -794.399 62.251 1082.5 -1757.04 1586.59 -927.781 330.642 -52.8941
2.24155 1.59589 3.19235 4.78772 6.38655 7.9861 9.58227 11.1808 12.779 14.3744 15.9716 17.5697 19.1671 149.806 -275.904 -55.5212 661.074 -790.932 61.2191 1079.7 -1750.66 1578.9 -921.854 328.336 -52.5981
2.24117 1.59769 3.19592 4.79206 6.38918 7.98877 9.58449 11.1819 12.78 14.3769 15.9743 17.5716 19.1715 149.51 -276.233 -53.4853 658.259 -789.276 61.5751 1077.38 -1745.86 1574.44 -920.24 327.924 -52.4204
2.2421 1.59721 3.19323 4.78906 6.38436 7.98099 9.57785 11.1743 12.7743 14.3711 15.9669 17.5655 19.1636 150.525 -277.462 -55.7498 664.465 -792.351 56.285 1086.67 -1755.11 1582.19 -923.86 328.509 -52.5492
2.24172 1.59586 3.19389 4.79002 6.3893 7.98495 9.58121 11.1808 12.777 14.3754 15.9707 17.5669 19.1652 149.989 -276.962 -53.6836 661.133 -791.692 60.1491 1082.63 -1751.97 1579.86 -924.585 329.323 -52.6323
2.24091 1.5982 3.19792 4.79611 6.39348 7.99043 9.58828 11.1836 12.7813 14.3803 15.9765 17.5731 19.173 149.308 -276.629 -51.1342 655.97 -788.515 62.3509 1074.64 -1741.25 1571.56 -920.425 328.148 -52.4595
R[i] step size = 1.6   Average Reduced Chi ^2 = 2.24136
2.07131 1.69943 3.39881 5.09484 6.79282 8.49039 10.1889 11.8863 13.5854 15.2853 16.9825 18.6818 20.3816 56.553 -111.245 15.2048 205.551 -296.67 97.4791 317.213 -635.308 653.332 -440.311 186.318 -36.6373
2.07383 1.69504 3.39156 5.09066 6.78925 8.48753 10.1827 11.878 13.5747 15.2719 16.9702 18.6684 20.3653 57.2985 -112.4 14.8145 208.507 -300.957 98.5787 322.552 -644.604 660.908 -444.064 187.725 -36.8755
2.07163 1.69811 3.39638 5.09444 6.79214 8.48935 10.1886 11.8869 13.5858 15.2845 16.984 18.6794 20.3775 56.6403 -111.27 15.0164 205.91 -297.025 97.738 317.253 -636.112 654.022 -441.11 187.211 -36.7914
2.07308 1.696 3.3945 5.09268 6.78855 8.48804 10.1835 11.8825 13.5811 15.2764 16.9763 18.6718 20.3681 57.0381 -112.055 14.9416 207.428 -299.409 98.5893 319.941 -641.716 659.083 -443.388 187.956 -36.926
2.0732 1.69895 3.39722 5.09551 6.79174 8.49017 10.1899 11.8852 13.5805 15.278 16.973 18.6714 20.3686 57.1765 -112.57 15.6872 207.338 -300.419 100.536 318.701 -641.332 659.791 -444.205 187.639 -36.8631
2.07218 1.69701 3.39506 5.09207 6.79096 8.48894 10.1843 11.8824 13.5821 15.2816 16.9793 18.6762 20.3751 56.7586 -111.425 14.7895 206.578 -297.766 97.076 319.574 -638.484 656.097 -442.167 187.209 -36.7596
2.07493 1.69596 3.39277 5.09003 6.78511 8.48087 10.1788 11.8766 13.5719 15.2676 16.9642 18.6611 20.3589 57.6625 -113.259 14.8235 210.28 -302.676 98.851 324.296 -648.541 665.138 -446.668 188.498 -36.9228
2.07389 1.69733 3.3958 5.09355 6.7886 8.48654 10.1852 11.8809 13.579 15.2753 16.9706 18.6666 20.3633 57.3142 -112.764 15.3295 208.31 -300.948 99.553 320.462 -643.671 662.322 -445.918 188.46 -36.967
2.07299 1.6967 3.39509 5.09382 6.79281 8.48835 10.1877 11.883 13.5801 15.2782 16.9763 18.6713 20.3696 57.0646 -112.216 15.4715 207.25 -299.595 98.8312 319.645 -640.802 658.415 -443.632 187.898 -36.8493
2.07491 1.69641 3.39171 5.08904 6.78486 8.48334 10.1788 11.8744 13.5699 15.2666 16.9658 18.6614 20.3586 57.6249 -113.003 14.4441 210.225 -302.589 98.5172 325.119 -648.491 663.971 -445.961 188.577 -36.9513
R[i] step size = 1.7   Average Reduced Chi ^2 = 2.0732
1.86829 1.79991 3.59689 5.39545 7.19393 8.99067 10.7875 12.5854 14.3851 16.1845 17.9815 19.779 21.5743 21.5884 -41.6354 17.8993 58.9394 -102.871 66.4448 68.2032 -204.226 245.065 -192.871 99.009 -24.1577
1.86969 1.79943 3.59638 5.39442 7.18978 8.98844 10.7842 12.5805 14.3766 16.1758 17.9723 19.7709 21.5699 21.7405 -41.9803 17.9758 59.4551 -103.791 66.9446 69.1034 -206.034 246.604 -193.595 99.0578 -24.0923
1.86946 1.79707 3.59317 5.39292 7.18845 8.98591 10.7858 12.5828 14.3801 16.1759 17.9734 19.772 21.5718 21.7269 -41.8734 17.7982 59.5891 -103.734 67.0415 68.542 -205.73 246.462 -193.314 98.9409 -24.0612
1.86789 1.79969 3.59757 5.39669 7.19363 8.99221 10.7903 12.5894 14.3884 16.1861 17.9833 19.7805 21.5775 21.5532 -41.5769 17.907 58.7837 -102.747 66.7663 67.4669 -203.606 244.641 -192.545 98.8467 -24.1032
1.86953 1.79577 3.593 5.39046 7.19005 8.98748 10.7858 12.5827 14.3804 16.1775 17.9733 19.7731 21.5691 21.7 -41.8328 17.7876 59.5689 -103.753 67.0479 68.5829 -205.689 246.625 -193.575 99.0811 -24.1553
1.86988 1.79504 3.59057 5.38864 7.18706 8.98509 10.7816 12.5795 14.375 16.1739 17.9731 19.7703 21.568 21.7333 -41.8238 17.5965 59.85 -103.904 66.7055 69.5313 -206.421 246.602 -193.548 99.2027 -24.1355
1.86986 1.79637 3.59555 5.39305 7.19007 8.9873 10.7826 12.5784 14.3765 16.1745 17.9712 19.7702 21.5691 21.7345 -42.0007 18.0215 59.4819 -103.829 66.8188 69.2832 -206.32 246.911 -193.686 99.0673 -24.0941
1.87042 1.79587 3.59239 5.38806 7.18531 8.98319 10.7797 12.5747 14.3715 16.1709 17.9699 19.7672 21.5656 21.7737 -41.9588 17.638 60.0559 -104.132 66.5678 70.1182 -207.138 247.217 -193.917 99.2991 -24.1347
1.87051 1.79585 3.593 5.38982 7.186 8.98117 10.7782 12.5748 14.374 16.1697 17.9693 19.7676 21.5648 21.8015 -42.0626 17.8039 60.0115 -104.145 66.5389 69.9873 -207.354 247.586 -193.903 99.2804 -24.1561
1.8675 1.79995 3.59931 5.39831 7.1947 8.99302 10.7917 12.5907 14.3885 16.1861 17.9858 19.7827 21.5803 21.5169 -41.5494 17.9939 58.5958 -102.542 66.7201 67.3082 -203.215 243.878 -191.91 98.6551 -24.0646
R[i] step size = 1.8   Average Reduced Chi ^2 = 1.8693
1.67141 1.89576 3.79378 5.69014 7.58846 9.48426 11.38 13.2758 15.1756 17.0738 18.9735 20.8718 22.7692 8.74266 -13.0543 9.21713 16.7041 -29.2876 31.661 4.84491 -57.6027 82.3626 -76.1953 49.3029 -15.4033
1.67098 1.89854 3.79798 5.69416 7.59239 9.49171 11.3873 13.2851 15.1834 17.0825 18.9783 20.8738 22.7697 8.7261 -13.0369 9.27274 16.5532 -29.1816 31.8256 4.37145 -57.0743 82.1723 -76.3171 49.4148 -15.4345
1.67179 1.8968 3.79606 5.69349 7.59159 9.48685 11.3847 13.2809 15.1763 17.074 18.971 20.8681 22.768 8.76605 -13.1339 9.33919 16.6536 -29.3911 31.9459 4.54922 -57.5333 82.5428 -76.4279 49.3702 -15.3884
1.6717 1.89989 3.79502 5.6904 7.58926 9.4865 11.3819 13.278 15.1734 17.0728 18.9718 20.8703 22.7669 8.76761 -13.0991 9.23231 16.7417 -29.3991 31.8178 4.80281 -57.6777 82.4836 -76.322 49.3662 -15.4219
1.67112 1.89681 3.79432 5.69348 7.59009 9.48714 11.3867 13.2846 15.1843 17.0806 18.9769 20.8734 22.7692 8.73539 -13.0324 9.23176 16.6261 -29.2121 31.8221 4.34428 -57.1422 82.263 -76.3039 49.3931 -15.4331
1.67249 1.89717 3.79301 5.68821 7.58639 9.48446 11.3823 13.2783 15.1743 17.0718 18.9688 20.8652 22.7607 8.78913 -13.1518 9.24137 16.8367 -29.5743 32.0379 4.66074 -57.8316 82.9255 -76.7847 49.6176 -15.4739
1.6714 1.89857 3.79497 5.69175 7.58983 9.48793 11.383 13.2798 15.1784 17.0783 18.974 20.8718 22.7676 8.74883 -13.061 9.23083 16.6685 -29.2939 31.7789 4.64944 -57.4229 82.4275 -76.406 49.408 -15.4362
1.67279 1.89928 3.79459 5.69331 7.59128 9.48732 11.3833 13.2785 15.174 17.069 18.9666 20.862 22.7603 8.81994 -13.2377 9.38958 16.7423 -29.6485 32.1867 4.59245 -57.9603 83.1106 -76.8921 49.6384 -15.4486
1.67101 1.89748 3.79472 5.69013 7.58571 9.48567 11.385 13.2832 15.1827 17.0806 18.9788 20.8741 22.7694 8.72211 -12.9912 9.13077 16.7078 -29.1969 31.7284 4.47386 -57.1623 82.1481 -76.2414 49.4135 -15.4408
1.67033 1.89679 3.79518 5.69193 7.58999 9.4893 11.3874 13.2869 15.1864 17.0831 18.9803 20.8793 22.7746 8.69782 -12.9446 9.15376 16.5855 -29.0557 31.6775 4.32954 -56.8858 81.8433 -75.8801 49.1731 -15.4028
R[i] step size = 1.9   Average Reduced Chi ^2 = 1.6715
1.40436 1.99747 3.99287 5.99125 7.98957 9.98501 11.9825 13.9825 15.978 17.976 19.9753 21.9709 23.9669 -19.0194 68.4866 -88.447 55.1448 49.1177 -155.406 231.286 -251.212 205.019 -129.786 65.0688 -19.1496
1.40434 1.99919 3.99795 5.99605 7.99263 9.98873 11.9855 13.9838 15.9815 17.9774 19.9744 21.9707 23.9658 -18.9411 68.4513 -88.7187 55.6765 48.5689 -155.088 231.042 -251.303 205.546 -130.104 65.1478 -19.1743
1.40445 1.99735 3.99317 5.99165 7.99003 9.98965 11.9865 13.985 15.9819 17.9787 19.9772 21.9723 23.9698 -18.9293 68.2277 -88.1482 55.1241 48.6427 -154.607 230.275 -250.382 204.626 -129.569 64.9482 -19.1055
1.40436 1.99861 3.99374 5.99057 7.98633 9.98627 11.9837 13.9831 15.9824 17.9784 19.974 21.9707 23.9666 -18.9849 68.4155 -88.325 54.9065 49.2897 -155.35 230.863 -251.082 205.56 -130.149 65.1192 -19.1592
1.40439 1.99637 3.9921 5.98954 7.98534 9.98334 11.9823 13.9821 15.9807 17.977 19.9737 21.971 23.9685 -18.9841 68.3724 -88.2144 54.7246 49.4598 -155.415 230.884 -250.958 205.24 -129.855 64.9648 -19.1149
1.40428 1.99909 3.99546 5.99452 7.99201 9.9871 11.9839 13.979 15.9768 17.974 19.9704 21.9688 23.9653 -19.0879 68.7884 -89.0786 55.8616 48.847 -156.098 232.271 -252.037 205.907 -130.217 65.1026 -19.1568
1.40475 1.99568 3.99464 5.99449 7.99189 9.99108 11.9905 13.9873 15.9852 17.9846 19.9828 21.9804 23.9795 -18.6393 67.4048 -87.195 54.6901 47.9664 -152.817 227.616 -247.282 202.178 -128.135 64.2818 -18.9643
1.40455 1.99968 3.99522 5.99371 7.99269 9.99097 11.9875 13.9831 15.9822 17.9815 19.9795 21.9746 23.9732 -18.8463 68.0131 -87.9284 55.1053 48.3981 -154.248 229.39 -248.95 203.566 -129.081 64.7367 -19.0523
1.40424 1.99756 3.99496 5.99219 7.98893 9.98548 11.9809 13.9807 15.9779 17.9746 19.9705 21.9656 23.9648 -19.0894 68.8198 -89.0135 55.5365 49.3041 -156.168 232.262 -252.42 206.368 -130.632 65.2903 -19.153
1.40465 1.99995 3.99694 5.99487 7.99465 9.99144 11.9902 13.987 15.9847 17.9806 19.9802 21.9775 23.9765 -18.7459 67.7822 -87.6922 55.0896 47.9305 -153.372 228.67 -248.72 203.265 -128.569 64.4679 -19.0022
R[i] step size = 2   Average Reduced Chi ^2 = 1.40444
1.45245 2.09957 4.1989 6.29564 8.39144 10.4902 12.5874 14.6824 16.7809 18.8786 20.978 23.076 25.173 0.580517 9.53153 -11.3281 14.1859 5.6767 -15.9316 23.1196 -33.0549 31.7263 -21.7434 16.1421 -7.80874
1.45198 2.09738 4.19417 6.2898 8.38966 10.4881 12.5852 14.6804 16.7757 18.8734 20.9684 23.0647 25.1611 0.502654 9.75145 -11.6068 14.3828 5.70633 -16.291 23.8186 -33.908 32.5144 -22.3279 16.4399 -7.88637
1.45239 2.0985 4.19634 6.29363 8.3897 10.4853 12.5826 14.681 16.7798 18.8786 20.9766 23.0762 25.1712 0.570091 9.54533 -11.325 14.1432 5.75815 -16.0002 23.1792 -33.1196 31.7938 -21.7955 16.1698 -7.82313
1.45242 2.09996 4.1958 6.29278 8.39143 10.4909 12.5883 14.6833 16.782 18.8786 20.9757 23.0749 25.1726 0.567607 9.55313 -11.3365 14.1943 5.66316 -15.9351 23.1508 -33.1276 31.8242 -21.802 16.1539 -7.81002
1.45238 2.0997 4.19929 6.29879 8.39631 10.4922 12.5911 14.6881 16.7854 18.8806 20.9762 23.0739 25.171 0.579223 9.53276 -11.3422 14.2562 5.57731 -15.8652 23.1277 -33.1803 31.9201 -21.8891 16.2015 -7.82201
1.45255 2.09557 4.19265 6.29247 8.38963 10.4891 12.5878 14.6864 16.7848 18.8826 20.9778 23.0767 25.176 0.579449 9.48773 -11.2302 14.0957 5.69057 -15.8169 22.9308 -32.8895 31.6476 -21.6994 16.0864 -7.78617
1.45207 2.09898 4.19538 6.29314 8.38905 10.4847 12.5817 14.6779 16.7752 18.8711 20.968 23.0668 25.164 0.517655 9.70776 -11.5641 14.3379 5.75392 -16.2845 23.7369 -33.8053 32.3921 -22.1897 16.3582 -7.86489
1.45232 2.09628 4.19314 6.29003 8.38853 10.4843 12.5813 14.6777 16.7773 18.8762 20.9725 23.0719 25.1708 0.544398 9.6069 -11.3876 14.1771 5.77923 -16.108 23.3488 -33.2976 31.9572 -21.9062 16.2005 -7.81856
1.45233 2.09895 4.19396 6.29358 8.38866 10.4853 12.5853 14.6824 16.7813 18.8765 20.9759 23.0719 25.1704 0.555505 9.5744 -11.3681 14.1867 5.73538 -16.0303 23.2835 -33.2966 31.9605 -21.9061 16.2251 -7.82394
1.45223 2.09608 4.19168 6.29011 8.38702 10.4867 12.5856 14.6836 16.7823 18.8779 20.9748 23.0708 25.1669 0.537228 9.61918 -11.4102 14.2051 5.74674 -16.0766 23.3726 -33.4252 32.1212 -22.0449 16.3016 -7.85069
R[i] step size = 2.1   Average Reduced Chi ^2 = 1.45231
1.30665 2.19775 4.39467 6.59354 8.79257 10.991 13.1901 15.3886 17.5852 19.7807 21.9785 24.1745 26.3714 -73.3875 279.066 -527.639 745.686 -839.068 811.589 -680.624 485.377 -292.467 146.881 -52.9486 8.77554
1.30638 2.1977 4.39619 6.59459 8.79311 10.9899 13.1893 15.3892 17.5882 19.7847 21.9799 24.1784 26.3764 -73.1716 278.592 -527.119 745.228 -837.87 809.075 -677.738 483.387 -291.802 146.714 -52.8231 8.76496
1.30697 2.19562 4.39082 6.5895 8.78621 10.9822 13.1818 15.381 17.5776 19.7774 21.9739 24.1721 26.3718 -74.1785 281.65 -532.473 751.95 -844.059 814.039 -681.319 484.715 -291.65 146.579 -52.7398 8.72512
1.30714 2.1987 4.39661 6.59538 8.79305 10.9881 13.1862 15.383 17.5792 19.7768 21.9728 24.1678 26.3643 -73.6557 280.396 -531.085 751.758 -845.96 817.366 -684.538 487.132 -293.255 147.352 -53.0433 8.77143
1.30718 2.19695 4.39679 6.59274 8.7889 10.9866 13.1834 15.3785 17.5759 19.7725 21.9696 24.169 26.3686 -73.8919 281.729 -533.509 753.52 -847.59 819.573 -685.636 487.223 -292.997 146.849 -52.753 8.72101
1.30707 2.19516 4.39225 6.5903 8.78535 10.9832 13.1797 15.3795 17.5772 19.7742 21.9716 24.1714 26.371 -74.1692 281.998 -533.667 753.221 -846.016 816.145 -682.175 485.511 -292.194 146.55 -52.6813 8.7168
1.30637 2.19961 4.39788 6.59667 8.79278 10.9925 13.1916 15.3899 17.5856 19.7848 21.9818 24.178 26.3755 -73.0763 278.347 -527.203 744.735 -837.324 810.121 -679.448 483.998 -291.44 146.652 -52.8995 8.77559
1.30689 2.19667 4.39354 6.59278 8.79243 10.989 13.1875 15.3845 17.5838 19.7789 21.9745 24.1716 26.3685 -73.6145 279.8 -529.023 748.298 -842.294 814.248 -681.816 485.682 -293.006 147.137 -52.9398 8.7672
1.30682 2.19668 4.39374 6.59156 8.78858 10.9852 13.1834 15.383 17.5814 19.7768 21.9766 24.1749 26.3716 -73.8269 280.806 -531.177 750.322 -842.999 813.328 -680.442 484.722 -291.871 146.385 -52.7602 8.75364
1.30631 2.19857 4.39818 6.59486 8.79169 10.9911 13.1888 15.3863 17.5834 19.7834 21.9826 24.181 26.3788 -73.1676 279.003 -528.174 745.76 -838.733 811.143 -679.128 482.931 -290.493 146.045 -52.7063 8.75698
R[i] step size = 2.2   Average Reduced Chi ^2 = 1.30678
1.2036 2.29582 4.59541 6.89503 9.19019 11.4882 13.7871 16.0841 18.3838 20.6797 22.977 25.2725 27.5678 -21.896 94.5532 -180.891 270.053 -309.882 313.556 -283.012 218.585 -144.515 84.1243 -37.8657 8.50032
1.20339 2.29924 4.59594 6.89578 9.19411 11.4902 13.7893 16.0886 18.384 20.6802 22.9765 25.2725 27.5718 -21.8573 94.3141 -180.221 269.461 -309.556 313.129 -283.115 218.985 -144.63 84.1431 -37.8178 8.47499
1.20436 2.29998 4.59582 6.89368 9.1892 11.4847 13.781 16.0761 18.3756 20.6726 22.9684 25.2644 27.5635 -22.1546 95.4872 -182.613 272.712 -313.245 316.744 -285.269 219.789 -145.136 84.3978 -37.8752 8.4709
1.20355 2.29768 4.59683 6.89224 9.18742 11.487 13.7826 16.0811 18.3805 20.6772 22.974 25.2736 27.5729 -21.9872 95.0331 -181.62 270.618 -310.641 314.124 -283.029 218.435 -144.28 83.879 -37.6798 8.45599
1.20279 2.29901 4.59875 6.89631 9.19353 11.4919 13.7903 16.0883 18.387 20.6822 22.9799 25.2798 27.5797 -21.7254 94.0443 -179.78 268.461 -308.315 312.071 -281.837 217.827 -143.933 83.6619 -37.6212 8.45528
1.20353 2.29939 4.59876 6.89591 9.19318 11.4919 13.787 16.0855 18.3829 20.6805 22.9772 25.2726 27.5685 -21.8435 94.4915 -180.655 269.779 -310.261 314.034 -283.278 218.764 -144.504 84.1529 -37.8689 8.49794
1.20361 2.29806 4.59562 6.89129 9.18746 11.4863 13.7837 16.0831 18.3819 20.6786 22.9778 25.2729 27.5687 -22.0027 94.9951 -181.393 270.287 -310.087 313.458 -282.705 218.356 -144.224 83.9617 -37.8285 8.49202
1.20354 2.29937 4.59698 6.89509 9.19246 11.4914 13.7883 16.0852 18.3818 20.6781 22.9773 25.2735 27.5685 -21.8869 94.5276 -180.637 269.71 -310.057 314.079 -283.623 218.989 -144.475 84.0165 -37.8337 8.49836
1.2033 2.29661 4.59539 6.89179 9.18945 11.4875 13.7854 16.0836 18.3801 20.6799 22.9794 25.2766 27.5733 -21.9261 94.707 -180.824 269.716 -309.633 313.173 -282.636 218 -143.719 83.6902 -37.7137 8.47653
1.20431 2.29798 4.59381 6.89319 9.18945 11.4872 13.7827 16.0778 18.3761 20.6722 22.9679 25.2649 27.5641 -22.1316 95.2906 -182.147 271.992 -312.724 316.648 -285.416 220.041 -145.253 84.3952 -37.8551 8.46898
R[i] step size = 2.3   Average Reduced Chi ^2 = 1.2036
1.08106 2.39511 4.79023 7.18669 9.58424 11.9823 14.3778 16.775 19.1712 21.5691 23.9662 26.3653 28.7624 -3.78161 28.949 -53.887 90.7432 -102.895 106.383 -104.698 87.7977 -61.9208 41.3607 -23.7874 7.12428
1.08029 2.39505 4.79076 7.18691 9.58636 11.984 14.3808 16.7799 19.1784 21.5762 23.9731 26.371 28.7699 -3.72478 28.7397 -53.4293 90.077 -102.065 105.42 -103.798 87.1757 -61.5925 41.2064 -23.7348 7.11344
1.08014 2.39554 4.79228 7.19184 9.59115 11.9905 14.387 16.7847 19.1797 21.5753 23.975 26.372 28.7699 -3.6732 28.541 -53.1127 89.7426 -101.856 105.453 -104.051 87.4534 -61.6814 41.2055 -23.7541 7.12161
1.07966 2.39894 4.79643 7.19435 9.59399 11.9897 14.389 16.7851 19.1817 21.5808 23.9782 26.3781 28.7737 -3.62728 28.4338 -52.9438 89.5853 -101.564 105.034 -103.622 86.9726 -61.3774 41.0661 -23.6931 7.12403
1.08038 2.39955 4.79574 7.19284 9.58919 11.9884 14.3868 16.7821 19.1792 21.5753 23.9706 26.3701 28.7677 -3.68526 28.6507 -53.3943 90.0668 -102.074 105.702 -104.262 87.561 -61.8577 41.3222 -23.7636 7.12325
1.0808 2.39904 4.79569 7.1938 9.58978 11.9853 14.3814 16.7768 19.1745 21.5713 23.9695 26.3651 28.7647 -3.71718 28.7718 -53.6932 90.6672 -102.847 106.33 -104.634 87.7333 -61.9068 41.3751 -23.8102 7.11938
1.08027 2.39528 4.79174 7.1877 9.58567 11.984 14.3823 16.7807 19.1764 21.5746 23.9737 26.3723 28.7699 -3.71931 28.7385 -53.4632 90.0841 -102 105.422 -103.947 87.2719 -61.5362 41.1398 -23.7192 7.11639
1.0809 2.39527 4.79142 7.18686 9.58455 11.983 14.3814 16.7777 19.1746 21.5728 23.9698 26.3655 28.7624 -3.75662 28.8791 -53.7391 90.4737 -102.476 105.999 -104.464 87.6528 -61.882 41.4022 -23.8343 7.13248
1.081 2.39531 4.79083 7.18949 9.58616 11.9825 14.3778 16.7766 19.1748 21.5716 23.9673 26.3631 28.763 -3.76185 28.8705 -53.8013 90.7336 -102.867 106.22 -104.488 87.732 -61.9983 41.4566 -23.8281 7.11969
1.08036 2.39721 4.79313 7.18845 9.58583 11.9848 14.3828 16.7823 19.1779 21.5745 23.9728 26.3709 28.7684 -3.71527 28.7427 -53.4862 90.0923 -102.007 105.427 -103.986 87.4094 -61.6839 41.2233 -23.7497 7.12068
R[i] step size = 2.4   Average Reduced Chi ^2 = 1.08048
0.971889 2.49593 4.99214 7.48995 9.98513 12.4836 14.9836 17.4789 19.9741 22.4714 24.97 27.4658 29.9645 2.12514 7.71511 -11.7328 30.2831 -31.3904 30.1489 -33.7722 31.7911 -22.6543 16.7557 -13.3703 5.56741
0.971872 2.49525 4.99122 7.49077 9.98741 12.4843 14.9812 17.4771 19.9752 22.4739 24.9719 27.4675 29.9631 2.12547 7.70449 -11.7062 30.285 -31.438 30.166 -33.7124 31.7158 -22.6221 16.7532 -13.3819 5.57703
0.97112 2.49876 4.99424 7.49084 9.98809 12.4878 14.9875 17.4867 19.9824 22.4811 24.979 27.4772 29.9733 2.15413 7.62126 -11.536 29.986 -31.0412 29.7331 -33.3578 31.4779 -22.4401 16.6091 -13.3034 5.564
0.971339 2.49937 4.99476 7.49023 9.98957 12.4878 14.9863 17.483 19.9813 22.4782 24.9768 27.4749 29.9699 2.15044 7.64022 -11.5688 30.0629 -31.1751 29.8906 -33.4725 31.5534 -22.5057 16.6478 -13.3264 5.57004
0.970791 2.49955 4.99468 7.49454 9.99291 12.4925 14.9917 17.4911 19.9877 22.4852 24.9842 27.4798 29.977 2.17094 7.55457 -11.4033 29.8371 -30.9124 29.5971 -33.2213 31.3897 -22.3901 16.5792 -13.2947 5.56064
0.971103 2.49692 4.99561 7.49345 9.98967 12.4867 14.9853 17.4841 19.9826 22.4797 24.9772 27.477 29.9749 2.15371 7.62349 -11.5524 30.0476 -31.1228 29.7834 -33.3525 31.4629 -22.4432 16.5944 -13.2837 5.55611
0.971501 2.49803 4.99741 7.49322 9.99124 12.4887 14.9859 17.4813 19.9788 22.4771 24.9744 27.4724 29.9678 2.15011 7.65054 -11.6044 30.1413 -31.2993 30.0354 -33.6011 31.6331 -22.559 16.692 -13.3439 5.57193
0.971217 2.49708 4.99369 7.49314 9.98824 12.4861 14.984 17.4827 19.9822 22.4816 24.9791 27.4747 29.9725 2.14853 7.63307 -11.5752 30.0727 -31.1446 29.8075 -33.3556 31.4456 -22.4442 16.6359 -13.3189 5.56221
0.970713 2.49918 4.99862 7.49783 9.99596 12.4959 14.9912 17.4881 19.9879 22.485 24.9839 27.4803 29.9789 2.17942 7.54014 -11.386 29.8389 -30.9844 29.6974 -33.2402 31.3583 -22.3734 16.5605 -13.2778 5.55451
0.971787 2.49997 4.99498 7.49007 9.98838 12.4867 14.9829 17.4782 19.9754 22.4725 24.9696 27.4685 29.9654 2.13812 7.69174 -11.6844 30.2395 -31.415 30.175 -33.7361 31.7463 -22.636 16.7309 -13.3529 5.56932
R[i] step size = 2.5   Average Reduced Chi ^2 = 0.971333
0.913492 2.59947 5.19642 7.79401 10.3906 12.9903 15.5871 18.1833 20.7832 23.3805 25.9794 28.5785 31.1761 3.92676 1.55477 1.24538 11.7928 -10.3928 6.10591 -8.82404 10.8997 -6.85058 4.25901 -6.24958 4.06693
0.913592 2.59973 5.19777 7.79351 10.3892 12.9888 15.5848 18.1841 20.7818 23.3796 25.9756 28.5722 31.1706 3.92511 1.56426 1.22103 11.8248 -10.4257 6.14028 -8.8704 10.9534 -6.90214 4.31151 -6.28171 4.07341
0.913562 2.59743 5.19689 7.79337 10.3904 12.9863 15.5854 18.1838 20.781 23.3799 25.9782 28.5756 31.1712 3.92037 1.57055 1.22048 11.8327 -10.425 6.12575 -8.85931 10.9354 -6.87843 4.29119 -6.27517 4.07547
0.913552 2.59856 5.19356 7.79206 10.3917 12.9896 15.5853 18.1836 20.7819 23.3805 25.9789 28.576 31.1712 3.92302 1.56103 1.23692 11.816 -10.4264 6.13563 -8.85737 10.9327 -6.87945 4.29172 -6.27592 4.07614
0.913594 2.59844 5.1976 7.79283 10.3915 12.9913 15.5877 18.186 20.7821 23.378 25.9761 28.5725 31.169 3.92297 1.56559 1.22833 11.821 -10.4365 6.15782 -8.89316 10.9787 -6.91656 4.31782 -6.29003 4.07796
0.913622 2.59532 5.19168 7.78907 10.3869 12.985 15.5825 18.1818 20.7789 23.3789 25.9753 28.5707 31.1699 3.91261 1.5844 1.19422 11.8575 -10.4404 6.14801 -8.88305 10.9549 -6.89746 4.31505 -6.28503 4.0731
0.913627 2.59564 5.19432 7.79202 10.3881 12.9871 15.5856 18.1835 20.7792 23.3757 25.9722 28.5702 31.1701 3.9142 1.58299 1.19973 11.8497 -10.4424 6.16076 -8.90528 10.9834 -6.91548 4.31655 -6.28219 4.07183
0.913699 2.59537 5.19284 7.78832 10.3865 12.9839 15.5828 18.178 20.7755 23.3747 25.971 28.5677 31.1664 3.91099 1.59239 1.17535 11.8872 -10.476 6.19845 -8.93914 10.9943 -6.92307 4.33477 -6.29856 4.077
0.91343 2.59786 5.19756 7.79686 10.3941 12.9937 15.591 18.1876 20.7866 23.3859 25.9841 28.5797 31.1774 3.92589 1.55125 1.26933 11.7639 -10.3764 6.08537 -8.80046 10.8832 -6.84562 4.2622 -6.25184 4.06749
0.913713 2.5975 5.19316 7.79217 10.389 12.9842 15.5821 18.1815 20.7772 23.3725 25.9698 28.5686 31.1641 3.91592 1.58368 1.18923 11.8833 -10.4856 6.1969 -8.94365 11.0209 -6.94503 4.34158 -6.30658 4.083
R[i] step size = 2.6   Average Reduced Chi ^2 = 0.913588
0.921234 2.696 5.39235 8.08806 10.7865 13.4846 16.1803 18.8784 21.5735 24.2723 26.9712 29.6699 32.3657 4.50843 -0.110358 5.39559 6.1078 -5.39057 0.0271869 -1.10877 4.32197 -2.18591 -0.871522 -1.81909 2.70199
0.921194 2.69806 5.39468 8.09115 10.7878 13.4871 16.1838 18.8824 21.5809 24.2772 26.9725 29.669 32.364 4.51324 -0.117222 5.40969 6.08797 -5.38092 0.0196916 -1.0945 4.31916 -2.19858 -0.860871 -1.82546 2.70452
0.921393 2.69613 5.39251 8.09025 10.7872 13.487 16.1844 18.8843 21.5822 24.2781 26.9736 29.6729 32.3712 4.50919 -0.111844 5.40608 6.08812 -5.37445 0.00871131 -1.0799 4.30459 -2.18454 -0.879005 -1.80594 2.69582
0.921264 2.6963 5.39354 8.08878 10.7865 13.4849 16.1807 18.8804 21.5774 24.2762 26.9714 29.6701 32.3667 4.50923 -0.111714 5.39923 6.10146 -5.38409 0.0190121 -1.097 4.31533 -2.18805 -0.869932 -1.81775 2.70101
0.921206 2.6983 5.39781 8.09466 10.7899 13.4898 16.1857 18.8842 21.5804 24.2759 26.9714 29.6693 32.3645 4.51348 -0.115889 5.41876 6.07404 -5.38061 0.0232527 -1.09655 4.32062 -2.1971 -0.863141 -1.82414 2.70398
0.921585 2.69929 5.39673 8.09517 10.7946 13.491 16.1861 18.8847 21.5839 24.2837 26.9831 29.6824 32.3775 4.51746 -0.126305 5.44023 6.05466 -5.36765 -0.000126039 -1.06132 4.28346 -2.1695 -0.898609 -1.78472 2.68941
0.921244 2.69522 5.39365 8.09005 10.7895 13.4887 16.1852 18.883 21.5792 24.2757 26.9747 29.6706 32.3658 4.50682 -0.107867 5.40389 6.0962 -5.39325 0.0309784 -1.10304 4.32304 -2.19655 -0.865775 -1.82033 2.70261
0.921276 2.69535 5.39388 8.09 10.7875 13.4859 16.185 18.8842 21.5794 24.2767 26.9731 29.6717 32.3669 4.50692 -0.107376 5.40024 6.098 -5.38449 0.0184257 -1.09434 4.31608 -2.19095 -0.870092 -1.81698 2.70133
0.921479 2.69932 5.39926 8.09573 10.7913 13.4886 16.1857 18.8832 21.5826 24.2789 26.9765 29.6756 32.3743 4.51657 -0.122323 5.43101 6.06057 -5.36515 0.000114376 -1.0688 4.2934 -2.17542 -0.889316 -1.79565 2.69191
0.921421 2.69997 5.39923 8.09654 10.7917 13.4873 16.1864 18.8839 21.5811 24.2777 26.9756 29.6738 32.3723 4.51781 -0.123315 5.43204 6.06156 -5.3668 0.000878529 -1.07378 4.29815 -2.1777 -0.885054 -1.80089 2.69397
R[i] step size = 2.7   Average Reduced Chi ^2 = 0.92133
0.965357 2.79519 5.59296 8.38928 11.1883 13.9871 16.785 19.5816 22.3772 25.1762 27.9741 30.7732 33.5716 4.78447 -0.603973 7.28595 3.50433 -4.40347 -0.897552 1.29146 2.30023 -1.75297 -2.14732 0.818758 1.40112
0.96522 2.7955 5.59525 8.39363 11.1914 13.9868 16.7819 19.5812 22.3794 25.176 27.9756 30.7718 33.5691 4.78416 -0.599881 7.29517 3.4884 -4.39687 -0.902952 1.29511 2.29942 -1.75522 -2.14635 0.817212 1.40283
0.965285 2.79886 5.59763 8.39754 11.1952 13.9921 16.7885 19.5837 22.3815 25.1799 27.9795 30.7748 33.5729 4.79195 -0.611113 7.31793 3.45793 -4.38672 -0.906466 1.30596 2.28944 -1.75211 -2.14945 0.825864 1.3977
0.965264 2.796 5.59502 8.39043 11.1875 13.9861 16.7831 19.583 22.3791 25.1747 27.9714 30.7701 33.5691 4.78598 -0.605738 7.28963 3.49814 -4.39676 -0.903289 1.29619 2.29728 -1.75088 -2.14829 0.815067 1.40373
0.965116 2.7994 5.59487 8.39155 11.1869 13.9856 16.7832 19.5786 22.3737 25.1726 27.9684 30.7671 33.5667 4.79422 -0.618591 7.30144 3.48507 -4.38542 -0.913017 1.29909 2.29435 -1.74196 -2.15281 0.813062 1.40565
0.965428 2.79803 5.59748 8.39519 11.1937 13.992 16.7901 19.5882 22.384 25.1817 27.9799 30.7794 33.5762 4.79037 -0.610677 7.31135 3.46828 -4.39163 -0.902424 1.30641 2.28792 -1.75404 -2.14802 0.828479 1.39489
0.965088 2.79852 5.59554 8.39205 11.1909 13.987 16.7826 19.5792 22.3754 25.1711 27.9694 30.7691 33.5659 4.79207 -0.615214 7.30319 3.48556 -4.39327 -0.905517 1.29433 2.2996 -1.74744 -2.15011 0.811869 1.406
0.96507 2.79548 5.59052 8.38972 11.1855 13.9823 16.7784 19.5763 22.372 25.1701 27.9657 30.764 33.5633 4.78486 -0.602429 7.28131 3.50838 -4.39705 -0.906598 1.28832 2.30369 -1.74585 -2.14926 0.80571 1.41007
0.965435 2.79985 5.59686 8.39426 11.1934 13.9885 16.7863 19.5836 22.3823 25.1813 27.9795 30.7768 33.5766 4.79515 -0.619539 7.31507 3.46978 -4.38595 -0.912726 1.30946 2.28653 -1.75048 -2.15094 0.829656 1.39487
0.96532 2.79723 5.59447 8.39097 11.1909 13.9893 16.7844 19.5815 22.3799 25.1794 27.9752 30.7721 33.5709 4.78935 -0.611792 7.29907 3.48919 -4.39777 -0.900213 1.29653 2.29639 -1.75399 -2.14586 0.81843 1.40169
R[i] step size = 2.8   Average Reduced Chi ^2 = 0.965258
0.965623 2.8969 5.7962 8.69572 11.594 14.4897 17.3851 20.2832 23.1789 26.0765 28.975 31.8718 34.7705 4.98162 -0.760252 8.56588 1.42889 -3.96542 -0.657033 2.24571 1.23733 -2.3011 -1.56385 2.17318 0.148781
0.965447 2.89936 5.79653 8.69501 11.5918 14.4886 17.3866 20.2817 23.1806 26.0774 28.9745 31.8722 34.7697 4.98802 -0.772243 8.57306 1.42433 -3.958 -0.666056 2.25301 1.23253 -2.29796 -1.56542 2.17441 0.148048
0.965548 2.89651 5.79635 8.69232 11.5886 14.4883 17.3863 20.2857 23.1837 26.0804 28.979 31.8777 34.7752 4.98138 -0.763435 8.55759 1.44544 -3.97234 -0.652367 2.24415 1.23775 -2.3082 -1.5548 2.17405 0.144272
0.965335 2.89921 5.79732 8.69588 11.5942 14.4933 17.3921 20.2888 23.1857 26.0824 28.9782 31.8756 34.7708 4.98748 -0.770914 8.57599 1.41733 -3.96106 -0.65576 2.25413 1.22594 -2.30091 -1.55945 2.17527 0.145589
0.966326 2.89542 5.79093 8.68702 11.5858 14.4822 17.3819 20.281 23.177 26.0738 28.9688 31.8652 34.7622 4.98027 -0.765352 8.54154 1.47813 -3.98569 -0.650916 2.23539 1.24759 -2.30571 -1.56243 2.16263 0.158916
0.96588 2.89537 5.79494 8.6926 11.5881 14.4835 17.3823 20.2809 23.1773 26.0737 28.9717 31.8684 34.7635 4.97838 -0.757042 8.55163 1.45273 -3.9723 -0.659387 2.24229 1.24257 -2.30249 -1.56462 2.1678 0.154587
0.965318 2.89677 5.7961 8.69576 11.5917 14.4867 17.382 20.2816 23.1816 26.0815 28.9798 31.8793 34.7744 4.98119 -0.759092 8.56378 1.43149 -3.96228 -0.66353 2.24841 1.23612 -2.3059 -1.55519 2.1757 0.142757
0.965616 2.89912 5.79687 8.69227 11.5879 14.4857 17.3815 20.2791 23.1786 26.0784 28.975 31.8703 34.7659 4.98797 -0.775139 8.5667 1.43835 -3.96104 -0.667365 2.24982 1.23574 -2.30027 -1.56371 2.17162 0.151272
0.965544 2.89792 5.79564 8.69381 11.5935 14.4926 17.3906 20.2876 23.1846 26.0826 28.9804 31.8758 34.7747 4.98483 -0.76807 8.5674 1.43123 -3.96958 -0.649819 2.24717 1.23265 -2.30612 -1.55634 2.17519 0.144965
0.965719 2.89584 5.79306 8.69055 11.5896 14.4878 17.3861 20.2845 23.1798 26.0778 28.9777 31.8772 34.7771 4.98042 -0.762723 8.55144 1.45686 -3.98051 -0.646511 2.23681 1.24476 -2.3098 -1.55495 2.17299 0.144679
R[i] step size = 2.9   Average Reduced Chi ^2 = 0.965636
0.826281 2.99879 5.99823 8.99695 11.9923 14.9884 17.9874 20.9846 23.9801 26.9793 29.9757 32.9753 35.9732 5.15467 -0.784942 9.57483 -0.635843 -3.20145 -0.424364 2.94411 -0.137796 -2.18157 -0.590155 2.84371 -1.13278
0.825733 2.99976 5.99726 8.99483 11.9925 14.991 17.9893 20.989 23.9868 26.9858 29.9842 32.9803 35.9781 5.15784 -0.792861 9.57491 -0.630015 -3.20753 -0.414504 2.94082 -0.142005 -2.18379 -0.581042 2.84275 -1.13659
0.82695 2.99674 5.99589 8.99541 11.9911 14.9873 17.9872 20.987 23.986 26.9824 29.9775 32.9757 35.9714 5.14999 -0.777748 9.56351 -0.619449 -3.21431 -0.413217 2.93632 -0.134237 -2.18881 -0.581944 2.83812 -1.12946
0.827428 2.99667 5.99515 8.99285 11.9916 14.9886 17.9877 20.9836 23.9794 26.9757 29.9732 32.9732 35.9722 5.15061 -0.781914 9.55951 -0.608349 -3.22216 -0.407008 2.92779 -0.120057 -2.19596 -0.581804 2.83377 -1.12552
0.826983 2.99782 5.99716 8.99329 11.991 14.988 17.987 20.9864 23.9833 26.9811 29.9768 32.9762 35.9713 5.15325 -0.786642 9.56513 -0.614189 -3.21715 -0.410775 2.93396 -0.130992 -2.1907 -0.58111 2.83753 -1.12951
0.827086 2.99627 5.9955 8.99268 11.992 14.9918 17.9909 20.9905 23.9879 26.9849 29.9821 32.9781 35.9741 5.1496 -0.780476 9.55806 -0.607677 -3.22696 -0.396113 2.92651 -0.129673 -2.19649 -0.572481 2.83333 -1.12895
0.826154 2.99999 5.99984 8.99859 11.9956 14.9915 17.9891 20.9855 23.9819 26.9809 29.9775 32.9744 35.9702 5.15718 -0.787976 9.58291 -0.650997 -3.19208 -0.428775 2.95073 -0.145979 -2.17525 -0.595657 2.84848 -1.13407
0.829029 2.99609 5.99183 8.98898 11.9848 14.9821 17.9803 20.9783 23.9747 26.9743 29.9697 32.9661 35.9656 5.15042 -0.785287 9.55 -0.582783 -3.23427 -0.407311 2.92131 -0.108261 -2.20474 -0.580657 2.82668 -1.11531
0.825516 2.99743 5.99704 8.99607 11.9957 14.9947 17.9945 20.9922 23.9912 26.9885 29.9848 32.9842 35.9822 5.15157 -0.78016 9.56806 -0.630138 -3.21296 -0.403631 2.9353 -0.140842 -2.18797 -0.572245 2.83887 -1.13812
0.82614 2.9999 5.9949 8.99402 11.9917 14.9916 17.9877 20.9876 23.9875 26.9856 29.9813 32.9781 35.9773 5.15866 -0.794591 9.57361 -0.62669 -3.20988 -0.412871 2.93848 -0.138674 -2.18592 -0.580435 2.84003 -1.13353
R[i] step size = 3   Average Reduced Chi ^2 = 0.82673
0.841386 3.09536 6.19314 9.29248 12.3918 15.4883 18.5834 21.6823 24.7807 27.8803 30.9782 34.074 37.172 5.30121 -0.694682 10.3373 -2.69348 -2.01539 -0.469742 3.66388 -2.12147 -0.662507 -0.334968 3.48791 -2.5245
0.842523 3.09716 6.19354 9.29325 12.3884 15.4846 18.582 21.6812 24.7765 27.8724 30.9715 34.0674 37.1666 5.30562 -0.70198 10.3473 -2.70213 -2.00792 -0.481688 3.67504 -2.12872 -0.652894 -0.353315 3.50029 -2.52586
0.839128 3.09707 6.19319 9.29023 12.3875 15.484 18.579 21.6779 24.7747 27.872 30.9693 34.0676 37.1666 5.30631 -0.707169 10.3428 -2.6866 -2.01822 -0.475748 3.66638 -2.11466 -0.667383 -0.341167 3.48911 -2.51945
0.844486 3.09759 6.19329 9.29295 12.3903 15.4855 18.5854 21.6824 24.778 27.8769 30.976 34.0734 37.1723 5.30676 -0.70408 10.3471 -2.70247 -2.00662 -0.480842 3.6754 -2.13165 -0.651927 -0.346168 3.49684 -2.5291
0.839139 3.09645 6.19319 9.29085 12.388 15.4833 18.5812 21.6777 24.7733 27.8726 30.97 34.0683 37.168 5.30455 -0.703162 10.341 -2.68731 -2.01757 -0.476741 3.66775 -2.11469 -0.669022 -0.338933 3.48717 -2.51891
0.850916 3.09967 6.19813 9.29663 12.393 15.4889 18.5848 21.684 24.7807 27.879 30.9771 34.0722 37.1701 5.3106 -0.707231 10.3615 -2.73208 -1.98291 -0.497912 3.69265 -2.1538 -0.626517 -0.369258 3.5186 -2.54107
0.851268 3.0985 6.19808 9.29676 12.3961 15.492 18.5881 21.6845 24.781 27.8798 30.9795 34.0785 37.1776 5.3075 -0.70123 10.3555 -2.73005 -1.98499 -0.492389 3.68873 -2.15057 -0.631672 -0.356726 3.50862 -2.54059
0.84928 3.09794 6.19762 9.29496 12.3916 15.4886 18.5886 21.686 24.7841 27.8817 30.9815 34.081 37.1774 5.30669 -0.702324 10.3523 -2.71572 -1.99886 -0.48204 3.67872 -2.1437 -0.638885 -0.347202 3.50251 -2.53924
0.839752 3.09688 6.1939 9.2917 12.3871 15.4835 18.5795 21.6753 24.7751 27.8708 30.9691 34.0685 37.1641 5.30539 -0.703884 10.345 -2.69367 -2.01307 -0.482265 3.66944 -2.11423 -0.665669 -0.343249 3.49304 -2.5227
0.847706 3.09825 6.19546 9.29241 12.392 15.4899 18.5879 21.6868 24.7854 27.8827 30.9826 34.0812 37.1804 5.30838 -0.70801 10.3484 -2.70383 -2.00753 -0.472854 3.67083 -2.13802 -0.644894 -0.340097 3.4946 -2.53467
R[i] step size = 3.1   Average Reduced Chi ^2 = 0.844558
R[i] step size = 3.2   Average Reduced Chi ^2 = 5.34146
R[i] step size = 3.3   Average Reduced Chi ^2 = 16.6258
R[i] step size = 3.4   Average Reduced Chi ^2 = 27.375
R[i] step size = 3.5   Average Reduced Chi ^2 = 40.5121
R[i] step size = 3.6   Average Reduced Chi ^2 = 53.1532
R[i] step size = 3.7   Average Reduced Chi ^2 = 63.0232
R[i] step size = 3.8   Average Reduced Chi ^2 = 71.8715
R[i] step size = 3.9   Average Reduced Chi ^2 = 79.1321
R[i] step size = 4   Average Reduced Chi ^2 = 83.2438
R[i] step size = 4.1   Average Reduced Chi ^2 = 84.6023
R[i] step size = 4.2   Average Reduced Chi ^2 = 85.7978
R[i] step size = 4.3   Average Reduced Chi ^2 = 89.1585
R[i] step size = 4.4   Average Reduced Chi ^2 = 94.9839
R[i] step size = 4.5   Average Reduced Chi ^2 = 102.279
R[i] step size = 4.6   Average Reduced Chi ^2 = 110.844
R[i] step size = 4.7   Average Reduced Chi ^2 = 120.569
R[i] step size = 4.8   Average Reduced Chi ^2 = 131.207
R[i] step size = 4.9   Average Reduced Chi ^2 = 142.162
