FCN    Qichtot    Qimtot  R[0]  R[1]  R[2]  R[3]  R[4]  R[5]  R[6]  R[7]  R[8]  R[9]  R[10]  R[11]  Q0ch    Q1ch    Q2ch    Q3ch    Q4ch    Q5ch    Q6ch    Q7ch    Q8ch    Q9ch    Q10ch    Q11ch    Q0m    Q1m    Q2m    Q3m    Q4m    Q5m    Q6m    Q7m    Q8m    Q9m    Q10m    Q11m
1471.1 1.00961 1.12712 0.1 0.5 0.9 1.2 1.5 1.9 2.2 2.7 3.2 3.8 4.4 4.9 0 0.029937 0.17209 0.207511 0.153945 0.131299 0.116131 0.0816395 0.057063 0.0394007 0.0185382 0.000331233 0.00172558 0.0616971 0.156716 0.264282 1.0984e-05 0.288128 0.0470698 0.115204 0.0645478 0.0559073 0.0478022 0.0250218 0.000733096
76331.8 1.10692 1.68944 0.1 0.4 0.7 1 1.4 1.8 2.1 2.7 3.3 3.9 4.5 5.1 0 0.0236257 0.143498 0.146336 0.117017 0.142164 0.194227 0.105948 0.0261031 0.153907 0.00303876 5.33314e-05 0.0510051 0.0628375 0.139855 0.222688 0.150569 0.315317 0.138027 0.195412 0.0288134 0.192668 0.160825 0.0389334 0.0434964
1834.61 1.00927 2.2024 0.1 0.5 0.9 1.3 1.7 2.1 2.5 3.1 3.7 4.2 4.8 5.4 0 0.0297296 0.170631 0.229318 0.188258 0.142384 0.122829 0.0338975 0.0457455 0.0381089 4.21431e-05 4.12032e-07 0.00832733 0.0610608 0.169151 0.246691 0.18286 0.271973 0.106468 0.236015 0.236945 0.200416 0.187573 0.151664 0.151581
1264.32 1.00034 1.88982 0.1 0.5 0.9 1.3 1.6 2 2.3 2.8 3.4 4 4.5 5.1 0 0.0290729 0.177337 0.227365 0.174691 0.128048 0.116023 0.0448031 0.077482 0.0188298 5.84424e-05 3.06898e-07 0.0066322 0.0642437 0.161059 0.22654 0.161799 0.229046 0.055744 0.176832 0.195862 0.197704 0.227399 0.0778397 0.115749
1414.15 1.00997 1.80636 0.1 0.5 0.9 1.3 1.7 2.1 2.4 3 3.5 4 4.5 5.1 0 0.0293342 0.175889 0.223361 0.199781 0.147601 0.0989051 0.0487503 0.0671323 0.0100954 0.00693702 0.00210761 8.05574e-05 0.0621614 0.157011 0.235397 0.177024 0.229407 0.0541369 0.186873 0.190162 0.14327 0.193055 0.0864215 0.0914423
1456.14 1.01005 1.61239 0.1 0.5 0.9 1.2 1.5 1.8 2.1 2.7 3.3 3.9 4.5 5.1 0 0.030043 0.175668 0.197499 0.165476 0.108377 0.107788 0.0939336 0.0905769 0.0182348 0.0221409 0.000299977 1.61354e-05 0.0709436 0.144066 0.219405 0.132483 0.201632 0.040324 0.19097 0.193194 0.150549 0.173172 0.0824893 0.0131621
1313.89 1.00385 1.70372 0.1 0.5 0.9 1.3 1.6 2 2.4 3 3.6 4.2 4.7 5.2 0 0.0287991 0.179395 0.218487 0.180759 0.131915 0.107092 0.0767258 0.064382 0.00462753 0.00677238 0.000189139 0.00470415 0.0681913 0.144441 0.230581 0.150858 0.204516 0.0606345 0.193171 0.153619 0.182843 0.172853 0.0559061 0.0861093
1801.7 0.994467 1.81343 0.1 0.5 0.8 1.1 1.5 1.9 2.2 2.8 3.3 3.9 4.5 5.1 0 0.0323853 0.146937 0.170638 0.16847 0.200614 0.100336 0.068552 0.0936604 0.00513483 0.00515595 3.22094e-06 0.00258128 0.0693768 0.111396 0.207073 0.147125 0.256563 0.0852902 0.1889 0.158432 0.162851 0.178372 0.188053 0.0599916
1360.15 1.0022 1.71516 0.1 0.5 0.8 1.2 1.6 2 2.3 2.9 3.5 4 4.6 5.1 0 0.0327412 0.145433 0.192491 0.205959 0.181366 0.0792832 0.0737045 0.0714268 0.0187328 0.000702962 1.52984e-06 0.000355506 0.06822 0.117189 0.217935 0.164334 0.24874 0.0686361 0.170386 0.181421 0.197249 0.118213 0.132782 0.0300543
2218.48 0.990816 1.72094 0.1 0.4 0.7 1 1.4 1.7 2 2.5 3.1 3.6 4.1 4.6 0 0.0222199 0.117619 0.146546 0.178589 0.187694 0.106488 0.0994965 0.0666882 0.0653399 0.000121233 2.38141e-07 1.39468e-05 0.0623194 0.0923321 0.189772 0.171813 0.256781 0.147309 0.166591 0.205805 0.189425 0.11183 0.102359 0.0246004
3259.04 0.998811 2.06713 0.1 0.4 0.8 1.2 1.5 1.9 2.3 2.8 3.3 3.9 4.5 5 0 0.0464622 0.119881 0.167037 0.202406 0.211096 0.0972685 0.0760558 0.0283723 0.0460786 0.0031396 4.19959e-08 0.00101384 0.0598403 0.109738 0.206791 0.174946 0.228722 0.12064 0.1901 0.193548 0.187034 0.302977 0.0897746 0.203021
2809.7 1.00003 1.9582 0.1 0.4 0.8 1.1 1.4 1.7 2 2.6 3.1 3.6 4.1 4.7 0 0.0447495 0.109901 0.151919 0.192543 0.202052 0.0815046 0.0632459 0.115372 0.0367126 0.00103275 2.56716e-08 0.00099864 0.0592036 0.112508 0.204256 0.160087 0.174983 0.106532 0.222436 0.234031 0.127436 0.284369 0.0676062 0.20475
4600.32 1.02635 2.14698 0.1 0.4 0.8 1.2 1.6 2 2.4 2.9 3.5 4.1 4.7 5.3 0 0.0480591 0.118881 0.173458 0.212724 0.23776 0.0663611 0.045004 0.10615 0.0100312 3.85317e-06 0.00172704 0.00618834 0.054131 0.101036 0.226125 0.199757 0.238099 0.0863286 0.176764 0.213214 0.157884 0.238061 0.156723 0.298854
5924.86 1.01141 2.22194 0.1 0.5 0.9 1.3 1.6 1.9 2.3 2.9 3.5 4.1 4.6 5.1 0 0.0556618 0.139645 0.184798 0.211531 0.220729 0.0481581 0.0317302 0.0878377 0.0252089 0.00247411 0.000681777 0.00295855 0.0607147 0.151536 0.231848 0.192441 0.209289 0.0638457 0.15571 0.255389 0.320806 0.204261 0.00503948 0.371056
3385.82 0.998966 2.34746 0.1 0.5 0.8 1.2 1.5 1.9 2.3 2.8 3.4 4 4.5 5 0 0.0409267 0.142644 0.183158 0.178661 0.194346 0.0389887 0.135202 0.0733323 0.00186405 0.00707926 0.00254707 0.000217571 0.0575274 0.127285 0.218236 0.184309 0.228188 0.190697 0.120413 0.319347 0.36768 0.112458 0.16608 0.25524
3158.4 0.99908 2.36885 0.1 0.4 0.8 1.2 1.6 1.9 2.3 2.8 3.4 3.9 4.5 5.1 0 0.0353391 0.132943 0.179107 0.194714 0.244782 0.0399268 0.0961683 0.0197824 0.0505437 0.000439771 0.000170334 0.00516433 0.0546491 0.120613 0.227333 0.213068 0.220248 0.169977 0.137372 0.333824 0.234844 0.302823 0.173418 0.180681
4237.58 1.00794 2.09674 0.1 0.5 0.9 1.3 1.6 1.9 2.3 2.8 3.4 3.9 4.4 5 0 0.0575589 0.152961 0.186343 0.185882 0.222958 0.0254875 0.0823175 0.0240512 0.0439054 0.0249506 1.45624e-05 0.00151102 0.0639924 0.143262 0.241825 0.0993843 0.185937 0.133318 0.122252 0.293896 0.270944 0.23791 0.179519 0.124499
3439.83 1.00615 2.00543 0.1 0.5 0.9 1.2 1.6 1.9 2.3 2.8 3.3 3.9 4.4 5 0 0.0573956 0.147598 0.17159 0.172248 0.222434 0.0493407 0.088301 0.0453755 0.0379418 0.0113725 2.64701e-07 0.00254942 0.0628229 0.15476 0.239998 0.113174 0.208745 0.175918 0.126985 0.188793 0.247262 0.216569 0.148229 0.122175
2305.63 1.01021 1.80063 0.1 0.5 0.8 1.1 1.5 1.9 2.2 2.8 3.4 4 4.5 5.1 0 0.0420989 0.142298 0.165989 0.15385 0.228156 0.090108 0.0944889 0.0429664 0.0494017 0.000630687 7.11725e-09 0.00022699 0.0657224 0.12611 0.204432 0.113603 0.24804 0.143529 0.160955 0.198478 0.242048 0.0898935 0.122469 0.085352
1311.57 1.00778 1.73746 0.1 0.5 0.8 1.1 1.5 1.9 2.3 2.8 3.3 3.9 4.4 5 0 0.0324177 0.148071 0.175672 0.15236 0.22158 0.0850299 0.101555 0.0488883 0.0383462 0.000321967 0.00012363 0.00341758 0.0660343 0.128352 0.199203 0.128737 0.253781 0.129612 0.167696 0.128046 0.201682 0.153883 0.119198 0.0612371
2083.31 1.00041 1.71654 0.1 0.5 0.9 1.3 1.7 2 2.3 2.8 3.3 3.8 4.3 4.8 0 0.0319241 0.173105 0.230702 0.174291 0.186869 0.0502018 0.0660896 0.0299672 0.0414514 0.00872367 9.12737e-07 0.007085 0.0624974 0.153779 0.22593 0.164967 0.210965 0.0864035 0.145512 0.207615 0.208151 0.153757 0.0794877 0.0174771
1388.54 1.00725 1.76004 0.1 0.5 0.8 1.2 1.5 1.9 2.3 2.8 3.4 3.9 4.4 5 0 0.0320883 0.146753 0.197576 0.16316 0.182601 0.0817748 0.116222 0.0343239 0.0347427 0.00389853 1.12671e-08 0.0141101 0.0669261 0.133424 0.207494 0.171321 0.205369 0.162463 0.161928 0.191246 0.190114 0.13641 0.0788077 0.0545375
3679.54 1.01477 1.9099 0.1 0.5 0.9 1.3 1.6 1.9 2.2 2.8 3.3 3.8 4.4 5 0 0.0521034 0.152956 0.206239 0.164121 0.174096 0.0624459 0.0919817 0.0267456 0.0629072 0.0157205 3.86027e-11 0.00545067 0.0628233 0.171561 0.227488 0.186165 0.173871 0.116045 0.173523 0.242247 0.136964 0.229125 0.0586043 0.131483
2989.33 1.01317 1.87639 0.1 0.5 0.9 1.2 1.5 1.9 2.3 2.9 3.4 4 4.6 5.2 0 0.0433133 0.1474 0.204355 0.164582 0.172627 0.0696608 0.120409 0.0341158 0.0453397 0.00456459 1.45966e-05 0.00678891 0.0621971 0.165021 0.22023 0.141404 0.181151 0.195212 0.175551 0.249311 0.114806 0.231006 0.0436276 0.0968724
5647.11 1.0302 2.55884 0.1 0.4 0.7 1.1 1.4 1.8 2.2 2.7 3.3 3.8 4.4 4.9 0 0.0313041 0.114222 0.14853 0.159359 0.189463 0.175511 0.0954014 0.00199342 0.109062 5.43933e-05 2.56671e-07 0.00529744 0.0516533 0.11687 0.194893 0.235785 0.281519 0.204636 0.16748 0.245981 0.339715 0.223148 0.136458 0.3607
4334.25 0.999182 2.60069 0.1 0.5 0.8 1.1 1.4 1.8 2.1 2.6 3.2 3.8 4.3 4.9 0 0.0350427 0.143951 0.160809 0.147808 0.167683 0.148738 0.0939623 0.00228236 0.0892521 0.0049273 0.00364755 0.00107887 0.063051 0.159556 0.171667 0.199951 0.233688 0.215713 0.191478 0.33541 0.319753 0.239091 0.252066 0.219268
2750.64 1.01192 2.57013 0.1 0.4 0.7 1 1.4 1.8 2.1 2.6 3.2 3.8 4.4 4.9 0 0.0278345 0.127604 0.136399 0.150686 0.187343 0.186543 0.079691 0.000366087 0.0936148 3.62253e-06 0.000124832 0.0217068 0.0488765 0.119944 0.13994 0.24263 0.296513 0.207849 0.155339 0.303083 0.385687 0.232265 0.128562 0.309445
3232.93 1.02746 2.40096 0.1 0.5 0.8 1.2 1.5 1.9 2.3 2.9 3.5 4 4.5 5.1 0 0.0439146 0.147221 0.179032 0.157108 0.173762 0.154458 0.0573633 0.0389397 0.0519803 2.16372e-09 0.000774756 0.0229051 0.0590438 0.14245 0.152196 0.24474 0.230739 0.134431 0.161859 0.397246 0.306755 0.153363 0.0928539 0.325283
2767.15 1.0074 2.55523 0.1 0.5 0.8 1.1 1.4 1.7 2.1 2.6 3.1 3.7 4.2 4.8 0 0.0327641 0.146595 0.17534 0.138448 0.145857 0.145236 0.0738955 0.0781882 0.0464084 0.00222195 5.4578e-05 0.0223891 0.0630321 0.161123 0.138996 0.226723 0.199464 0.163174 0.192607 0.311587 0.288429 0.315093 0.216979 0.278026
2039.45 1.00682 2.37867 0.1 0.5 0.9 1.3 1.6 1.9 2.3 2.8 3.4 3.9 4.5 5 0 0.0312511 0.170828 0.23422 0.165006 0.125667 0.11353 0.0564697 0.0748141 0.0292257 9.91579e-06 0.00327148 0.00253251 0.0619258 0.174693 0.172912 0.24652 0.15413 0.107201 0.222384 0.300382 0.273565 0.356172 0.169677 0.139106
2075.54 0.995085 2.46927 0.1 0.5 0.8 1.1 1.5 1.8 2.1 2.6 3.2 3.8 4.4 5 0 0.0368559 0.135974 0.184175 0.153746 0.188266 0.112637 0.032721 0.106734 0.0280368 3.51846e-06 0.00528891 0.0106466 0.0652536 0.149108 0.162125 0.23565 0.189493 0.177166 0.187627 0.295675 0.311777 0.334149 0.246459 0.114789
3217.45 1.00215 2.41537 0.1 0.4 0.8 1.1 1.4 1.7 2 2.6 3.2 3.7 4.3 4.8 0 0.0283287 0.127781 0.175785 0.143901 0.191423 0.124072 0.0360861 0.131405 0.0266056 9.25266e-07 0.0090312 0.00773367 0.060172 0.129867 0.171072 0.238826 0.157877 0.163098 0.228412 0.368712 0.266339 0.31256 0.203659 0.11477
2990.45 0.995049 2.30924 0.1 0.5 0.9 1.2 1.6 1.9 2.3 2.8 3.4 4 4.5 5.1 0 0.0714036 0.125729 0.180543 0.170867 0.209113 0.104333 0.016401 0.0829012 0.00756291 0.0216828 0.000607451 0.00390515 0.0629146 0.149595 0.180921 0.259238 0.171332 0.0828945 0.16827 0.314581 0.303156 0.219705 0.188355 0.208276
4812.8 0.978921 2.43266 0.1 0.4 0.7 1 1.3 1.6 1.9 2.4 3 3.5 4 4.6 0 0.0571494 0.0931345 0.102228 0.137908 0.210821 0.110646 0.128826 0.0470913 0.0525323 0.0377156 7.1496e-05 0.000797666 0.055091 0.127408 0.162322 0.245172 0.164939 0.240653 0.248796 0.325588 0.277402 0.238182 0.161387 0.18572
4232.89 1.01334 2.33804 0.1 0.5 0.9 1.2 1.6 2 2.4 3 3.6 4.1 4.6 5.1 0 0.0605647 0.133812 0.191512 0.167391 0.209324 0.0686079 0.0831902 0.0274461 0.0270623 0.00878499 0.0194848 0.0161559 0.0576138 0.153066 0.186424 0.260991 0.162622 0.119738 0.223745 0.334984 0.330209 0.128591 0.234379 0.145672
4443.6 1.02151 2.05672 0.1 0.4 0.7 1.1 1.5 1.8 2.2 2.7 3.3 3.8 4.4 4.9 0 0.0466949 0.105387 0.141274 0.179562 0.250223 0.094169 0.0682108 0.0125147 0.104308 3.21418e-07 0.00537733 0.0137877 0.045112 0.123863 0.158769 0.333409 0.207205 0.136234 0.246494 0.254271 0.250534 0.0472909 0.160036 0.0935026
6324.72 1.03372 2.40704 0.1 0.5 0.9 1.2 1.6 1.9 2.3 2.8 3.4 4 4.6 5.1 0 0.0681636 0.127165 0.174634 0.19403 0.194977 0.0605444 0.0727582 0.0344719 0.0721184 0.00508885 0.00572541 0.0240465 0.0495871 0.158539 0.153216 0.315648 0.204922 0.141455 0.212867 0.24894 0.4356 0.238479 0.119849 0.127936
2601.14 0.995454 2.44859 0.1 0.5 0.9 1.3 1.6 1.9 2.2 2.8 3.4 4 4.5 5.1 0 0.0775231 0.116366 0.183056 0.221559 0.17252 0.039864 0.0884442 0.0579179 0.0247365 0.00508651 0.00126073 0.00711988 0.0553287 0.176118 0.193663 0.275049 0.143756 0.0699347 0.159377 0.334743 0.319524 0.246133 0.153337 0.321623
2754.94 0.999255 2.52633 0.1 0.4 0.8 1.2 1.5 1.9 2.2 2.7 3.3 3.9 4.4 4.9 0 0.0652257 0.0942854 0.154851 0.221338 0.189529 0.087344 0.0861691 0.0271972 0.0728909 6.41972e-05 5.48368e-05 0.000306511 0.0452818 0.147078 0.207351 0.317276 0.161313 0.204479 0.1361 0.325561 0.341933 0.246769 0.07163 0.321556
2370.23 0.999992 2.52789 0.1 0.4 0.8 1.2 1.5 1.8 2.2 2.7 3.2 3.7 4.2 4.8 0 0.0662293 0.0930387 0.164646 0.226253 0.169947 0.0793755 0.102572 0.0172734 0.0717455 6.29534e-06 0.00449506 0.00441134 0.041745 0.136518 0.208197 0.290277 0.13192 0.189619 0.194076 0.322282 0.280858 0.276445 0.157332 0.298617
1939.27 1.00393 2.16651 0.1 0.4 0.8 1.2 1.5 1.8 2.1 2.7 3.2 3.7 4.3 4.8 0.0686679 0.0873901 0.165683 0.235463 0.159209 0.0686475 0.111703 0.0397735 0.0562865 0.00883922 0.000584948 0.00167683 0.0441351 0.125828 0.203522 0.282158 0.0995468 0.149075 0.137097 0.281152 0.217968 0.254204 0.108545 0.263274
2935.53 0.993901 2.40407 0.1 0.5 0.9 1.2 1.5 1.9 2.3 2.9 3.5 4.1 4.7 5.3 0.0691715 0.121852 0.172048 0.212767 0.158687 0.075978 0.108538 0.0703814 0.00207381 0.00173855 6.40783e-08 0.000666083 0.0503145 0.166315 0.190611 0.240852 0.126844 0.199101 0.115904 0.336139 0.268301 0.189441 0.269248 0.251003
5454.66 1.02885 2.35083 0.1 0.4 0.7 1.1 1.5 1.8 2.1 2.7 3.2 3.7 4.3 4.9 0.0565497 0.0948547 0.111385 0.228535 0.218767 0.0923374 0.0836017 0.0293332 0.0845207 0.000225322 5.37058e-09 0.0287398 0.0395041 0.124437 0.159171 0.335892 0.202978 0.190213 0.128249 0.247854 0.305954 0.275791 0.146967 0.193824
2224.02 1.01321 2.41252 0.1 0.4 0.8 1.2 1.5 1.9 2.2 2.7 3.3 3.9 4.4 5 0.058073 0.111581 0.142449 0.236302 0.184774 0.0793527 0.0870479 0.0341644 0.0662227 0.00211966 5.21742e-08 0.0111227 0.0384921 0.147022 0.177224 0.302804 0.151382 0.163607 0.119196 0.288732 0.357562 0.192457 0.182016 0.292024
2233.41 1.00533 2.31993 0.1 0.5 0.9 1.3 1.6 1.9 2.2 2.7 3.3 3.9 4.4 5 0.0760427 0.126166 0.164392 0.253397 0.147736 0.0509013 0.0744863 0.0473067 0.0543032 0.00467977 8.95905e-09 0.00591731 0.0508462 0.180914 0.187736 0.291279 0.0807769 0.150152 0.093239 0.267716 0.330079 0.219822 0.153957 0.313417
2034.5 1.00377 2.26757 0.1 0.5 0.8 1.2 1.5 1.8 2.2 2.8 3.3 3.8 4.4 5 0.0781887 0.10558 0.131375 0.240599 0.155888 0.0957099 0.0956122 0.0382049 0.0550456 0.00171621 4.43994e-09 0.00584542 0.0535825 0.155838 0.160897 0.279516 0.10122 0.1847 0.169174 0.252982 0.296038 0.151444 0.216666 0.245511
1932.86 1.00609 2.11588 0.1 0.5 0.8 1.2 1.5 1.9 2.3 2.8 3.4 3.9 4.5 5 0.078597 0.101576 0.132856 0.243505 0.165643 0.114734 0.0708812 0.0358614 0.0593382 3.97161e-05 1.8499e-09 0.00306048 0.0559079 0.15719 0.150548 0.279382 0.139846 0.180958 0.127167 0.253553 0.282287 0.10604 0.215502 0.167505
2270.95 1.00455 2.13941 0.1 0.5 0.9 1.3 1.6 1.9 2.3 2.8 3.4 3.9 4.4 4.9 0.0753494 0.121435 0.174423 0.249577 0.128739 0.090568 0.0684651 0.0410583 0.0536326 0.00114318 2.04583e-09 0.000157521 0.0554975 0.176766 0.172021 0.262437 0.11098 0.128688 0.163806 0.269914 0.255105 0.249501 0.142495 0.152195
1614.83 1.00507 1.96615 0.1 0.5 0.8 1.2 1.5 1.8 2.1 2.6 3.2 3.8 4.3 4.8 0.0778873 0.0995368 0.136235 0.243977 0.144214 0.111621 0.0766387 0.0224043 0.0840569 0.000533595 7.0511e-08 0.00796384 0.0580399 0.164851 0.157849 0.238571 0.112958 0.15719 0.173365 0.205251 0.293475 0.208563 0.116329 0.0797121
2886.76 1.0063 1.94418 0.1 0.5 0.8 1.1 1.4 1.8 2.2 2.7 3.3 3.9 4.4 4.9 0.0733409 0.0993598 0.11744 0.218608 0.168476 0.131984 0.0832466 0.0663212 0.0389674 5.07156e-05 3.46567e-09 0.00850098 0.0584268 0.144534 0.147712 0.217375 0.140088 0.198635 0.171078 0.237129 0.259779 0.164983 0.176129 0.0283067
1668.23 1.01225 1.79799 0.1 0.4 0.7 1 1.3 1.6 2 2.6 3.1 3.6 4.1 4.7 0.06675 0.0815512 0.0823227 0.196778 0.174031 0.165606 0.108441 0.0473096 0.0788183 0.000104238 2.88408e-07 0.010534 0.0491544 0.123648 0.12352 0.206471 0.132442 0.196694 0.220288 0.213156 0.184411 0.152508 0.137441 0.0582567
3950.86 1.01042 1.8382 0.1 0.5 0.9 1.2 1.5 1.8 2.2 2.8 3.3 3.9 4.4 4.9 0.0653173 0.154042 0.104451 0.20879 0.168228 0.129917 0.079271 0.0275313 0.0704596 8.24838e-05 9.18587e-08 0.00233374 0.0491618 0.202123 0.13624 0.234365 0.125841 0.177647 0.150129 0.25942 0.234345 0.160314 0.0838134 0.0248008
3453.67 1.00587 2.11578 0.1 0.5 0.9 1.3 1.6 2 2.4 3 3.6 4.1 4.7 5.2 0.062753 0.152418 0.152882 0.241437 0.178916 0.0821855 0.0349896 0.0837411 0.0152994 1.04477e-06 1.66339e-08 0.00124375 0.0466972 0.182216 0.201951 0.262825 0.123434 0.152355 0.107797 0.30172 0.163385 0.117431 0.228035 0.227938
3840.59 0.993241 2.48671 0.1 0.4 0.8 1.1 1.5 1.9 2.3 2.8 3.3 3.8 4.4 4.9 0.0504663 0.125423 0.102273 0.222223 0.199273 0.140129 0.0336682 0.0642866 0.0426621 3.73159e-08 1.42189e-09 0.0128367 0.0431979 0.159516 0.180912 0.259994 0.183611 0.318319 0.0953484 0.288391 0.218085 0.339041 0.212811 0.187487
5872.68 1.01297 2.11464 0.1 0.5 0.8 1.1 1.4 1.7 2.1 2.6 3.1 3.7 4.2 4.8 0.0641574 0.13281 0.0895266 0.211558 0.183087 0.102327 0.0334028 0.166417 0.0155802 0.00191635 0.000215504 0.0119682 0.0549724 0.133327 0.159799 0.250152 0.141339 0.284288 0.120879 0.19638 0.303378 0.338745 0.0535815 0.0777969
3948.77 1.00765 2.26988 0.1 0.5 0.9 1.2 1.6 2 2.3 2.8 3.4 4 4.6 5.1 0.0663978 0.144362 0.135579 0.233854 0.19382 0.0792231 0.0168348 0.115096 0.00224687 0.00251008 3.10583e-05 0.0176917 0.0597798 0.157929 0.156734 0.227733 0.123818 0.215485 0.107581 0.247287 0.346042 0.253301 0.286998 0.0871949
2690.8 1.00264 2.06243 0.1 0.5 0.8 1.1 1.5 1.9 2.2 2.8 3.4 3.9 4.5 5 0.0573439 0.119397 0.112861 0.244663 0.210756 0.0638806 0.067959 0.109083 0.00323146 0.00217873 1.02504e-05 0.0112734 0.0613252 0.151515 0.144712 0.204039 0.159111 0.261745 0.0864368 0.263818 0.262664 0.188661 0.193139 0.0852655
3280.47 1.00366 2.10723 0.1 0.5 0.9 1.3 1.7 2.1 2.5 3.1 3.7 4.3 4.8 5.3 0.0618797 0.154702 0.141211 0.26917 0.19175 0.0427152 0.0535131 0.0766969 0.00591173 0.00387964 1.62142e-06 0.00222853 0.0579576 0.165027 0.17874 0.246782 0.118358 0.208019 0.151852 0.2748 0.252047 0.185391 0.157381 0.110872
3148.05 1.01574 2.05662 0.1 0.5 0.8 1.1 1.4 1.7 2 2.6 3.2 3.8 4.4 5 0.0506973 0.123814 0.111838 0.245133 0.171034 0.00346969 0.157425 0.0821884 0.0573375 0.00163425 3.01275e-07 0.01117 0.0583131 0.153052 0.166119 0.215226 0.0947547 0.20657 0.155719 0.275745 0.261458 0.17247 0.249944 0.0472459
2201.11 1.00335 1.9572 0.1 0.4 0.8 1.1 1.4 1.7 2 2.6 3.1 3.7 4.2 4.7 0.0493888 0.11434 0.0972146 0.256575 0.189698 0.0201568 0.12043 0.0772043 0.0568013 1.13335e-05 1.84675e-07 0.0215326 0.0516965 0.134268 0.170879 0.222981 0.097978 0.208899 0.177888 0.252451 0.214324 0.218874 0.134353 0.0726058
2677.43 1.00451 1.94054 0.1 0.5 0.8 1.2 1.6 2 2.4 2.9 3.4 4 4.5 5.1 0.0645081 0.112196 0.121888 0.317965 0.180414 0.00800549 0.116096 0.0589698 0.015603 0.000265113 0.00421696 0.00437613 0.0581409 0.141579 0.164802 0.237532 0.13413 0.197889 0.128408 0.234997 0.234109 0.260829 0.107291 0.0408281
3544.87 1.01251 2.32333 0.1 0.4 0.7 1.1 1.5 1.9 2.2 2.7 3.3 3.9 4.5 5.1 0.0566755 0.0955367 0.0896929 0.295877 0.178709 0.0671929 0.114165 0.0514603 0.0454347 4.69276e-05 0.0008688 0.0168465 0.0488906 0.118928 0.147929 0.27829 0.255723 0.166373 0.0896147 0.246233 0.316688 0.209546 0.127563 0.317551
3045.39 1.01509 2.25102 0.1 0.4 0.7 1 1.3 1.7 2.1 2.6 3.2 3.7 4.3 4.9 0.0480767 0.0907557 0.0798344 0.268579 0.163647 0.09096 0.125839 0.101861 0.0132709 0.000733982 0.0286612 0.00287198 0.0500922 0.11256 0.114681 0.240006 0.218237 0.221835 0.14093 0.266142 0.303056 0.205632 0.0943936 0.283454
3179.75 1.0123 2.10845 0.1 0.4 0.7 1 1.4 1.7 2 2.6 3.2 3.7 4.2 4.8 0.0600405 0.0865751 0.066409 0.278311 0.18277 0.0738913 0.109384 0.10817 0.00692581 0.0190216 0.0202292 0.000574593 0.0492899 0.102038 0.113867 0.24332 0.198229 0.203555 0.0684143 0.338483 0.275912 0.179993 0.132722 0.202631
3314.69 0.997423 2.2287 0.1 0.5 0.8 1.2 1.5 1.9 2.3 2.8 3.4 4 4.6 5.2 0.0679867 0.111003 0.134398 0.269785 0.155692 0.0546711 0.0957904 0.0773563 0.0063462 0.00576335 0.0185878 4.24029e-05 0.0511315 0.153309 0.127146 0.273394 0.172254 0.177018 0.0693085 0.30477 0.289855 0.163567 0.168324 0.278623
2842.97 1.00185 2.14116 0.1 0.5 0.8 1.1 1.5 1.8 2.2 2.7 3.2 3.8 4.4 4.9 0.0678929 0.0987187 0.114342 0.274975 0.172086 0.0304715 0.123691 0.0900242 0.000116142 0.0131573 0.016371 2.60855e-07 0.0553222 0.156525 0.119758 0.272192 0.163173 0.164638 0.14872 0.204411 0.289893 0.188776 0.166588 0.21116
2315.27 0.992234 2.09094 0.1 0.4 0.8 1.2 1.6 1.9 2.3 2.9 3.4 3.9 4.4 4.9 0.0590035 0.0954417 0.161798 0.275408 0.177586 0.0415974 0.0973203 0.0668012 0.0120904 0.00331143 0.0014677 0.000409442 0.0487974 0.143772 0.15355 0.297825 0.133797 0.126609 0.202933 0.217703 0.200389 0.26438 0.119191 0.181993
1548.04 1.0058 1.72578 0.1 0.4 0.8 1.1 1.5 1.8 2.1 2.7 3.2 3.8 4.4 4.9 0.0561284 0.0864097 0.141044 0.269138 0.189005 0.0242689 0.090641 0.127902 0.000244856 0.00704798 0.011395 0.00257402 0.0439605 0.151985 0.124914 0.244147 0.173098 0.126578 0.126269 0.224751 0.10968 0.235958 0.0736927 0.0907502
1945.64 0.997594 1.69504 0.1 0.5 0.9 1.3 1.7 2 2.3 2.8 3.3 3.8 4.4 5 0.078193 0.111013 0.188083 0.266904 0.181332 0.0189473 0.0643213 0.062255 0.0261406 1.19917e-05 0.000367551 2.57943e-05 0.0543428 0.173183 0.163634 0.23799 0.1071 0.0880606 0.125434 0.163933 0.18629 0.214268 0.111167 0.0696422
1881.66 1.00772 1.64851 0.1 0.5 0.9 1.2 1.6 2 2.4 3 3.5 4.1 4.6 5.1 0.0726615 0.111323 0.171728 0.236508 0.179263 0.0818497 0.0724429 0.0639247 0.0176277 8.19051e-06 0.000333906 4.63528e-05 0.0570871 0.178202 0.153433 0.223506 0.128178 0.18325 0.115804 0.176747 0.141083 0.182614 0.00468542 0.103916
1577 1.0075 1.60813 0.1 0.5 0.8 1.2 1.6 1.9 2.2 2.7 3.3 3.8 4.3 4.8 0.0780475 0.0951815 0.146342 0.252553 0.197373 0.0716758 0.0565682 0.0389757 0.0706659 2.57851e-06 3.54489e-05 8.1621e-05 0.0578039 0.165269 0.150929 0.242996 0.121566 0.162582 0.102579 0.154224 0.209457 0.094602 0.0748238 0.0713003
1320.65 1.01511 1.48036 0.1 0.5 0.8 1.2 1.5 1.9 2.3 2.9 3.4 4 4.5 5 0.0785711 0.0947794 0.143229 0.230977 0.18577 0.0987867 0.0754041 0.0421239 0.0510125 8.5436e-08 7.56756e-09 0.0144564 0.0595716 0.164779 0.142962 0.238908 0.133979 0.164265 0.151305 0.122581 0.159438 0.067934 0.0504314 0.0242081
1407.44 1.00883 1.46516 0.1 0.4 0.8 1.1 1.5 1.8 2.1 2.7 3.3 3.8 4.3 4.8 0.0669455 0.0888019 0.131671 0.220569 0.206543 0.0953894 0.0665267 0.0499736 0.0734713 3.69347e-09 2.1392e-08 0.0089373 0.0494298 0.140902 0.149822 0.25205 0.155226 0.145681 0.13937 0.19673 0.101922 0.0883842 0.0456367 1.7151e-06
1969.97 1.00415 1.45831 0.1 0.5 0.8 1.1 1.4 1.7 2.1 2.6 3.1 3.6 4.1 4.7 0.0695342 0.0910531 0.128411 0.211892 0.191229 0.0842459 0.0694624 0.077565 0.0691842 0.00162348 0.00575662 0.00419343 0.0589842 0.162237 0.132901 0.211307 0.121827 0.173832 0.175398 0.162103 0.111111 0.0721123 0.0727587 0.0037421
1259.84 1.00695 1.53568 0.1 0.5 0.9 1.2 1.6 1.9 2.3 2.9 3.5 4 4.5 5.1 0.0773697 0.114195 0.1516 0.228435 0.190033 0.0788796 0.0614203 0.0599613 0.0396327 0.00471382 0.000327493 0.000378481 0.0593943 0.1736 0.157697 0.227253 0.118319 0.1472 0.140516 0.157274 0.148357 0.0906118 0.0512095 0.0642529
1338.55 1.00679 1.51362 0.1 0.5 0.8 1.2 1.6 2 2.3 2.8 3.3 3.8 4.4 5 0.0775739 0.0985346 0.138301 0.252542 0.214361 0.0666649 0.0462498 0.0357568 0.0648427 0.000225233 1.44665e-05 0.0117272 0.057153 0.166113 0.151923 0.239113 0.183216 0.143527 0.105431 0.131912 0.128279 0.109413 0.0651632 0.0323765
2576.31 1.02484 1.52684 0.1 0.4 0.7 1.1 1.5 1.9 2.2 2.7 3.2 3.7 4.3 4.9 0.0638247 0.0746679 0.109982 0.264744 0.23277 0.08192 0.0473677 0.0368058 0.100905 5.07801e-07 1.2308e-08 0.0118504 0.0445796 0.126462 0.134313 0.269529 0.203453 0.146186 0.129054 0.184162 0.0536243 0.101847 0.0383092 0.0953214
6429.4 0.981638 1.89593 0.1 0.5 0.9 1.3 1.6 2 2.4 2.9 3.4 4 4.6 5.2 0.0654243 0.154345 0.134707 0.252874 0.177163 0.0412223 0.0374039 0.0318879 0.0742793 0.0068052 1.23753e-09 0.0055268 0.0462949 0.153093 0.161412 0.24703 0.162754 0.112116 0.113491 0.23811 0.207491 0.0817339 0.0246738 0.347726
2432.73 1.01354 1.88493 0.1 0.5 0.9 1.3 1.6 1.9 2.3 2.9 3.5 4.1 4.6 5.2 0.0650201 0.153637 0.137912 0.255463 0.167937 0.0373473 0.100834 0.0468074 0.0432626 9.08876e-05 0.002644 0.00258436 0.0497229 0.168112 0.209796 0.225948 0.116813 0.0965504 0.0864576 0.260915 0.15242 0.142149 0.164171 0.211878
2120.06 1.00853 1.69313 0.1 0.5 0.9 1.3 1.6 2 2.4 2.9 3.4 3.9 4.4 5 0.067212 0.150309 0.134492 0.26166 0.171858 0.043778 0.103425 0.0108962 0.0647363 7.97249e-07 4.73152e-05 0.000121156 0.051518 0.174887 0.216962 0.226016 0.144048 0.130192 0.097029 0.211673 0.115959 0.0691645 0.122015 0.133664
2361.99 1.00996 1.6103 0.1 0.5 0.8 1.2 1.6 2 2.4 3 3.5 4 4.6 5.2 0.0692185 0.134426 0.0972358 0.266706 0.226412 0.0414825 0.100924 0.00838054 0.065143 1.91704e-08 1.65549e-06 2.58169e-05 0.0548123 0.140842 0.186455 0.225412 0.196881 0.113305 0.110489 0.220055 0.123805 0.0145457 0.176958 0.0467382
3602.64 1.01015 1.97314 0.1 0.5 0.9 1.2 1.5 1.8 2.1 2.6 3.2 3.7 4.3 4.9 0.066252 0.136075 0.0979937 0.254422 0.204829 0.0331902 0.0952911 0.00762495 0.0948684 0.0195886 3.7227e-07 1.30791e-05 0.0565954 0.169151 0.186019 0.207105 0.162291 0.100473 0.11733 0.253473 0.262622 0.109731 0.137636 0.210713
2046.11 1.00428 1.88433 0.1 0.5 0.9 1.2 1.6 1.9 2.3 2.8 3.3 3.9 4.4 4.9 0.0716502 0.140688 0.106881 0.260691 0.195269 0.0375233 0.113535 0.00759595 0.0698185 0.000464947 0.000162701 2.26965e-08 0.0563807 0.1604 0.200179 0.220957 0.161411 0.127941 0.114243 0.217524 0.1924 0.147584 0.0845236 0.200786
2612.87 1.01143 1.82138 0.1 0.4 0.7 1.1 1.4 1.7 2.1 2.7 3.3 3.8 4.3 4.9 0.0574827 0.114021 0.0778803 0.249391 0.172354 0.111694 0.101416 0.0582565 0.0689179 1.17065e-05 6.51579e-06 9.72396e-11 0.0426639 0.120169 0.154997 0.26192 0.195032 0.134858 0.158603 0.214473 0.252766 0.0758721 0.00715557 0.202872
2858.02 1.00619 1.93037 0.1 0.5 0.8 1.1 1.5 1.8 2.2 2.7 3.2 3.7 4.3 4.9 0.0733527 0.115726 0.0796399 0.257714 0.171857 0.106354 0.0974905 0.0466784 0.0488855 0.00804563 0.000446131 4.02612e-07 0.0505047 0.160585 0.141759 0.242198 0.19076 0.167941 0.158013 0.198976 0.253909 0.0627874 0.152871 0.150071
2052.58 1.01029 1.86758 0.1 0.5 0.9 1.2 1.6 2 2.4 2.9 3.5 4 4.6 5.1 0.0739971 0.131712 0.11707 0.267942 0.173387 0.0903767 0.0711361 0.0330764 0.0477984 0.00123081 0.00147949 0.00108481 0.0526095 0.180693 0.153731 0.254618 0.190722 0.123066 0.127187 0.225806 0.220935 0.0420099 0.189473 0.106732
1505.77 1.00963 1.93971 0.1 0.5 0.8 1.2 1.5 1.9 2.2 2.7 3.3 3.9 4.4 5 0.072823 0.121739 0.103814 0.262648 0.173262 0.0928264 0.0717781 0.0344043 0.0683197 0.000345518 6.40744e-05 0.00760875 0.0586314 0.171446 0.141625 0.242588 0.159395 0.156116 0.145384 0.207883 0.224064 0.211064 0.0937208 0.127794
1379.2 1.01035 1.84437 0.1 0.5 0.8 1.1 1.5 1.8 2.2 2.7 3.3 3.8 4.4 5 0.0775551 0.108898 0.083203 0.247975 0.188329 0.110631 0.0728162 0.0295691 0.0729226 0.000126296 1.47374e-06 0.0183274 0.0607842 0.158247 0.13119 0.214549 0.164672 0.17736 0.152589 0.204042 0.21076 0.175021 0.121508 0.0736517
1788.32 1.00273 1.91731 0.1 0.5 0.9 1.2 1.5 1.8 2.1 2.6 3.1 3.6 4.1 4.7 0.0719175 0.132218 0.121358 0.237538 0.143287 0.0932974 0.082919 0.029219 0.0633197 0.017701 0.000319181 0.00964036 0.0594295 0.194676 0.141964 0.229594 0.145744 0.154008 0.148163 0.23257 0.192739 0.194724 0.153008 0.0706941
1590.95 1.01329 1.79662 0.1 0.5 0.8 1.2 1.5 1.9 2.3 2.8 3.3 3.9 4.4 4.9 0.0726946 0.121393 0.107707 0.252993 0.176349 0.101135 0.0700197 0.0226761 0.0752139 0.00132984 3.9384e-07 0.0117816 0.056993 0.175182 0.139871 0.248205 0.136288 0.200594 0.157342 0.161606 0.213073 0.169168 0.0608719 0.0774228
1263.22 1.01045 1.72667 0.1 0.5 0.9 1.2 1.6 1.9 2.2 2.8 3.4 4 4.5 5.1 0.0743274 0.126235 0.125107 0.262425 0.158652 0.084884 0.0592057 0.0568044 0.0542143 4.70253e-05 5.24966e-05 0.00849816 0.0579071 0.183464 0.152238 0.254085 0.101704 0.173139 0.134895 0.199113 0.167956 0.155217 0.0481883 0.098761
1999.44 1.00522 1.96108 0.1 0.5 0.9 1.3 1.7 2 2.3 2.8 3.3 3.9 4.5 5.1 0.0755504 0.126155 0.15988 0.284866 0.13252 0.0654101 0.0479207 0.050316 0.0521081 6.44879e-07 2.16767e-09 0.0104954 0.0507298 0.178603 0.19379 0.299247 0.117393 0.124783 0.0802503 0.200944 0.218979 0.122265 0.144668 0.229426
3210.56 0.989295 1.96094 0.1 0.5 0.8 1.1 1.4 1.7 2.1 2.7 3.2 3.8 4.4 4.9 0.0592073 0.109925 0.131594 0.248004 0.116248 0.0513761 0.175014 0.0693 0.0272189 1.44158e-06 2.2247e-06 0.00140369 0.0587902 0.147769 0.158599 0.240556 0.100919 0.223869 0.168295 0.1795 0.286901 0.0836837 0.143643 0.168418
1830.16 1.01198 1.73276 0.1 0.5 0.9 1.2 1.6 1.9 2.2 2.8 3.4 4 4.6 5.2 0.0618749 0.119631 0.169442 0.275947 0.117719 0.0223629 0.135331 0.0760946 0.0147559 0.0187669 4.48029e-07 4.98203e-05 0.0585613 0.185198 0.169042 0.220975 0.104263 0.207638 0.118777 0.171267 0.239335 0.11425 0.135192 0.00826518
1964.15 0.999123 1.79489 0.1 0.5 0.9 1.3 1.6 1.9 2.3 2.8 3.3 3.9 4.5 5.1 0.0646366 0.12347 0.185147 0.287345 0.115 0.0154456 0.113019 0.0701335 0.0123157 0.0116296 0.000979273 2.7258e-06 0.0572616 0.189364 0.179392 0.239234 0.090515 0.17304 0.137719 0.148624 0.200403 0.181829 0.133045 0.0644699
2048.65 1.0018 1.80902 0.1 0.5 0.8 1.1 1.5 1.9 2.2 2.8 3.4 4 4.6 5.1 0.0526072 0.103451 0.15368 0.26228 0.116086 0.11227 0.11058 0.0534871 0.0286389 0.00773165 0.0009829 3.04636e-06 0.062847 0.154475 0.1585 0.208798 0.19138 0.200821 0.126647 0.219783 0.176302 0.179866 0.0929105 0.0366903
2594.76 1.02274 1.79404 0.1 0.5 0.8 1.1 1.4 1.7 2.1 2.6 3.1 3.7 4.3 4.8 0.056581 0.100843 0.145896 0.252302 0.0973832 0.0968115 0.124713 0.0677965 0.0611864 0.0190187 0.00020064 3.54661e-06 0.068273 0.146659 0.1163 0.193476 0.161857 0.159205 0.102592 0.246438 0.112746 0.258877 0.14071 0.0869033
2383.41 1.01004 1.72397 0.1 0.4 0.7 1.1 1.4 1.7 2.1 2.6 3.2 3.7 4.2 4.8 0.0513734 0.0842176 0.11582 0.281416 0.142817 0.0956749 0.105796 0.0544024 0.0668143 5.76883e-05 6.40222e-06 0.0116399 0.0546906 0.113132 0.148316 0.220442 0.158165 0.168344 0.132322 0.213719 0.124986 0.168228 0.109322 0.112299
1995.67 1.00941 1.49669 0.1 0.4 0.7 1 1.3 1.7 2 2.6 3.1 3.6 4.1 4.7 0.0428962 0.0819885 0.109298 0.266156 0.134339 0.0811342 0.155426 0.0768342 0.0393631 6.74478e-05 1.41618e-05 0.0218926 0.0449865 0.109739 0.144325 0.186578 0.135743 0.165144 0.167407 0.140174 0.141387 0.104407 0.109445 0.0473521
1687.58 1.0083 1.44274 0.1 0.4 0.7 1 1.4 1.8 2.1 2.7 3.3 3.8 4.3 4.8 0.04282 0.0781966 0.111391 0.288653 0.148554 0.0780914 0.155114 0.0510763 0.0463166 0.000326422 8.5607e-08 0.00776504 0.0453199 0.11121 0.145411 0.194213 0.174232 0.170827 0.11778 0.146748 0.147182 0.0823538 0.0927413 0.0147228
