Chi2   rChi2   BIC   AIC    Qichtot    Qimtot  R[0]  R[1]  R[2]  R[3]  R[4]  R[5]  R[6]  R[7]  R[8]  R[9]  R[10]  R[11]  R[12]  Q0ch    Q1ch    Q2ch    Q3ch    Q4ch    Q5ch    Q6ch    Q7ch    Q8ch    Q9ch    Q10ch    Q11ch    Q12ch    Q0m    Q1m    Q2m    Q3m    Q4m    Q5m    Q6m    Q7m    Q8m    Q9m    Q10m    Q11m    Q12m
434.632 1.87342 206.316 160.077 1.00853 1.03519 0.1 0.3 0.7 1.2 1.4 1.9 2.4 2.9 3.4 3.9 4.4 5.9 3.7 0.0200392 0.0582824 0.282796 0.149789 0.182453 0.144745 0.0897689 0.041595 0.0270566 0.0051928 0.00681619 6.00964e-13 2.11609e-12 0.0319621 0.0869107 0.234933 0.202025 0.102477 0.18696 0.0631845 0.0576604 0.0310995 0.00120356 0.0237334 0.0130425 0
440.895 1.90041 210.021 163.783 1.00837 1.0203 0.0001 0.4 0.7 1.2 1.3 1.8 2.4 3.1 3.7 4.3 4.5 5.2 5.8 0.0269558 0.0700859 0.253971 0.138741 0.159088 0.17658 0.112532 0.0493166 0.014885 0.00189471 0.00432456 0 3.6931e-12 0.0425336 0.103829 0.191217 0.277197 1.30477e-11 0.208114 0.099796 0.0631434 0.0128712 0.0144775 0.00712169 2.38698e-15 0
438.945 1.892 208.873 162.634 1.00831 1.10435 0.1 0.6 1 1.4 1.8 2.2 2.8 3.5 3.7 4.4 5.2 5.3 6 0.0404891 0.243723 0.172518 0.239086 0.089325 0.119673 0.0656781 0.0300126 6.21336e-13 0.00780805 7.55507e-13 7.46514e-13 2.00395e-14 0.0771088 0.204789 0.177424 0.242003 0.0692563 0.138705 0.093957 1.1558e-12 0.0598804 0.0260457 0.00985477 0.00532393 0
437.289 1.88487 207.894 161.656 1.00837 1.04791 0.2 0.6 1 1.5 1.8 2.2 2.7 3.3 4 4.4 4.3 6 4.1 0.0553244 0.20952 0.227217 0.251683 0.0317697 0.127267 0.0538659 0.0397501 0.00626519 0.00570927 4.12949e-09 2.27607e-12 4.26364e-11 0.0931568 0.174696 0.237524 0.180321 0.10835 0.0945619 0.0641547 0.0537366 6.21669e-12 0.0280264 3.61412e-11 0.0133836 0
447.449 1.92866 213.843 167.604 1.00868 0.948894 0.1 0.5 0.9 1.3 1.5 2 2.5 3.2 3.8 4.4 4.6 5.3 5.9 0.0304226 0.169737 0.24621 0.0925332 0.194951 0.121359 0.0920985 0.0462616 0.00858413 0.00652239 1.96787e-13 3.33067e-16 1.5854e-13 0.0679919 0.141545 0.221752 0.131524 0.147472 0.111516 0.0939915 0.0195221 0.0135796 5.53815e-11 3.58602e-14 3.60822e-15 0
727.993 3.1379 339.906 293.667 1.01174 1.00206 0.1 0.3 0.8 1.1 1.5 1.7 2.6 2.8 3.7 4 4.7 5.2 5.8 0.0111303 0.13536 0.0939181 0.367472 4.27436e-15 0.212409 0.160548 1.16573e-15 3.33067e-16 0.0308971 0 0 3.09919e-13 5.22915e-14 0.167724 0.155536 0.230223 0.00651682 0.251004 0.132614 9.4369e-15 0.0381543 0.000578917 0.0197086 3.44169e-15 0
439.032 1.89238 208.925 162.686 1.00836 0.997202 0.0001 0.5 0.6 1.1 1.4 1.8 2.4 3.1 3.6 4.2 4.5 5.4 5.8 0.0353613 0.00230402 0.261565 0.219627 0.14118 0.163353 0.115661 0.0467876 0.0141936 0.00558887 0.00273487 9.01018e-12 8.67534e-12 0.0506676 0.125365 0.108869 0.269756 0.061921 0.202818 0.0962739 0.0572343 0.00515882 0.0152839 0.00385441 1.69613e-11 0
434.841 1.87431 206.44 160.201 1.00831 1.04693 0.1 0.4 0.7 1.1 1.3 1.8 2.3 2.8 3.3 3.9 4.4 5 5.6 0.0344392 0.0528614 0.272449 0.0286909 0.275632 0.146869 0.105519 0.0453186 0.0325053 0.00785449 0.00617703 4.52416e-14 1.59195e-12 0.0567612 0.0943767 0.159727 0.157243 0.181669 0.148746 0.108867 0.0677027 0.0160025 0.0450599 7.64389e-14 0.010772 0
453.417 1.95438 217.275 171.036 1.01888 0.99878 0.1 0.3 0.8 1.4 1.5 2.2 2.8 3.1 3.7 3.9 4.5 5.2 7.7 1.75648e-12 0.108396 0.327958 0.124155 0.2005 0.153547 0.0375012 0.0329592 0.0177407 2.4508e-11 0.00204838 2.43805e-13 0.0140775 0.0295818 0.112025 0.269939 0.304728 0.0151024 0.167861 0.0418613 0.0237306 1.51308e-10 0.0303888 2.44915e-09 0.00356169 0
4012.95 17.2972 782.016 735.778 1.02195 2.53866 0.0001 0.6 1 1.3 1.7 2 2.3 3.1 3.6 4 4.6 4.9 6.1 0.0378853 0.256923 0.137778 0.195785 0.161956 6.19797e-10 0.121525 0.0717662 0.00430661 1.60094e-12 1.23884e-12 4.98895e-12 0.0340287 0.0350215 0.148478 0.201105 0.265476 0.393638 0.0648629 0.183828 0.0953628 0.293857 0.351473 0.447774 0.0577834 0
515.125 2.22037 250.322 204.084 1.01387 1.00942 0.0001 0.5 0.7 1.2 1.4 1.9 2.3 3 3.5 4.4 4.3 5.2 5.8 0.0736038 0.0673685 0.156011 0.238132 0.158311 0.17781 0.0248976 0.0798808 0.0275262 0 0 0.0103275 7.10543e-15 0.0569675 0.106776 0.188465 0.186409 0.132679 0.160344 0.0805984 0.0740143 0.0152495 0.00648025 6.81587e-10 0.0014328 0
510.612 2.20092 248.043 201.805 1.01331 1.08089 0.0001 0.4 0.8 1.1 1.5 1.9 2.5 3.1 3.6 3.9 5.1 5.2 5.8 0.0547972 0.111853 0.107829 0.245355 0.20053 0.149705 0.0412995 0.0756156 0.0168632 4.87665e-13 1.34021e-12 0.00946657 1.22519e-12 0.04514 0.133063 0.154029 0.205602 0.169384 0.128102 0.132531 0.0314436 0.0296062 0.0247484 0.0251213 0.00212015 0
513.2 2.21207 249.353 203.114 1.013 1.04463 0.1 0.5 0.9 1.1 1.6 2 2.6 3.2 3.5 4.1 5.1 5.5 6.2 0.0735816 0.133284 0.0502019 0.291751 0.228337 0.10006 0.0449496 0.0757359 0.00431724 1.11022e-16 0.0107784 3.88578e-16 2.13163e-14 0.0582836 0.170134 0.140942 0.180523 0.181877 0.141686 0.0764148 0.0650847 6.43929e-15 0.0198977 0.00979129 1.38223e-14 0
513.024 2.21131 249.264 203.025 1.01363 1.02836 0.2 0.6 0.9 1.3 1.6 1.9 2.4 3 3.4 4.4 3.6 5.2 5.7 0.115052 0.0775675 0.185412 0.259864 0.0793272 0.151815 0.0329452 0.0660399 0.0348661 0 4.2874e-12 0.0107372 3.00093e-13 0.0964496 0.148667 0.187152 0.181658 0.0674584 0.167142 0.0695541 0.073756 2.05724e-13 0.0109278 0.0199346 0.00565998 0
518.599 2.23534 252.063 205.824 1.01393 1.05628 0.0001 0.5 0.8 1.1 1.3 1.9 2.5 3 3.5 3.6 4.5 5.2 5.4 0.0707867 0.105464 0.149831 0.0176737 0.340017 0.196316 0.0198322 0.0743307 0.0293121 4.26048e-13 5.55112e-17 0.0103712 2.95941e-12 0.0571115 0.138855 0.195595 0.0107341 0.251373 0.21389 0.0642181 0.0709043 8.37069e-12 0.0298918 0.0165001 0.0072015 0
823.139 3.54801 371.72 325.481 1.0158 1.15031 0.1 0.6 1 1.3 1.7 2.1 2.7 2.9 3.8 3.9 5.1 5.3 5.3 0.064398 0.240618 0.03517 0.274392 0.233018 0.0228501 1.62481e-13 0.114701 0.0158769 3.30191e-10 5.55112e-17 0.014772 9.02306e-12 0.0759274 0.221331 0.0956083 0.291264 0.0556758 0.157767 0.101609 0.0193117 0.0861972 1.63758e-14 0.0456186 6.10623e-16 0
503.814 2.17161 244.572 198.333 1.01343 1.09047 0.1 0.4 0.7 1.1 1.6 1.7 2.3 2.9 3.3 3.4 4.4 5.2 5.5 0.060491 0.105265 0.0619933 0.343218 0.0101017 0.260145 0.0586985 0.0490768 0.0375606 0.0164165 1.29119e-13 0.0104596 6.74183e-13 0.0512451 0.0947453 0.173766 0.236347 0.0689747 0.18283 0.122717 0.0588028 4.39201e-11 0.0572629 0.0306915 0.0130878 0
443.716 1.91257 211.673 165.434 1.00837 1.05577 0.3 0.7 0.9 1.4 1.7 2.2 2.7 3.3 3.9 4.4 4.3 5.9 5.9 0.102611 0.164941 0.171467 0.245435 0.0902457 0.128211 0.0538698 0.0390188 0.00519841 0.00337548 0.00399185 2.83501e-12 2.633e-12 0.160145 0.0295835 0.292003 0.125541 0.18338 0.0995952 0.0656982 0.05436 7.60503e-14 0.0300898 2.28506e-12 0.0153724 0
437.12 1.88414 207.794 161.556 1.00844 1.0187 0.2 0.5 0.7 1.1 1.5 1.9 2.4 3 3.4 3.9 4.4 5 5.7 0.0515241 0.0796263 0.187033 0.208099 0.192702 0.110564 0.105831 0.0382794 0.0225439 0.00550802 0.00673059 1.55431e-15 4.77896e-13 0.0849809 0.0845696 0.143867 0.225472 0.143321 0.150587 0.0846117 0.0568601 0.0149079 0.0148788 0.0146478 7.21645e-16 0
439.416 1.89403 209.151 162.912 1.00861 1.03617 0.0001 0.5 0.7 1.2 1.4 2 2.6 3.2 3.6 3.9 4.4 5.1 5.6 0.035837 0.0771768 0.244318 0.141128 0.210175 0.164117 0.0813465 0.0306124 0.0158829 3.55882e-13 0.00801221 6.66134e-16 6.21925e-12 0.0624202 0.11154 0.155496 0.231969 0.13056 0.167337 0.0980349 0.029618 1.77636e-15 0.040452 9.17311e-12 0.00873767 0
439.679 1.89517 209.306 163.067 1.00847 0.985275 0.2 0.5 0.8 1.3 1.7 2 2.5 3.1 3.5 4.2 4.4 4.4 5.7 0.0489744 0.112475 0.231056 0.258048 0.102266 0.100973 0.0916122 0.0342733 0.0201973 0.00372695 0.00486303 2.31507e-08 3.50647e-12 0.0861654 0.0938274 0.215289 0.245221 0.0744653 0.137199 0.0619363 0.0534521 0.0014896 0.0162308 4.1217e-13 4.1217e-13 0
437.339 1.88508 207.924 161.685 1.0084 1.00197 0.2 0.6 0.7 1.2 1.6 1.9 2.4 3 3.5 4.3 4.4 5.4 5.8 0.0584046 0.108938 0.171308 0.26055 0.127442 0.103709 0.104074 0.0425565 0.0231929 0.00549041 0.00273326 4.996e-16 1.76192e-13 0.0929327 0.103521 0.142884 0.26416 0.0744222 0.155672 0.0768933 0.0566944 0.0164838 0.0183099 7.16529e-11 9.4369e-16 0
438.181 1.88871 208.422 162.184 1.00851 1.01079 0.3 0.7 0.8 1.1 1.4 1.8 2.3 2.9 3.4 4.1 4.4 5.2 5.6 0.102364 0.128865 0.146678 0.0840482 0.224925 0.117429 0.118153 0.0481688 0.0269138 0.00523062 0.00573554 5.09404e-12 5.23054e-12 0.156288 0.00138359 0.218242 0.11929 0.150399 0.158861 0.101912 0.0579086 0.0247342 0.0174535 0.00431667 6.50119e-12 0
500.045 2.15536 242.627 196.388 1.02312 0.984412 0.2 0.6 0.9 1.3 1.7 2 2.6 3.1 3.5 4.4 4.5 5.2 7.2 0.115162 0.0776398 0.184169 0.267488 0.132292 0.104275 0.0328581 0.0691589 0.0178184 1.43996e-12 4.7678e-12 0.00823247 0.0140265 0.096067 0.149963 0.182888 0.189916 0.113455 0.133247 0.0616525 0.0489102 0.00753607 8.65855e-10 0.000776055 5.87028e-10 0
511.144 2.20321 248.313 202.074 1.01386 0.993761 0.2 0.6 1 1.4 1.5 2 2.2 3 3.5 4.5 4.5 5.2 5.8 0.113904 0.0935338 0.265557 0.0237388 0.26004 0.106391 0.0335579 0.0790432 0.0281091 5.27356e-15 5.27356e-15 0.00998358 2.88658e-14 0.0914885 0.183151 0.217206 1.66382e-11 0.236353 0.0697206 0.105888 0.0745454 0.0111289 0.00404339 1.87772e-07 0.000236212 0
438.67 1.89082 208.711 162.472 1.00827 1.00286 0.2 0.5 0.7 1.2 1.5 1.9 2.4 3 3.5 4.3 4.4 4.4 5.8 0.0569647 0.0436232 0.249714 0.21851 0.138486 0.126338 0.0997847 0.0443688 0.0223349 0.00675627 0.00139416 1.88129e-07 1.58505e-10 0.0908072 0.0463609 0.210193 0.2374 0.0810979 0.170063 0.0726941 0.0578671 0.0169116 0.00938754 0.0100716 5.17914e-07 0
442.168 1.9059 210.768 164.529 1.00871 0.970966 0.1 0.6 1 1.3 1.4 1.9 2.5 3.2 3.7 3.9 4.4 4.3 5.5 0.0400774 0.247583 0.151094 0.0971329 0.151581 0.160308 0.10077 0.0430767 0.00914432 1.62136e-11 0.00517485 0.00276649 1.22239e-10 0.076067 0.208929 0.144524 0.146883 0.0971659 0.146818 0.107665 0.0237668 0.00296836 0.016179 4.83424e-11 4.67881e-11 0
442.591 1.90772 211.016 164.777 1.00855 1.01299 -0.0999 0.6 0.9 1.3 1.7 2 2.6 3.2 3.6 4.2 4.4 5.3 6 0.0406064 0.237659 0.108474 0.277131 0.0671628 0.137864 0.0869067 0.0278117 0.0175897 3.19356e-13 0.0073498 1.11022e-16 1.60982e-15 0.0669731 0.232087 0.0854058 0.274898 0.0376755 0.172018 0.0663209 0.0549135 5.82867e-15 0.0227017 4.71012e-13 9.4369e-16 0
537.879 2.31845 261.518 215.279 1.01333 1.14158 0.1 0.4 0.9 1.4 1.9 2.2 2.8 3.3 3.5 4.3 5.2 6.2 6.2 0.0649162 0.0976045 0.249652 0.304963 0.134307 0.0403856 0.0478266 0.0634687 6.32827e-14 0 0.0102102 5.55112e-17 1.27121e-14 0.0418763 0.143124 0.288267 0.198109 0.179959 0.0551547 0.0926591 0.0300465 0.0320585 0.0408723 0.031325 0.00813025 0
4007.54 17.2739 781.667 735.428 1.02194 2.42761 0.3 0.5 0.8 1 1.4 1.7 2.2 2.6 3.3 3.8 4.5 4.9 6.1 0.0853683 0.0862306 0.134189 0.184722 0.145021 0.155208 0.0742402 0.0733392 0.0530999 7.43849e-13 1.0808e-13 1.47438e-13 0.0305204 0.0800855 0.0344346 0.0214191 0.328004 0.186909 0.394445 0.196424 0.0353626 0.123291 0.441031 0.460979 0.125221 0
436.661 1.88216 207.522 161.283 1.00859 1.00513 0.1 0.6 1 1.3 1.5 2 2.6 3.3 3.8 4.3 4.4 5.2 5.7 0.0401423 0.246986 0.152868 0.14082 0.139086 0.14933 0.0875867 0.0390091 0.00431154 0.00461122 0.00383929 7.97512e-12 1.1613e-11 0.0762971 0.208533 0.148388 0.166293 0.105573 0.142909 0.103105 0.0181586 0.026318 0.00584992 5.19018e-12 0.00370189 0
438.523 1.89019 208.624 162.386 1.00857 0.995314 0.2 0.6 0.9 1.3 1.7 2 2.5 3.1 3.5 4.1 4.4 5.1 5.6 0.0555117 0.200842 0.14716 0.243259 0.108106 0.0983548 0.0922421 0.0339296 0.0202177 0.00207444 0.00687238 0 2.07057e-13 0.0912759 0.173073 0.143871 0.227859 0.0843522 0.131993 0.0664613 0.0546058 0.00198221 0.0167397 0.00310121 1.94289e-15 0
438.013 1.88799 208.323 162.084 1.00791 1.08424 0.2 0.5 0.7 1.1 1.2 1.7 2.3 2.8 3.3 4 4.2 5 4.9 0.0539549 0.0611143 0.224692 4.98673e-09 0.266927 0.195832 0.116813 0.0406783 0.0366441 1.35095e-09 0.0112568 1.70974e-14 1.40396e-10 0.0951308 0.0808652 0.118729 0.172536 0.136439 0.185975 0.129813 0.0597043 0.0347917 0.0520186 1.15574e-13 0.0182418 0
441.959 1.90499 210.645 164.407 1.00872 0.973837 0.1 0.6 1 1.2 1.4 1.9 2.5 3.2 3.8 4.4 3.9 5.2 5.4 0.0399977 0.248752 0.136905 0.0703104 0.192705 0.158891 0.100858 0.0443175 0.00892525 0.00705919 2.87498e-12 3.33067e-16 8.27061e-13 0.0759331 0.210661 0.123634 0.105485 0.160023 0.144781 0.108583 0.0247139 0.00382159 8.34832e-13 0.0160013 0.000201877 0
437.584 1.88614 208.069 161.83 1.00806 1.05585 0.1 0.5 0.6 1 1.5 1.9 2.3 2.8 3.4 4.3 4.4 5 5.4 0.0326666 0.108655 0.106909 0.252743 0.233419 0.0779798 0.103362 0.0491789 0.0346457 0.00849994 1.35851e-08 3.06338e-12 5.42361e-12 0.0618733 0.0967952 0.105261 0.239579 0.198996 0.123487 0.0781359 0.0653764 0.0520991 1.73861e-10 0.0342484 3.62094e-12 0
4001.59 17.2482 781.282 735.043 1.02124 2.57313 0.0001 0.6 0.8 1.2 1.6 2.1 2.6 3.2 3.8 4.5 4.9 5.6 6.1 0.0383814 0.242178 0.0638554 0.247406 0.163224 0.111636 0.0643569 0.0571202 4.44535e-09 8.23008e-13 1.91175e-12 1.96685e-11 0.0330765 0.0343097 0.134845 0.0852384 0.333198 0.375379 0.300411 0.037743 0.152585 0.498861 0.47212 0.148444 5.068e-12 0
3995.04 17.22 780.858 734.619 1.02258 2.46401 0.2 0.6 1 1.1 1.5 1.9 2.3 2.9 3.4 3.9 4.6 4.9 6.1 0.0569106 0.214543 0.184998 0.0495463 0.227664 0.0677967 0.101628 0.0549719 0.0320061 1.69309e-14 7.38298e-15 1.249e-14 0.032512 0.0499868 0.123336 0.135979 0.178612 0.369179 0.269803 0.142746 0.0373408 0.192727 0.4559 0.472148 0.0362534 0
4057.98 17.4913 784.906 738.668 1.00284 2.61788 0.1 0.5 0.9 1.2 1.4 1.8 2.3 2.9 3.4 3.9 4.4 4.9 4.9 0.0313886 0.171363 0.251094 2.09519e-07 0.236069 0.108649 0.109084 0.0529473 0.0422455 1.48881e-12 1.27509e-13 1.83409e-13 3.16391e-12 0.0282338 0.108927 0.12889 0.296244 0.146684 0.412555 0.19544 0.0177038 0.214674 0.363826 0.388008 0.316695 0
3995.78 17.2232 780.906 734.667 1.02319 2.71322 0.0001 0.6 0.9 1.3 1.5 2.1 2.7 3.1 3.6 4.2 4.8 4.7 6.2 0.0389657 0.238961 0.129503 0.177519 0.148856 0.145896 0.0538938 0.0355083 0.0198812 1.21403e-13 1.65035e-13 5.81202e-14 0.0342081 0.0350163 0.126068 0.182195 0.166023 0.425992 0.371543 0.0440886 0.0782908 0.382444 0.492911 0.38631 0.0223412 0
3722.87 16.0469 762.583 716.344 0.999571 3.89454 0.0001 0.6 0.8 1.3 1.6 2.1 2.7 3.2 3.9 4.5 4.9 5.5 4.4 0.039815 0.206247 0.134834 0.26444 0.098425 0.138079 0.0458415 0.0430373 0.019757 0.00909551 5.60663e-15 5.55112e-17 6.15276e-11 0.0216298 0.0366595 0.197662 0.323399 0.396066 0.576521 0.224699 0.119677 0.352481 0.614816 0.431772 0.599162 0
3867.85 16.6718 772.478 726.239 1.00849 2.89947 0.0001 0.6 1 1.3 1.6 2 2.5 3.2 3.8 4.4 4.8 5.5 5.8 0.0370418 0.255942 0.137572 0.196509 0.109114 0.114498 0.073938 0.0460067 0.0221101 0.0157569 6.93889e-15 9.15934e-15 2.05391e-14 0.0161248 0.0939728 0.20186 0.192681 0.359998 0.445997 0.20906 0.00270142 0.0738111 0.363172 0.440699 0.499391 0
3992.03 17.207 780.662 734.424 1.0228 2.50937 0.1 0.6 1.1 1.2 1.4 1.8 2.4 3 3.5 4 4.6 4.8 6.1 0.0407624 0.259077 0.225671 6.94657e-09 0.131578 0.159758 0.098635 0.0504941 0.0241074 1.11022e-15 0 0 0.0327167 0.0369003 0.155253 0.31484 9.17122e-11 0.203015 0.427719 0.163156 0.0232722 0.295742 0.400022 0.383078 0.106369 0
422.678 1.82189 199.092 152.854 1.0193 1.0099 0.2 0.6 0.7 1.2 1.4 1.9 2.5 3.1 3.4 4.2 4.4 5.9 7.7 0.0597904 0.0819278 0.208326 0.186745 0.147944 0.164162 0.0980168 0.0271993 0.0242207 0.00629168 6.97969e-12 6.00814e-11 0.0146724 0.0935224 0.0912792 0.159653 0.223623 0.0828156 0.193696 0.0710051 0.0497873 0.00703949 2.13401e-09 0.0205982 0.016883 0
436.044 1.8795 207.156 160.917 1.00857 1.00225 0.2 0.6 1 1.4 1.7 2 2.5 3.2 3.9 4.4 4.6 5.2 5.7 0.0545051 0.215159 0.203866 0.197925 0.07962 0.101051 0.0953729 0.0457392 0.00903017 0.00629693 5.37848e-13 2.77556e-16 3.39362e-12 0.103349 0.149527 0.23539 0.162287 0.0988763 0.0749716 0.11696 0.0304222 0.0281888 2.02506e-11 2.23654e-13 0.00227755 0
450.87 1.94341 215.816 169.577 1.00816 1.0178 0.1 0.6 0.9 1.2 1.5 2 2.5 3 3.5 4.3 4.5 5.2 5.8 0.0407193 0.23756 0.0980935 0.170803 0.180854 0.131957 0.0799782 0.0355574 0.0250848 0.0060188 0.00153158 9.4369e-16 2.81664e-13 0.0706401 0.210336 0.111818 0.152751 0.151236 0.171958 0.0418033 0.0666618 0.0158915 0.0246984 4.42313e-13 3.66374e-15 0
837.265 3.6089 376.127 329.888 1.01572 1.07229 0.2 0.6 1.1 1.4 1.6 1.9 2.5 2.9 3.7 3.8 5.1 5.3 5.9 0.087011 0.194833 0.196567 0.047444 0.287281 0.0505936 0.0095395 0.11195 5.83544e-12 0.0165452 4.71845e-15 0.01396 1.28841e-13 0.0989649 0.182099 0.253979 0.10719 0.0716002 0.10691 0.142915 0.0111683 0.0565071 0.00790829 0.033052 1.88738e-15 0
425.263 1.83303 200.671 154.433 1.01897 1.02897 0.2 0.6 0.9 1.3 1.6 2.2 2.8 3.2 3.7 4.4 4.5 5.2 7.7 0.0569465 0.190331 0.174017 0.17716 0.170318 0.142276 0.0489662 0.0276102 0.0143863 0.000577192 0.0019317 8.97835e-11 0.0144477 0.106182 0.121349 0.201098 0.16814 0.157022 0.14093 0.0758076 2.06363e-11 0.0402326 0.0139336 5.58999e-11 0.00427138 0
441.797 1.9043 210.551 164.312 1.00848 1.00078 0.3 0.6 0.7 0.9 1.4 1.9 2.4 3 3.3 3.9 4.3 5.1 4.2 0.101757 0.00189893 0.167967 0.163316 0.271495 0.124487 0.105251 0.0314056 0.0276761 0.0048951 0.00833532 1.70625e-12 2.66176e-13 0.170888 1.66755e-13 1.11744e-13 0.288055 0.228971 0.124718 0.107234 0.0475965 1.89442e-11 0.0310147 7.59076e-12 0.00230515 0
510.82 2.20181 248.149 201.91 1.01333 1.06918 0.0001 0.5 0.9 1.1 1.5 1.9 2.5 3.1 3.6 3.8 5.1 5.2 5.5 0.0659699 0.143678 0.0613689 0.25372 0.193116 0.153042 0.0400292 0.0764205 0.0165068 1.72085e-15 4.09506e-12 0.00947755 6.06404e-12 0.0581946 0.173453 0.108666 0.200175 0.164194 0.129796 0.129717 0.0314785 0.016167 0.0319929 0.0199461 0.00539574 0
428.995 1.84912 202.935 156.696 1.01893 1.04939 0.3 0.7 0.9 1.4 1.7 2.2 2.6 3.2 3.8 4.4 3.9 5.8 7.7 0.10253 0.164601 0.173094 0.242479 0.0937316 0.120959 0.0492621 0.0467815 3.21139e-07 0.00084622 0.009999 2.78111e-14 0.0146497 0.15987 0.0281174 0.294074 0.122301 0.18691 0.0850347 0.0667387 0.0534538 0.010874 0.0275095 5.00095e-10 0.0145067 0
506.013 2.18109 245.7 199.461 1.01395 1.08192 0.1 0.3 0.8 1 1.5 1.8 2.3 2.9 3.4 3.9 4.4 5.2 5.7 0.0172583 0.147958 0.0121666 0.326849 0.191654 0.151039 0.0501633 0.0583899 0.0483617 2.77556e-16 5.55112e-17 0.0101145 3.20854e-14 0.00758425 0.145953 0.200023 0.140318 0.204833 0.11184 0.119389 0.0595034 0.0540887 1.51396e-12 0.0262525 0.0121359 0
442.706 1.90822 211.083 164.844 1.00806 1.14178 0.3 0.7 0.9 1.4 1.7 2.2 2.6 3.2 3.6 4.3 4.9 5.9 6 0.102803 0.163088 0.174641 0.240154 0.0969241 0.118725 0.0501797 0.0458685 0.00503173 0.0106452 3.88578e-16 5.55112e-17 7.71605e-15 0.16069 0.0294027 0.293679 0.125521 0.19229 0.090792 0.0759338 0.0659793 0.0237921 0.0424386 0.0200933 0.0211694 0
436.343 1.88079 207.334 161.095 1.00841 1.01022 0.2 0.6 0.7 1.2 1.4 1.9 2.5 3.1 3.4 4.2 4.4 5.9 4.4 0.0597838 0.081838 0.208113 0.186794 0.148104 0.1643 0.0981356 0.0273338 0.0234531 0.00937574 0.00117977 2.22045e-16 6.16174e-15 0.0935376 0.0915581 0.159698 0.224845 0.0821467 0.194965 0.0723033 0.0495394 0.00821425 1.25911e-11 0.0187278 0.0146893 0
448.504 1.93321 214.453 168.214 1.00845 1.05457 0.0001 0.6 0.8 1.3 1.4 2 2.6 3.2 3.7 4.3 4.4 5.3 5.7 0.0384189 0.212416 0.125857 0.209993 0.119891 0.166963 0.0796532 0.0349322 0.0136258 1.6232e-12 0.00669872 7.21645e-16 5.15549e-12 0.0702571 0.191293 0.104986 0.288206 0.0397506 0.162779 0.104805 0.0183951 0.0377244 0.0206682 5.03708e-13 0.0157083 0
434.929 1.87469 206.492 160.254 1.00826 1.06225 0.2 0.6 1 1.2 1.5 1.8 2.3 2.9 3.5 3.9 4.3 5.1 5.6 0.0543171 0.216462 0.184823 0.0740094 0.177704 0.0947312 0.120329 0.0514454 0.0258413 3.36231e-13 0.00859709 1.72085e-15 9.0225e-12 0.100533 0.167017 0.151428 0.151408 0.115889 0.101471 0.132982 0.0703876 0.00264413 0.0538966 1.05471e-15 0.0145909 0
428.087 1.8452 202.386 156.147 1.01852 1.13668 0.1 0.6 0.9 1.3 1.7 1.9 2.4 3 3.6 4.5 4.4 5.8 7.7 0.0409676 0.235512 0.113916 0.26751 0.069306 0.104162 0.101981 0.0467491 0.0212349 5.2863e-08 0.00279691 1.95179e-11 0.0143848 0.0697382 0.215245 0.12103 0.234553 0.0561484 0.150337 0.0862394 0.0787009 0.0472134 0.0548659 2.77556e-16 0.0226088 0
435.231 1.87599 206.672 160.433 1.00826 1.06668 0.1 0.5 0.8 1.2 1.6 1.9 2.4 3 3.5 3.9 4.3 5 5.6 0.031926 0.152386 0.178263 0.224469 0.148894 0.0915088 0.108093 0.0408332 0.02287 4.76841e-14 0.00901987 1.39611e-13 6.63269e-12 0.0656974 0.147695 0.123756 0.278414 0.0907281 0.112415 0.119136 0.061 3.9968e-15 0.0535627 6.38933e-14 0.0142717 0
440.323 1.89794 209.685 163.446 1.00832 1.02942 0.0001 0.6 1 1.3 1.4 2 2.6 3.3 3.8 4.3 4.8 5.3 6 0.0364504 0.253445 0.158245 8.00518e-10 0.264952 0.157749 0.0859214 0.0389814 0.00458701 0.00799061 5.57554e-13 7.64444e-13 1.07203e-12 0.0686846 0.224586 0.132891 0.111421 0.160753 0.151846 0.105688 0.0162894 0.0332503 0.0105124 8.88178e-13 0.0134954 0
826.015 3.56041 372.623 326.384 1.01585 1.10075 0.1 0.4 0.8 1.1 1.5 1.8 2.4 2.9 3.7 3.8 5.1 5.3 5.3 0.0376041 0.139024 0.159562 0.110153 0.293509 0.121554 0.0107044 0.112671 1.12871e-12 0.01666 1.22125e-15 0.0144064 3.26278e-12 0.0455697 0.142197 0.130247 0.220185 0.172566 0.0905063 0.155645 0.0396124 0.0433262 0.0263999 0.0344943 2.92544e-14 0
439.067 1.89253 208.945 162.706 1.00861 1.00508 0.1 0.6 1 1.3 1.4 1.9 2.4 2.9 3.4 4.1 4.4 5.2 5.7 0.0400829 0.247012 0.155778 0.0681029 0.182067 0.145971 0.0881992 0.0420814 0.028779 0.00372892 0.00681212 1.66533e-16 1.67805e-12 0.0660085 0.244035 0.095279 0.251015 1.89427e-11 0.183982 0.0668636 0.0553904 0.0226027 0.0158693 0.00403678 4.996e-16 0
437.216 1.88455 207.851 161.612 1.00842 1.01568 0.2 0.4 0.7 1.2 1.6 1.8 2.3 2.9 3.4 4 4.4 4.9 5.5 0.0488362 0.0423696 0.256537 0.243265 0.133136 0.0778468 0.120986 0.0476109 0.0267133 0.00492638 0.00619467 1.11022e-16 1.28009e-13 0.0808946 0.0479625 0.214937 0.263539 0.0297455 0.172152 0.0956374 0.0604083 0.0252464 0.0120064 0.0131547 2.75335e-14 0
443.028 1.9096 211.271 165.032 1.00809 1.04345 0.2 0.6 0.8 1.3 1.4 1.9 2.4 2.9 3.4 4.4 4.5 5.2 5.7 0.0589654 0.152238 0.176966 0.192101 0.113558 0.14381 0.0912727 0.0393469 0.0314676 0.00836596 4.4259e-13 8.32667e-16 2.06901e-12 0.0984856 0.100007 0.208419 0.143029 0.119567 0.172527 0.0715104 0.0546539 0.0421935 0.031679 0.00137755 3.33067e-16 0
436.091 1.8797 207.184 160.945 1.00861 1.02675 0.2 0.6 1 1.4 1.6 2.1 2.6 3.2 3.8 4.5 4.1 5.2 4.4 0.0547587 0.213198 0.212043 0.149756 0.12599 0.124085 0.0715716 0.0388861 0.0124674 0.00585487 5.32271e-11 1.44329e-15 6.09112e-11 0.103653 0.147902 0.243418 0.117691 0.134822 0.110621 0.0987349 0.0222753 0.0291899 4.38483e-13 0.0112927 0.0071463 0
440.321 1.89794 209.684 163.445 1.00835 1.02935 0.0001 0.6 1 1.3 1.4 2 2.6 3.3 3.8 4.3 4.4 5.3 5.6 0.03645 0.253445 0.158246 1.96414e-10 0.264946 0.157732 0.0859378 0.0389073 0.00477671 0.00707125 0.000833093 3.89577e-13 6.13998e-12 0.0686849 0.224584 0.132905 0.111432 0.160746 0.151856 0.105732 0.0162715 0.033303 0.0104228 2.54913e-12 0.0134127 0
832.361 3.58776 374.605 328.367 1.01631 1.12685 0.2 0.6 0.8 1.1 1.5 1.9 2.1 2.9 3.3 3.8 4.4 5.3 5.7 0.0889005 0.169943 0.0543884 0.129892 0.32446 0.101887 9.84689e-11 0.115393 9.72e-14 0.0160341 9.37583e-14 0.0154121 1.51651e-12 0.0976508 0.117981 0.158078 0.137623 0.204719 0.0550292 0.147369 0.0896335 0.0434547 0.0191932 0.0394999 0.0166155 0
439.595 1.89481 209.256 163.018 1.00828 1.05378 0.3 0.7 0.9 1.4 1.6 2.2 2.6 3.1 3.5 4.3 4.4 6 3.8 0.103185 0.15834 0.183822 0.198842 0.123883 0.136748 0.0342755 0.0469188 0.0114056 0.0108643 3.57622e-08 1.73195e-14 3.60343e-09 0.160755 0.0210837 0.308495 0.0431743 0.242038 0.114585 0.0469352 0.0503187 0.0251753 2.64697e-09 0.0288498 0.012366 0
437.459 1.8856 207.995 161.756 1.00836 1.01529 0.2 0.6 0.7 1.2 1.3 1.9 2.5 3.1 3.6 4.4 4.7 5.4 5.9 0.0612391 0.0515878 0.249671 0.0156736 0.300261 0.1725 0.094154 0.0373563 0.0193733 0.00654399 5.64326e-13 3.04146e-13 1.34587e-12 0.0945481 0.0733967 0.18466 0.126676 0.169968 0.200295 0.0746657 0.0551345 0.0139295 0.0220211 3.53662e-13 3.02536e-13 0
513.282 2.21242 249.394 203.155 1.0136 1.00198 -0.0999 0.3 0.8 1 1.3 1.8 2.4 3.1 3.5 4.1 5.1 5.2 5.5 0.0400118 0.103154 0.158916 0.0835516 0.264242 0.207167 0.0521349 0.0762723 0.0176332 2.46303e-13 5.9508e-14 0.0105171 1.58623e-12 0.0126498 0.136494 0.228678 0.0659638 0.172093 0.214984 0.0896137 0.0696448 6.06108e-05 0.00841584 0.00338649 2.18749e-09 0
829.189 3.57409 373.616 327.378 1.01488 1.12255 0.1 0.3 0.6 1 1.4 1.7 2.3 2.9 3 3.8 4.4 5.2 5.3 0.0284452 0.0809272 0.15042 0.162435 0.204162 0.229601 0.0162729 0.112536 1.33588e-08 0.0170108 7.77156e-16 0.0130687 2.99982e-13 0.0609334 0.0332009 0.180969 0.182852 0.243995 0.0719456 0.175947 0.0513198 0.0141431 0.0703526 4.02789e-13 0.036891 0
510.584 2.20079 248.029 201.79 1.01326 1.07412 0.1 0.3 0.9 1.4 1.8 1.9 2.5 3.1 3.6 3.9 5.1 5.2 5.8 0.0335659 0.11761 0.268984 0.28777 1.35788e-11 0.163678 0.0391511 0.0768418 0.0161979 0 4.09761e-12 0.00946072 5.54168e-13 0.00701476 0.160778 0.300781 0.20934 0.0748774 0.0793266 0.134994 0.027804 0.0317265 0.0212364 0.020669 0.0055714 0
3982.08 17.1641 780.016 733.777 1.02209 2.55119 0.3 0.4 0.8 1.1 1.5 1.8 2.3 3.1 3.6 4.1 4.7 4.2 6.1 0.0799256 0.0520782 0.262399 0.0992771 0.244802 0.0459546 0.129605 0.0681654 0.00621073 8.10463e-14 7.21645e-16 2.59792e-14 0.0336739 0.0592269 0.0491625 0.106606 0.308217 0.26305 0.31315 0.194432 0.0787722 0.359661 0.261479 0.415808 0.141621 0
464.733 2.00316 223.659 177.42 1.00828 1.09637 0.3 0.7 0.9 1.5 1.9 2.2 2.5 3.1 3.6 4.4 4.3 5.5 3.7 0.105121 0.138396 0.219226 0.306556 5.05151e-15 0.124693 0.0431049 0.0508508 0.0104067 1.36256e-10 0.00992985 1.44329e-15 6.71685e-15 0.159976 0.0252818 0.303121 0.221704 0.120695 0.0230665 0.0966116 0.0525179 0.0385169 0.040862 1.76908e-12 0.0140133 0
511.898 2.20646 248.695 202.456 1.01328 1.07726 0.2 0.5 0.9 1.2 1.7 2.1 2.6 3.2 3.4 4.1 5.1 5.2 5.2 0.106966 0.0726228 0.167398 0.245003 0.234495 0.0496461 0.0473196 0.069363 0.00927027 1.11022e-16 8.56388e-05 0.0111138 1.58401e-12 0.0843569 0.124231 0.219437 0.151032 0.210101 0.0920797 0.0765789 0.0720412 1.48215e-13 0.0306864 0.0167108 3.77043e-12 0
731.108 3.15133 341.012 294.773 1.01222 1.03829 0.1 0.4 0.9 1.2 1.6 1.7 2.5 2.8 3.5 4 4.7 5.2 5.8 0.0492729 0.107465 0.20818 0.262726 5.2236e-14 0.183088 0.127347 0.0419496 3.09308e-13 0.0321874 3.26517e-13 2.82885e-13 1.13126e-12 0.0424685 0.152837 0.224391 0.145042 0.0638496 0.188824 0.132947 0.0227126 0.0366736 0.0126098 0.0159311 2.86215e-13 0
434.834 1.87428 206.436 160.197 1.00815 1.05629 0.1 0.6 1 1.2 1.6 1.8 2.3 2.8 3.3 3.9 4.3 5.1 5.7 0.0395207 0.2531 0.0920742 0.202721 0.13362 0.0833489 0.114275 0.0424036 0.0336883 0.00607276 0.00733015 1.11022e-15 1.92335e-12 0.0732418 0.23301 2.90679e-12 0.335482 0.0041752 0.153746 0.109141 0.0709413 0.0130783 0.0506008 1.55431e-15 0.0128757 0
446.838 1.92603 213.489 167.25 1.00839 1.12339 0.0001 0.5 0.8 1.3 1.7 2.1 2.7 3.4 4.4 4.3 5.4 6.1 4.2 0.0304487 0.144309 0.213095 0.265271 0.108127 0.124685 0.0784521 0.034242 1.66039e-11 0.00976103 5.55112e-17 0 7.63001e-13 0.0561937 0.138296 0.204958 0.236715 0.1229 0.133246 0.0867446 0.0616036 0.0454224 3.14193e-14 0.0204947 0.0168166 0
442.883 1.90898 211.186 164.948 1.00825 1.09072 0.0001 0.5 0.8 1.3 1.5 2.1 2.7 3.3 3.7 4.3 4.4 5.3 6 0.0319829 0.134718 0.233504 0.179049 0.159431 0.153764 0.0685658 0.0304558 0.00936398 0.00143977 0.00597766 9.7311e-14 9.12603e-14 0.0645819 0.120326 0.204862 0.226924 0.108347 0.158127 0.101809 0.00360366 0.0522636 0.0265024 7.13207e-13 0.0233692 0
439.288 1.89348 209.076 162.837 1.00847 1.02591 0.0001 0.5 0.7 1.2 1.3 1.8 2.4 2.9 3.4 3.9 4.3 5.2 5.6 0.0330891 0.0999369 0.209097 0.174828 0.129958 0.179519 0.106606 0.0337571 0.031936 2.21399e-05 0.00971836 1.11022e-16 0 0.0589819 0.138909 0.112927 0.326868 2.93099e-14 0.168875 0.119526 0.0432789 0.0104885 0.0381896 3.68594e-14 0.00786801 0
4019.01 17.3233 782.407 736.168 1.02324 2.73393 0.0001 0.6 0.8 1.2 1.6 1.8 2.4 3.1 3.6 4 4.6 5 6.2 0.0371739 0.254794 0.0399037 0.286605 0.0445765 0.15346 0.101786 0.0564403 0.012806 3.2585e-14 5.55112e-17 5.44009e-15 0.0356922 0.0338355 0.142027 0.0594701 0.401327 0.116218 0.409594 0.195764 0.0977758 0.287174 0.398785 0.465811 0.126145 0
4007.57 17.274 781.669 735.43 1.02453 2.59839 0.3 0.6 0.9 1.1 1.5 1.8 2.3 2.6 3.4 3.9 4.4 4.9 6.3 0.0935603 0.138473 0.138244 0.162859 0.152696 0.12579 0.0556301 0.074901 0.0485382 2.54796e-14 3.71925e-15 1.41553e-14 0.0338423 0.067942 0.0980329 0.0078706 0.388348 0.127989 0.475332 0.0839503 0.0836415 0.230191 0.350455 0.423712 0.260925 0
4060.14 17.5006 785.044 738.805 1.02133 2.6602 0.1 0.6 0.9 1.2 1.7 2 2.4 3.1 3.7 4.3 4.9 5.3 6.3 0.0839636 0.171232 0.0397463 0.321419 0.177338 0.0645926 0.0320445 0.095555 0.00866355 1.26432e-12 1.62148e-13 4.90719e-14 0.0267716 0.0310973 0.152414 0.0681112 0.374382 0.37308 0.221658 0.105481 0.129081 0.351315 0.541851 0.311732 4.96103e-11 0
4048.26 17.4494 784.286 738.047 1.02264 2.51037 0.2 0.5 0.8 1.3 1.4 1.9 2.4 3 3.5 4.1 4.7 4.8 6.1 0.118492 0.0176679 0.221441 0.249884 0.0860626 0.16903 0.0211978 0.0809958 0.0312371 0 6.66134e-16 2.10942e-15 0.0266325 0.0445825 0.0429678 0.225519 0.255981 0.208882 0.420862 0.0919302 0.0699993 0.251105 0.50518 0.305767 0.0875977 0
4062.17 17.5093 785.174 738.935 1.02147 2.66945 0.2 0.6 0.8 1.2 1.4 1.9 2.5 3.1 3.7 4.3 4.9 5.6 6.3 0.11906 0.0367146 0.185923 0.152945 0.204192 0.165354 0.0279767 0.0931191 0.00900056 1.6448e-13 8.97282e-13 1.15176e-10 0.0271873 0.0462314 0.0732311 0.160739 0.205976 0.281595 0.466964 0.103404 0.117764 0.360018 0.540959 0.312569 2.00501e-11 0
3269.65 14.0933 728.961 682.723 1.04073 5.24135 0.2 0.6 1 1.4 1.6 2 2.6 3.2 3.7 4.4 5 5.7 7.3 0.113364 0.098333 0.254361 0.164064 0.129205 0.111614 0.0233351 0.0704771 0.00236188 5.55112e-17 7.83984e-13 1.15574e-13 0.073614 0.0278443 0.0953688 0.238052 0.411434 0.154268 0.686959 0.459538 0.187708 0.460363 0.899757 0.943364 0.676692 0
3876.7 16.7099 773.07 726.831 1.00977 2.86355 0.4 0.9 1 1.5 1.7 2.2 2.5 3.4 2.8 4.3 4.8 5.5 6 0.185253 0.0607639 0.299064 0.0494137 0.22657 0.00818904 0.105373 0.0510208 1.28231e-14 0.0241234 1.44329e-15 8.27116e-15 2.77556e-16 0.0688314 3.30125e-13 0.304957 0.278479 0.358849 0.43268 0.0258126 2.0095e-14 0.0537498 0.341939 0.486616 0.511639 0
4005.65 17.2657 781.545 735.306 1.02212 2.55535 0.3 0.4 0.8 1.1 1.5 1.8 2.3 2.7 3.3 3.8 4.4 4.9 6.2 0.0638491 0.0790147 0.228152 0.145416 0.191772 0.0928102 0.0909826 0.0483117 0.0498727 1.27366e-11 2.32592e-14 9.82547e-15 0.0319409 0.0422316 0.0666994 0.102145 0.329156 0.178436 0.42497 0.120736 0.0476278 0.160638 0.394113 0.465328 0.223264 0
519.359 2.23862 252.443 206.204 1.01314 1.05823 0.1 0.3 0.7 1 1.4 1.9 2.5 3.1 3.7 4.1 5.2 5.5 6 0.0483338 0.0844407 0.10631 0.199177 0.26514 0.170211 0.035456 0.0820846 0.0126622 5.55112e-17 0.009327 6.66134e-16 3.88578e-16 0.0353758 0.0995163 0.153413 0.181873 0.221114 0.143449 0.125807 0.0301203 0.0413764 0.00302165 0.0231606 0 0
500.961 2.15932 243.101 196.862 1.02285 0.99048 0.0001 0.5 0.8 1.1 1.4 1.8 2.4 3.1 3.5 4.1 4.2 5.2 7.2 0.0663719 0.13906 0.0458136 0.265789 0.136452 0.203289 0.0524072 0.0762176 0.0152863 3.33067e-16 0 0.00828908 0.0138778 0.0531787 0.1668 0.105487 0.216657 0.0713338 0.215993 0.0863873 0.0678385 1.29209e-11 0.00272216 0.00273902 0.00134379 0
433.604 1.86898 205.702 159.464 1.00843 1.04575 0.3 0.7 0.9 1.4 1.6 2.1 2.6 3.3 2.7 4.3 3.4 5.9 6.2 0.102019 0.170143 0.163484 0.251071 0.0566098 0.147445 2.69108e-05 0.0111554 0.0714299 0.0101036 0.024946 9.59138e-12 8.71775e-12 0.159728 0.0279969 0.297629 0.0740115 0.200611 0.109705 0.0811991 0.0579638 0.00132043 0.0284502 3.56826e-13 0.00714016 0
438.487 1.89003 208.603 162.364 1.00838 1.02341 -0.2999 0.7 0.8 1.1 1.4 1.7 2.2 2.8 3.3 3.9 4.4 5 5.5 0.103485 0.0993187 0.190591 0.0570767 0.232657 0.0890841 0.137423 0.0539449 0.0303716 0.00845884 0.00597037 9.17361e-12 9.45111e-12 0.155965 0.0161242 0.193821 0.146295 0.101374 0.162107 0.121256 0.0613147 0.035066 0.0149099 0.015175 1.08738e-11 0
437.116 1.88412 207.791 161.553 1.00796 1.01574 0.3 0.7 0.9 1.3 1.7 2.2 2.4 3.1 3.3 4 4.3 5 5.7 0.101231 0.183963 0.128485 0.212731 0.171119 0.0487387 0.0913024 0.0453196 0.0109548 0.0111294 0.00298189 3.70259e-13 6.09601e-12 0.158763 0.0397234 0.269974 0.104121 0.233444 1.0143e-10 0.123677 0.0272391 0.0351733 0.00111159 0.0225176 6.49369e-13 0
442.276 1.90636 210.831 164.592 1.00766 1.30551 0.3 0.7 0.9 1.4 1.9 2.1 2.6 3.2 3.6 4.4 5.3 6.1 4.3 0.10161 0.175208 0.154226 0.282922 0.071223 0.0909703 0.0761902 0.0335156 0.0133716 0.00842006 3.12081e-10 7.91267e-12 4.77817e-10 0.15933 0.0485249 0.264979 0.205653 0.209558 2.28084e-12 0.133615 0.0565268 0.0684318 0.0845019 0.0481326 0.026259 0
439.637 1.89499 209.281 163.042 1.00861 1.00627 -0.2999 0.7 0.9 1.3 1.4 1.8 2.3 2.9 3.4 3.9 4.3 5 5.3 0.101659 0.173853 0.154993 0.0440382 0.214576 0.114096 0.119767 0.047109 0.0279489 0.000362426 0.0102127 2.37588e-14 4.49252e-13 0.171043 3.43614e-14 0.288243 0.014762 0.201963 0.109341 0.123937 0.0578528 0.00628671 0.0306692 7.34968e-14 0.0021701 0
435.641 1.87776 206.916 160.677 1.00847 1.01384 0.0001 0.4 0.8 1 1.4 1.6 2.2 2.6 3.2 3.9 4.4 5.2 5.6 0.0107131 0.145685 0.15481 0.181434 0.0862014 0.200267 0.114116 0.0551373 0.0445021 0.00995682 0.00564566 4.93883e-13 2.15566e-12 0.042141 0.144401 0.0743261 0.2503 0.0536251 0.201811 0.102196 0.0806325 0.0268641 0.0325943 1.99546e-12 0.00495302 0
440.76 1.89983 209.942 163.703 1.0083 1.0327 0.0001 0.5 0.8 1.3 1.4 2 2.6 3.3 3.8 4.3 4.6 5.3 5.8 0.0315166 0.137127 0.229964 0.118084 0.19462 0.159997 0.0853053 0.0391483 0.00457466 0.00796233 6.24334e-13 9.99201e-16 7.9986e-13 0.0641229 0.122933 0.198569 0.206842 0.10463 0.153655 0.105835 0.0169486 0.0336221 0.01131 9.76996e-15 0.0142333 0
421.808 1.81814 198.559 152.32 1.01861 1.03657 0.0001 0.4 0.6 1 1.4 1.8 2.3 2.9 3.4 3.9 4.3 5 7.7 0.0315247 0.0251968 0.219168 0.190138 0.218377 0.120756 0.117052 0.0494138 0.0249333 0.00474669 0.00314238 1.17195e-12 0.0141576 0.0455283 0.111589 0.0826294 0.248264 0.183419 0.115069 0.125392 0.0656871 0.00268662 0.0462274 1.07148e-12 0.0100773 0
448.114 1.93152 214.227 167.989 1.00682 1.14416 0.0001 0.4 0.6 1.1 1.4 1.9 2.5 3.2 3.7 4 5 5.9 4.3 0.0352293 1.99884e-09 0.266669 0.203977 0.178706 0.165095 0.0994949 0.0432836 0.00422117 0.0101419 1.05722e-10 2.61374e-09 1.73132e-09 0.0556261 0.0558949 0.172361 0.246618 0.148839 0.16188 0.128525 0.0600073 1.99518e-12 0.0656822 0.0355711 0.0131553 0
3972.04 17.1209 779.362 733.124 1.02216 2.7921 0.2 0.6 1 1.4 1.6 2.1 2.7 3.3 3.8 4.3 4.8 4.9 6.2 0.0563191 0.216038 0.20779 0.161827 0.104539 0.128651 0.067247 0.0445549 2.13482e-09 5.82867e-15 3.56937e-14 4.82947e-14 0.0351971 0.0523339 0.106065 0.270268 0.243895 0.2887 0.347987 0.0638341 0.210998 0.392574 0.430701 0.249474 0.135268 0
3989.42 17.1958 780.493 734.254 1.02261 2.65746 0.0001 0.6 0.8 1.3 1.7 2.1 2.6 3.3 3.8 4.3 4.8 5.2 6.2 0.0399534 0.213364 0.125213 0.28134 0.0981407 0.106373 0.0726309 0.0518334 2.16216e-13 2.66398e-13 3.14748e-13 6.99996e-13 0.0337623 0.0362912 0.104156 0.144229 0.43732 0.258773 0.295671 0.0565847 0.195891 0.382174 0.385769 0.360599 1.03655e-10 0
3973.65 17.1278 779.468 733.229 1.02238 2.65916 0.2 0.5 0.9 1.1 1.4 1.8 2.3 2.7 3.3 3.8 4.3 4.8 6.2 0.0443308 0.152918 0.252283 0.0127359 0.217765 0.123761 0.0887372 0.0468843 0.0493286 3.73479e-13 1.67644e-14 4.85167e-14 0.0336339 0.0417464 0.092882 0.116697 0.223684 0.262267 0.382977 0.199673 0.00984558 0.202869 0.379331 0.388771 0.358421 0
