Chi2   rChi2   BIC   AIC    Qichtot    Qimtot  R[0]  R[1]  R[2]  R[3]  R[4]  R[5]  R[6]  R[7]  R[8]  R[9]  R[10]  R[11]  Q0ch    Q1ch    Q2ch    Q3ch    Q4ch    Q5ch    Q6ch    Q7ch    Q8ch    Q9ch    Q10ch    Q11ch    Q0m    Q1m    Q2m    Q3m    Q4m    Q5m    Q6m    Q7m    Q8m    Q9m    Q10m    Q11m
438.628 1.85859 258.697 158.447 1.00862 0.992327 0.2 0.6 0.9 1.3 1.5 1.9 2.5 3.2 3.9 4.4 5.2 0 0.0558399 0.199235 0.151476 0.219514 0.0651801 0.155883 0.101262 0.0449685 0.00873108 0.00653393 4.82947e-15 0 0.105213 0.127554 0.185139 0.193512 0.074089 0.135977 0.115543 0.0284984 0.0253318 4.73212e-11 0.00147067 0
515.57 2.18462 300.558 200.307 1.01368 1.00438 0.2 0.5 0.7 1.1 1.4 1.8 2.3 3.1 3.6 4.1 5.2 0 0.116672 0.00182829 0.155382 0.214514 0.18166 0.175326 0.0596948 0.0850624 0.0126632 1.03867e-12 0.0108822 0 0.0894744 0.0603278 0.181319 0.17524 0.141923 0.158878 0.1122 0.0773628 2.78558e-11 0.00765354 3.55058e-10 0
457.794 1.93981 269.775 169.524 1.00754 1.26703 0.3 0.7 0.8 1.2 1.6 2 2.6 3.3 4.1 4.7 5.8 0 0.100602 0.180185 0.0769463 0.23038 0.154605 0.120973 0.0945293 0.037749 0.00929035 0.00228108 6.01741e-14 0 0.157507 0.000902869 0.231807 0.190285 0.156215 0.156413 0.108975 0.10735 0.0562054 0.0633465 0.0380256 0
441.702 1.87162 260.506 160.256 1.00868 1.07765 0.3 0.7 0.9 1.4 1.9 2.1 2.7 3.4 4.4 3.5 5.8 0 0.101423 0.17649 0.152078 0.286369 0.055344 0.114335 0.0793386 0.0195423 0.00857964 0.015175 6.90981e-12 0 0.159864 0.036061 0.276644 0.189379 0.196005 0.0136532 0.10747 0.0176662 0.0336242 0.0342874 0.0129963 0
447.912 1.89793 264.123 163.872 1.0084 1.06672 0.0001 0.6 0.7 1.3 1.8 2.1 2.7 3.4 4 4.4 5.2 0 0.0393782 0.144909 0.17405 0.324726 0.0817928 0.122654 0.0772121 0.0337615 0.00238747 0.00753231 3.9409e-10 0 0.0688996 0.166263 0.112174 0.351973 0.0234371 0.16182 0.0903708 0.0282513 0.0458946 1.82422e-10 0.0176359 0
440.018 1.86448 259.517 159.267 1.00865 0.99876 -0.0999 0.6 0.9 1.1 1.5 2 2.6 3.3 3.9 4.3 4.9 0 0.0396304 0.252796 0.0138003 0.223516 0.196385 0.141459 0.089567 0.0397252 0.00154615 0.0102262 5.72101e-10 0 0.0754576 0.217008 1.73635e-09 0.244435 0.175913 0.132242 0.104504 0.0208388 0.0276848 2.33172e-11 0.000676906 0
439.205 1.86104 259.038 158.788 1.00828 1.04538 0.2 0.5 0.7 1.2 1.4 1.8 2.4 3.1 3.8 4.5 5 0 0.0558199 0.0502527 0.240721 0.219535 0.0891524 0.168629 0.114095 0.0503437 0.0149358 0.00479442 4.38538e-15 0 0.0884119 0.0613876 0.189526 0.275877 3.92514e-11 0.210848 0.102646 0.068885 0.0236563 0.0241463 4.86888e-13 0
449.46 1.90449 265.016 164.766 1.00897 0.994724 -0.0999 0.6 0.8 1.3 1.4 2 2.7 3.4 4.3 4.7 5.8 0 0.0423766 0.204052 0.128871 0.232572 0.093768 0.179268 0.0848683 0.0326772 0.0105188 6.96554e-12 1.34148e-12 0 0.0678406 0.209797 0.0928282 0.282233 0.0266147 0.191416 0.0751537 0.0283622 0.0114201 2.32259e-13 0.00905746 0
449.459 1.90449 265.015 164.765 1.00897 0.99443 -0.0999 0.6 0.8 1.3 1.4 2 2.7 3.4 4.3 4.4 5.8 0 0.0423713 0.204114 0.12877 0.232885 0.0934674 0.179311 0.084858 0.0326797 0.0105139 4.31638e-06 2.2371e-14 0 0.0678416 0.209772 0.0928637 0.282066 0.0267606 0.191353 0.0750934 0.028274 0.0113492 4.03508e-11 0.0090571 0
444.161 1.88204 261.944 161.694 1.00825 1.04303 0.0001 0.6 0.9 1.3 1.4 2 2.6 3.3 3.8 4.3 5.3 0 0.0373249 0.239484 0.1242 0.127188 0.181792 0.161837 0.0846149 0.0393619 0.00457402 0.00787025 2.3081e-12 0 0.0692922 0.213192 0.103726 0.223392 0.0862341 0.156082 0.10702 0.0169188 0.0361313 0.0132774 0.0177612 0
505.277 2.141 295.334 195.084 1.01254 1.07522 0.1 0.3 0.9 1.3 1.4 1.8 2.5 3.2 3.8 5.1 5.2 0 0.0289935 0.125968 0.246848 0.194345 0.0556617 0.209463 0.0584647 0.0823347 2.14483e-11 0.00326007 0.00720055 0 0.00490778 0.164535 0.289682 0.0931798 0.0983665 0.175086 0.143004 0.0331048 0.0465297 0.0204579 0.00637248 0
439.329 1.86156 259.111 158.861 1.00876 0.977858 0.0001 0.5 0.8 1.2 1.3 1.8 2.5 3.3 3.9 4.3 5 0 0.0275439 0.16396 0.165345 0.189802 0.0880071 0.20311 0.115493 0.0453223 1.9027e-12 0.0101818 8.6986e-14 0 0.0602081 0.150852 0.128999 0.255759 0.0313583 0.186121 0.122996 0.023456 0.0181098 1.11067e-12 6.70114e-12 0
450.721 1.90984 265.742 165.491 1.00806 1.18085 0.1 0.6 1 1.4 1.8 2.2 2.8 3.6 4.1 4.5 5.2 0 0.0405396 0.243547 0.17275 0.23907 0.0887637 0.119854 0.0677166 0.0297538 5.86909e-10 0.00606445 3.88301e-13 0 0.0772499 0.205521 0.178566 0.245966 0.0698701 0.14796 0.10822 0.0636613 0.0414142 0.0163394 0.0260858 0
447.444 1.89595 263.851 163.601 1.00865 0.955574 -0.0999 0.6 0.7 1.2 1.3 1.9 2.5 3.2 3.8 4.4 5.6 0 0.0435619 0.135813 0.174694 0.0442396 0.279419 0.172632 0.0972895 0.0454466 0.00924169 0.00631039 1.60982e-15 0 0.0787507 0.115146 0.148617 0.108659 0.21212 0.156594 0.100832 0.0203344 0.0142882 0.000233684 7.82707e-15 0
450.721 1.90984 265.742 165.491 1.00806 1.18088 0.1 0.6 1 1.4 1.8 2.2 2.8 3.6 4.1 4.5 5.2 0 0.0405396 0.243547 0.17275 0.239069 0.0887636 0.119856 0.0677156 0.0297514 1.32082e-10 0.00606365 7.83909e-11 0 0.0772497 0.205522 0.178563 0.245967 0.06987 0.147956 0.108224 0.0636738 0.0414177 0.0163524 0.0260883 0
438.523 1.85815 258.635 158.385 1.00827 1.0177 0.2 0.5 0.7 1.1 1.3 1.8 2.4 3.1 3.7 4.4 4.5 0 0.056433 0.0471908 0.243206 0.0724572 0.233732 0.171241 0.114258 0.0487322 0.0150174 0.00600613 1.32988e-10 0 0.0844577 0.0867752 0.144815 0.185324 0.114177 0.20736 0.0984705 0.0623267 0.0131148 0.0208763 1.49097e-11 0
443.349 1.8786 261.47 161.22 1.00818 0.999117 0.3 0.7 0.8 1.2 1.3 1.8 2.4 3.1 3.7 4.3 4.4 0 0.102203 0.123878 0.164231 2.80331e-14 0.265426 0.16785 0.115557 0.0481973 0.0145681 0.00626765 1.37668e-14 0 0.155521 1.66533e-16 0.232451 0.126884 0.101023 0.203525 0.0969385 0.0570308 0.00780662 0.0179361 1.11022e-16 0
512.645 2.17222 299.084 198.834 1.01348 1.00324 0.1 0.5 0.6 1.1 1.5 1.9 2.6 3.2 3.5 4.2 5.2 0 0.0787152 0.0542589 0.106203 0.295218 0.177874 0.162343 0.0481825 0.0742167 0.00546858 2.44749e-13 0.0110048 0 0.0665034 0.028061 0.201696 0.261025 0.101994 0.201801 0.0782428 0.0536686 2.31114e-10 0.0078938 0.00235649 0
457.836 1.93998 269.798 169.548 1.00892 1.03171 -0.0999 0.6 1 1.4 1.7 2.1 2.8 3.4 4.1 4.4 4.8 0 0.0404232 0.244567 0.169689 0.242432 0.0470199 0.152298 0.0741711 0.0265307 0.00163628 0.0101535 3.54161e-14 0 0.0669523 0.235401 0.147544 0.244735 0.0301832 0.172128 0.0756252 0.0316558 0.0244374 3.30275e-10 0.00305236 0
457.188 1.93724 269.431 169.181 1.00928 0.995681 -0.0999 0.6 1 1.4 1.7 2.1 2.8 3.5 4.4 4 5.3 0 0.0403167 0.244585 0.170151 0.241455 0.0473544 0.152359 0.076219 0.0273901 0.00944582 1.20835e-11 2.19318e-11 0 0.0671243 0.234771 0.146134 0.246653 0.0277669 0.16735 0.0729059 0.0194462 1.99376e-11 0.0135303 4.95964e-12 0
436.706 1.85045 257.56 157.31 1.00847 1.006 0.1 0.6 1 1.3 1.5 2 2.6 3.3 3.8 4.3 5.2 0 0.0401412 0.247011 0.152758 0.14107 0.138903 0.149465 0.0874834 0.0393685 0.00342301 0.00884915 2.50376e-11 0 0.0762954 0.208552 0.148298 0.166381 0.105485 0.142947 0.102978 0.0183508 0.0261972 0.00636001 0.00415551 0
443.475 1.87913 261.544 161.294 1.00838 1.02301 0.1 0.5 0.6 1.1 1.2 1.7 2.4 3.2 4 4.4 5 0 0.0356025 0.0448154 0.20433 0.237394 0.0644171 0.228505 0.128563 0.0515342 0.00722654 0.00599232 2.46932e-11 0 0.061574 0.152526 0.0463154 0.310083 0.0179134 0.205166 0.143108 0.0483178 0.0315086 5.83899e-09 0.00649629 0
442.897 1.87668 261.206 160.956 1.00876 0.966156 0.1 0.6 0.8 1.2 1.5 1.9 2.5 3.2 3.8 4.4 5.2 0 0.0407289 0.230963 0.0692111 0.246196 0.105869 0.154182 0.101431 0.0440501 0.00922108 0.00690685 3.64708e-14 0 0.0765902 0.194044 0.063868 0.258253 0.0853968 0.14113 0.10733 0.021538 0.0171427 0.000864125 2.91989e-14 0
445.36 1.88712 262.642 162.392 1.00861 1.00449 0.0001 0.6 0.7 1.2 1.4 2 2.6 3.2 3.7 4.4 5.3 0 0.039202 0.154942 0.157388 0.15284 0.203652 0.165466 0.0794551 0.0355157 0.0134849 0.00666323 1.08863e-12 0 0.0707385 0.153665 0.115629 0.190962 0.163234 0.157178 0.0960688 0.0148633 0.0291013 0.00864421 0.00440399 0
438.984 1.8601 258.908 158.657 1.0089 1.00151 0.0001 0.6 0.7 1.2 1.3 1.9 2.6 3.4 3.7 4.4 5.3 0 0.0372993 0.200318 0.0991733 0.14045 0.191457 0.191377 0.10101 0.0390702 2.75946e-13 0.00874317 5.56777e-14 0 0.0689413 0.20204 0.0528973 0.21129 0.124136 0.180796 0.116137 0.00909773 0.0296061 0.00576313 0.000807839 0
851.906 3.60977 430.628 330.378 1.0151 1.0912 0.2 0.5 0.9 1.2 1.6 1.7 2.5 3 3.8 5.3 5.1 0 0.0730687 0.147496 0.145737 0.148313 0.213011 0.130536 0.0355729 0.0984513 0.00870671 0.0142061 2.15291e-11 0 0.0939918 0.112982 0.186168 0.200155 8.10904e-10 0.210595 0.159809 0.0113416 0.0742161 0.00335185 0.0385917 0
511.944 2.16925 298.729 198.479 1.01351 1.00968 0.2 0.6 1 1.3 1.7 2 2.6 3.2 3.5 4.1 5.2 0 0.112854 0.102257 0.2172 0.186446 0.17971 0.0763952 0.0481649 0.0734744 0.005858 1.54321e-14 0.0111548 0 0.0937325 0.1755 0.212174 0.117407 0.15136 0.115308 0.0768013 0.0557717 3.61244e-12 0.00929252 0.0023297 0
512.633 2.17217 299.078 198.828 1.0136 1.00696 0.1 0.5 0.8 1.2 1.7 2 2.4 3.1 3.5 4.4 5.2 0 0.0770786 0.106216 0.115205 0.310279 0.197303 0.0576968 0.0442025 0.0780231 0.0167165 3.52496e-13 0.0108793 0 0.0572028 0.159741 0.139588 0.244205 0.159193 0.0822802 0.0815884 0.0684314 0.00718866 0.00754538 1.83773e-09 0
516.035 2.18659 300.791 200.541 1.01365 1.14138 0.1 0.4 0.9 1.1 1.7 2.1 2.7 3.3 3.5 4.4 5.2 0 0.0535923 0.132027 0.0644356 0.322242 0.262453 0.0416267 0.0610148 0.064984 4.79057e-10 6.15952e-13 0.0112696 0 0.0332857 0.166851 0.184249 0.181797 0.239441 0.0865223 0.112756 0.0176671 0.0596586 0.0397255 0.019427 0
445.331 1.88699 262.625 162.375 1.00897 0.993767 0.1 0.6 0.7 1.2 1.3 1.9 2.5 3.2 3.9 4.5 6.3 0 0.0433281 0.140204 0.169581 0.0451923 0.279709 0.17205 0.0968216 0.0466 0.00848639 0.00699996 1.36306e-11 0 0.0737219 0.212611 0.0303874 0.223006 0.122231 0.165893 0.104588 0.032872 0.0193204 5.06872e-13 0.00913721 0
437.019 1.85177 257.745 157.495 1.00843 1.01104 0.1 0.6 0.7 1.2 1.5 2 2.6 3.3 3.8 4.3 5.3 0 0.0425503 0.164804 0.133 0.231845 0.145855 0.151971 0.0867081 0.0391615 0.00403101 0.0085022 5.289e-11 0 0.0783134 0.135327 0.120205 0.249485 0.120894 0.144314 0.10365 0.0178618 0.0274793 0.00724483 0.00626156 0
446.332 1.89124 263.207 162.957 1.00848 1.08295 0.0001 0.6 0.7 1.3 1.6 2.1 2.8 3.6 3.9 4.4 5.2 0 0.0401728 0.128538 0.194272 0.299032 0.0727112 0.163826 0.0758214 0.0274655 3.87524e-10 0.00664607 1.15217e-10 0 0.0700817 0.150968 0.129058 0.347617 0.0146773 0.186817 0.0997051 0.00563544 0.0597332 1.61489e-10 0.018657 0
515.4 2.1839 300.472 200.222 1.01355 0.995232 0.1 0.4 0.8 1.2 1.3 1.8 2.4 3.1 3.5 4.2 5.2 0 0.0674545 0.0853387 0.169062 0.166313 0.156513 0.213491 0.0507028 0.0768794 0.017392 2.10942e-14 0.0104052 0 0.0480756 0.116397 0.22226 0.159192 0.0632932 0.222107 0.0861973 0.0688254 4.57261e-09 0.00651995 0.00236452 0
512.159 2.17016 298.838 198.588 1.01353 0.992331 0.1 0.5 0.8 1.1 1.5 1.9 2.6 3.2 3.5 4.3 5.2 0 0.0752559 0.120733 0.0601847 0.272584 0.185844 0.15945 0.0490821 0.0734672 0.00595911 3.30819e-12 0.0109658 0 0.0595257 0.156041 0.111672 0.219029 0.11708 0.195138 0.0788811 0.0491808 0.00164307 0.00414058 3.76635e-07 0
525.299 2.22584 305.4 205.149 1.01413 1.01911 0.1 0.5 0.9 1.1 1.7 2 2.6 3.3 4 4.6 5.1 0 0.0716127 0.143271 0.000800364 0.361422 0.249298 0.0404475 0.0643937 0.0722346 2.47382e-10 2.70706e-10 0.0106481 0 0.0555888 0.182718 0.0939233 0.238812 0.204751 0.0851759 0.0935704 0.0546946 6.19443e-12 0.00987969 1.33097e-08 0
521.197 2.20846 303.369 203.119 1.0139 1.07238 0.2 0.5 0.8 1.1 1.7 2 2.7 3.3 3.4 4.4 5.2 0 0.101311 0.0954514 0.0239803 0.358038 0.239982 0.0555656 0.0639862 0.0606294 0.00378766 1.11007e-11 0.0111733 0 0.0823794 0.127076 0.105043 0.261199 0.191428 0.110715 0.103696 8.10646e-12 0.0572678 0.0241062 0.00946724 0
505.539 2.14212 295.469 195.219 1.01224 1.13494 0.2 0.3 0.9 1 1.5 1.9 2.5 3.2 3.9 4.6 5.1 0 0.0453616 0.114197 0.101014 0.225386 0.248477 0.130885 0.0533857 0.0832737 6.72529e-12 1.07692e-13 0.0102587 0 0.00693565 0.164424 0.222572 0.112209 0.218199 0.111766 0.148117 0.0503048 0.0624118 6.56875e-12 0.0380056 0
436.71 1.85046 257.562 157.312 1.00847 1.00599 -0.0999 0.6 1 1.3 1.5 2 2.6 3.3 3.8 4.3 5.2 0 0.040133 0.24703 0.152731 0.141107 0.138879 0.149469 0.0874823 0.0393688 0.0034235 0.00884846 2.41733e-11 0 0.0762797 0.208587 0.148243 0.166458 0.105435 0.142955 0.102973 0.0183475 0.0261959 0.00635787 0.00415642 0
513.925 2.17765 299.73 199.48 1.0134 1.0277 0.2 0.4 0.9 1.1 1.4 1.7 2.3 3.1 3.5 4.1 5.2 0 0.0922483 0.0746918 0.161185 0.187492 0.0882605 0.230714 0.0730892 0.0787439 0.0163438 1.07109e-12 0.0106266 0 0.0632163 0.117782 0.271792 0.0639606 0.063294 0.22268 0.118709 0.0826715 2.25925e-12 0.0168444 0.00674945 0
523.202 2.21696 304.364 204.113 1.01378 1.02925 0.1 0.3 0.8 1.3 1.5 1.9 2.4 3.1 3.6 4.2 5.2 0 0.0506511 0.0822427 0.219523 0.288782 0.0607585 0.167983 0.0350452 0.085056 0.0125065 1.78746e-13 0.0112327 0 0.00888675 0.14018 0.262355 0.197225 0.0708837 0.163138 0.0889582 0.0746972 0.0072118 0.0122112 0.00350657 0
511.42 2.16703 298.464 198.214 1.01359 1.0037 0.2 0.7 1.1 1.3 1.7 2 2.7 3.2 3.4 4.2 5.2 0 0.116848 0.161498 0.166753 0.185509 0.152435 0.0986336 0.0480367 0.055573 0.017524 4.38199e-12 0.0107798 0 0.101687 0.259552 0.0710166 0.201841 0.0814948 0.16217 0.0690738 0.0422806 0.00469306 0.00691549 0.00298033 0
523.485 2.21816 304.503 204.253 1.01299 1.07612 0.1 0.3 0.9 1.1 1.4 1.7 2.3 3.1 3.5 4 5.1 0 0.0232665 0.136844 0.181406 0.166278 0.101085 0.224436 0.074669 0.0771747 0.0173096 4.55191e-15 0.0105232 0 1.62176e-12 0.165123 0.329154 3.88833e-12 0.104459 0.20639 0.13325 0.0943908 1.20168e-09 0.0297797 0.0135695 0
438.852 1.85954 258.83 158.579 1.00813 1.04134 0.0001 0.5 0.6 1 1.3 1.7 2.3 2.9 3.4 4.4 3.5 0 0.0331207 0.0475979 0.196137 0.16818 0.175339 0.178853 0.124586 0.0458898 0.0296974 0.00872738 2.80589e-11 0 0.0532081 0.133174 0.0752402 0.227429 0.0893786 0.221155 0.112576 0.0546022 0.0425567 0.0320227 1.73819e-11 0
450.138 1.90736 265.406 165.156 1.00874 0.981041 0.0001 0.5 0.8 1.2 1.3 1.8 2.4 3.1 3.7 4.4 5.1 0 0.0293777 0.151023 0.197894 0.0527309 0.221472 0.171633 0.114443 0.0483155 0.0152296 0.00662242 4.52971e-14 0 0.0571998 0.163001 0.118773 0.199777 0.104338 0.154874 0.124529 0.0337481 0.0184913 0.00631097 5.53058e-13 0
451.271 1.91216 266.057 165.807 1.00877 0.978623 0.1 0.5 0.7 1.2 1.3 1.8 2.4 3.1 3.7 4.4 5.2 0 0.0381601 0.0850575 0.223166 0.151845 0.150731 0.175877 0.113486 0.0487502 0.0149792 0.00671293 2.88658e-14 0 0.0677001 0.112223 0.140207 0.265287 0.0536967 0.159573 0.122199 0.0340621 0.0174193 0.00625599 4.89608e-14 0
444.833 1.88489 262.336 162.086 1.00868 0.983025 0.1 0.6 1 1.4 1.5 2 2.6 3.3 3.8 4.3 4.4 0 0.0404241 0.244441 0.17144 0.21733 0.0441898 0.151422 0.0874593 0.0397613 0.00261472 0.0095976 2.01414e-10 0 0.0763623 0.206721 0.168068 0.252785 3.70251e-11 0.141449 0.100359 0.0133167 0.0239636 2.19766e-09 7.12546e-11 0
456.317 1.93355 268.937 168.687 1.00895 0.929313 0.3 0.7 0.9 1.3 1.4 1.9 2.4 3.1 3.6 4.4 4 0 0.101811 0.171874 0.160163 0.00321882 0.269493 0.123835 0.10729 0.0488534 0.0148985 0.00751211 8.65974e-15 0 0.169833 0.00429219 0.280633 2.55351e-15 0.226899 0.118335 0.100532 0.0261105 0.00267728 5.10703e-15 1.56608e-12 0
443.572 1.87954 261.601 161.35 1.008 1.07149 0.2 0.7 1 1.4 1.7 2.1 2.7 3.2 3.7 4.3 5.2 0 0.0650881 0.303048 0.0442292 0.321096 4.53952e-11 0.16225 0.0603832 0.0324033 0.0125816 0.00692041 4.31012e-11 0 0.110651 0.214234 0.117303 0.26802 0.0200803 0.15163 0.0969994 0.00957991 0.0462205 0.021929 0.0148397 0
440.777 1.8677 259.963 159.713 1.00839 1.08918 0.0001 0.6 0.8 1.3 1.4 2 2.7 3.5 3.7 4.4 5.2 0 0.0380741 0.217713 0.115946 0.246931 0.0829209 0.17903 0.0875739 0.0329885 1.19904e-14 0.00721425 1.87184e-13 0 0.0705463 0.196154 0.0960615 0.322001 0.00748622 0.182106 0.117851 0.00570608 0.0541363 0.0232875 0.0138451 0
505.439 2.14169 295.417 195.167 1.01231 1.077 0.1 0.3 0.8 1.2 1.5 1.8 2.5 3.2 3.8 5.1 5.2 0 0.0390829 0.104625 0.174132 0.272192 0.0643933 0.207141 0.0581244 0.0824362 7.06657e-14 0.0101879 1.00919e-13 0 0.0196734 0.134017 0.215794 0.227212 0.0517165 0.178438 0.141822 0.034832 0.0469302 0.0265648 8.83049e-12 0
437.789 1.85504 258.202 157.952 1.00843 1.05666 0.2 0.6 0.8 1.2 1.3 1.8 2.4 3 3.4 4.4 6.1 0 0.0574097 0.170329 0.141454 0.0723413 0.211255 0.171894 0.111629 0.0355445 0.0267537 0.00982368 7.84817e-13 0 0.0966593 0.121371 0.167536 0.0874153 0.151826 0.202162 0.0991872 0.0491876 0.0369795 0.0300783 0.0142596 0
444.356 1.88287 262.058 161.808 1.00783 1.09276 0.2 0.7 1 1.4 1.6 2.1 2.7 3.2 3.7 4.2 5.3 0 0.0651413 0.302946 0.0442865 0.321178 6.94556e-12 0.161961 0.060918 0.0325054 0.0107541 0.00813716 1.39105e-11 0 0.110216 0.214036 0.120127 0.263022 0.0205062 0.155339 0.103631 0.00543323 0.0468288 0.0293489 0.0242747 0
449.717 1.90558 265.164 164.914 1.00836 1.0178 0.3 0.7 0.8 1.2 1.5 1.9 2.5 3.2 4.1 4.4 5.1 0 0.101429 0.157709 0.109705 0.193545 0.140215 0.142287 0.103699 0.0460189 0.00931932 0.00442899 1.27676e-15 0 0.155125 5.98965e-14 0.233299 0.173658 0.110648 0.169098 0.0944166 0.0551475 0.0200866 0.00631774 2.77556e-16 0
508.111 2.15301 296.783 196.533 1.0139 1.01603 0.2 0.6 1.1 1.6 1.9 2.2 2.8 3.3 3.4 4.5 5.2 0 0.110788 0.117833 0.332012 0.188144 0.109987 0.0264121 0.0612653 0.0327486 0.0243568 3.54444e-12 0.0103536 0 0.0890302 0.203466 0.269267 0.159423 0.0859697 0.0888062 0.0652474 0.0298459 0.0137824 0.00993633 0.00125311 0
524.283 2.22154 304.898 204.648 1.01356 1.00788 0.2 0.5 0.9 1.2 1.7 2.2 2.9 3.3 3.4 4.4 5.2 0 0.106573 0.0731488 0.167418 0.244356 0.23796 0.0661185 0.0559851 0.0355873 0.0162063 9.34919e-13 0.0102035 0 0.0843164 0.122186 0.224492 0.138275 0.220014 0.102614 0.0707071 2.51415e-10 0.026751 0.0127752 0.00574626 0
513.776 2.17702 299.655 199.404 1.0137 1.1716 0.0001 0.4 0.8 1.1 1.7 1.8 2.6 3.3 3.4 4.4 5.2 0 0.0470288 0.13838 0.0380851 0.356641 0.174845 0.107884 0.0698369 0.0699004 1.02767e-09 1.96682e-12 0.011103 0 0.0293188 0.167672 0.113663 0.276437 0.0398613 0.243354 0.136024 6.23893e-09 0.0940896 0.050366 0.0208148 0
513.1 2.17415 299.314 199.063 1.01346 1.00387 0.2 0.5 0.8 1.2 1.5 1.9 2.6 3.2 3.5 4.2 5.2 0 0.113413 0.0357282 0.175112 0.238473 0.145441 0.166942 0.0473928 0.074978 0.0049427 6.97775e-14 0.0110418 0 0.0900747 0.0876983 0.203983 0.193883 0.0819009 0.203675 0.0781844 0.0537949 3.58106e-07 0.00816946 0.00250342 0
446.808 1.89326 263.483 163.233 1.00808 1.04133 0.3 0.7 0.9 1.4 1.5 2.1 2.6 3.3 4 4.2 5.2 0 0.10269 0.160836 0.18116 0.148024 0.154149 0.134981 0.072319 0.0431912 0.0008325 0.00989869 7.74825e-13 0 0.170753 1.45344e-11 0.293293 0.129671 0.138327 0.133182 0.092006 0.0345713 0.0374352 1.90553e-07 0.0120886 0
899.953 3.81336 444.838 344.588 1.01492 1.16181 0.1 0.6 1.1 1.2 1.6 2 2.6 3.3 4.2 4.7 5 0 0.0507825 0.259035 0.0758851 0.160643 0.197758 0.162499 0.000678147 0.102367 7.49401e-15 1.18072e-10 0.00527348 0 0.0669761 0.25382 0.0748236 0.202906 0.123076 0.180512 0.0782041 0.110507 3.39535e-11 0.0709865 1.09949e-11 0
463.66 1.96466 273.072 172.822 1.00689 1.18314 0.1 0.6 1 1.4 1.7 2.2 2.8 3.6 4.2 5.2 5.1 0 0.0407358 0.242151 0.178537 0.216362 0.095169 0.135561 0.0636046 0.0302352 0.00453189 2.42825e-10 6.48176e-12 0 0.0771032 0.205433 0.180231 0.233048 0.0695894 0.161936 0.10436 0.0675327 0.052266 0.0316378 1.08411e-09 0
446.281 1.89102 263.178 162.927 1.00906 1.0132 0.0001 0.5 0.6 1.1 1.4 1.9 2.6 3.4 3.7 4.4 4.2 0 0.0345372 0.0121741 0.251011 0.215832 0.164673 0.179855 0.103367 0.0382301 1.17973e-10 0.00938481 1.07252e-10 0 0.0642721 0.055444 0.167512 0.240436 0.141761 0.171796 0.12214 0.0132121 0.0273682 2.0082e-08 0.00926179 0
450.237 1.90779 265.463 165.213 1.0069 1.15353 0.1 0.6 1 1.4 1.7 2.2 2.9 3.6 3.9 4.9 5.5 0 0.0405144 0.243196 0.175531 0.223427 0.0873302 0.143984 0.0654755 0.0207358 0.00514887 0.00156039 3.68283e-10 0 0.0758446 0.211082 0.163627 0.266453 0.0311239 0.183258 0.0962272 1.11022e-16 0.0823343 0.0294073 0.0141677 0
438.624 1.85858 258.695 158.445 1.00816 1.00629 0.2 0.5 0.8 1.2 1.3 1.8 2.4 3.1 3.7 4.3 4.9 0 0.0491547 0.111962 0.231141 3.82128e-09 0.263016 0.168513 0.115152 0.0484229 0.0143696 0.00642739 1.51983e-10 0 0.0816462 0.116058 0.16681 0.201186 0.049754 0.205038 0.0989557 0.0592288 0.00962417 0.0179864 1.81846e-10 0
439.535 1.86244 259.233 158.982 1.00834 1.07442 0.2 0.5 0.8 1.3 1.4 2 2.6 3.3 4 4.4 5.2 0 0.0510109 0.102732 0.251497 0.0884494 0.219223 0.157588 0.0860744 0.0396799 0.00558825 0.00649591 1.50208e-12 0 0.0978034 0.0767467 0.207811 0.252372 0.0613433 0.163472 0.109741 0.0350597 0.0506834 3.2953e-11 0.0193873 0
439.993 1.86438 259.502 159.252 1.00817 1.01601 0.3 0.7 0.8 1.2 1.4 1.8 2.4 3.1 3.7 4.3 5.1 0 0.101501 0.144608 0.130593 0.152018 0.134648 0.159073 0.116797 0.0479711 0.0142601 0.00670393 1.44329e-15 0 0.156068 0.000936034 0.2291 0.173917 0.065142 0.195203 0.104145 0.0604051 0.0120941 0.0190024 6.10623e-15 0
503.573 2.13378 294.46 194.209 1.0139 1.04323 0.2 0.6 1.1 1.6 1.8 2.1 2.7 3.3 4.2 4.7 5.2 0 0.110922 0.117179 0.33503 0.157263 0.113972 0.0442256 0.0579519 0.066415 6.251e-12 5.63186e-11 0.0109368 0 0.0890413 0.204023 0.269649 0.157975 0.0464981 0.122366 0.0730487 0.0584082 0.0115355 0.00877044 0.00191891 0
457.794 1.93981 269.775 169.524 1.00754 1.26703 0.3 0.7 0.8 1.2 1.6 2 2.6 3.3 4.1 4.7 5.8 0 0.100602 0.180185 0.0769463 0.23038 0.154605 0.120973 0.0945293 0.037749 0.00929035 0.00228108 6.01741e-14 0 0.157507 0.000902869 0.231807 0.190285 0.156215 0.156413 0.108975 0.10735 0.0562054 0.0633465 0.0380256 0
512.551 2.17182 299.036 198.786 1.01324 0.993626 0.0001 0.4 0.9 1.1 1.6 2 2.6 3.2 3.4 4.1 5.1 0 0.0503517 0.129276 0.114794 0.246667 0.240788 0.0936458 0.0477813 0.0706071 0.00853736 2.45359e-13 0.0107958 0 0.0326584 0.160029 0.22536 0.118826 0.198807 0.127612 0.0742432 0.0518591 8.4226e-08 0.00423072 7.34744e-08 0
861.735 3.65142 433.599 333.349 1.01571 0.969691 0.2 0.6 1 1.4 1.7 2.1 2.9 3.8 4.4 4.4 5.4 0 0.088327 0.185487 0.132269 0.242963 0.194226 0.0274592 0.115863 0.0173304 2.9976e-15 2.9976e-15 0.0117874 0 0.0926431 0.172676 0.237621 0.0990561 0.156538 0.114943 0.0711289 3.72424e-13 0.00854248 4.39752e-05 0.016499 0
523.067 2.21638 304.296 204.046 1.02194 1.07499 0.2 0.7 1.2 1.3 1.8 2.1 2.9 3.4 4 5.2 7.2 0 0.116211 0.171636 0.280253 0.074372 0.199128 0.0450351 0.073396 0.0400781 4.14668e-14 0.0104328 0.0114021 0 0.0996926 0.277065 2.14884e-11 0.295633 0.0817837 0.161678 0.0954686 0.0201786 0.0227007 0.000578613 0.0202113 0
436.528 1.8497 257.455 157.205 1.00817 1.01829 0.3 0.7 0.9 1.2 1.6 2.1 2.5 3.2 4.2 4.3 3.6 0 0.100267 0.199533 0.0844409 0.183295 0.202684 0.0919659 0.0838175 0.0473598 0.0109973 3.21074e-09 0.00380817 0 0.159326 0.0331536 0.280376 0.0471711 0.247825 0.0800625 0.0865999 0.0523998 1.22226e-11 0.0229539 0.00842419 0
436.883 1.8512 257.665 157.415 1.00821 1.08187 0.3 0.7 0.9 1.4 1.6 2.1 2.7 3.4 4.3 4.4 5.8 0 0.101975 0.170991 0.162016 0.253572 0.0543615 0.147796 0.0728249 0.0353478 0.00932744 1.51792e-07 9.47797e-13 0 0.159858 0.0298506 0.2946 0.0841871 0.18832 0.127704 0.0869007 0.0596129 3.74315e-10 0.0383231 0.0125157 0
515.035 2.18235 300.289 200.038 1.01372 1.19217 0.1 0.4 0.9 1.2 1.5 1.8 2.6 3.3 3.4 4.4 5.2 0 0.0585668 0.116082 0.172372 0.240239 0.0586546 0.219726 0.0660177 0.0708437 8.97837e-13 1.66478e-13 0.0112193 0 0.0325742 0.167796 0.220639 0.179863 3.83177e-09 0.272371 0.138891 1.42212e-11 0.1014 0.0562335 0.0223996 0
512.146 2.17011 298.832 198.581 1.01354 0.992901 0.0001 0.4 0.7 1.1 1.5 1.9 2.6 3.2 3.5 4.2 5.2 0 0.0584911 0.0926202 0.0998318 0.278579 0.184913 0.159647 0.0490136 0.0735676 0.00586052 7.96696e-13 0.011015 0 0.0446842 0.104423 0.165771 0.233942 0.113801 0.196067 0.0788164 0.0500651 0.000630313 0.00447325 0.000226934 0
512.094 2.16989 298.805 198.555 1.01355 0.995765 0.0001 0.5 0.9 1.2 1.6 1.9 2.6 3.2 3.5 4.3 5.2 0 0.0666033 0.138655 0.117147 0.272836 0.130749 0.147407 0.0500016 0.0728149 0.00634323 9.88098e-15 0.0109899 0 0.0516542 0.179453 0.168571 0.187009 0.0856507 0.18596 0.0808063 0.048203 0.00326704 0.00478854 0.000402941 0
444.406 1.88308 262.087 161.837 1.00891 0.984876 0.0001 0.5 0.8 1.2 1.4 1.9 2.5 3.2 3.8 4.5 5 0 0.0294623 0.150808 0.196992 0.1316 0.179997 0.15808 0.101725 0.0423893 0.0115759 0.00627762 4.45755e-14 0 0.0572945 0.162324 0.121117 0.22157 0.112218 0.148116 0.1149 0.024188 0.0224823 0.000666645 4.43534e-14 0
441.734 1.87175 260.525 160.275 1.00834 1.07015 0.0001 0.5 0.8 1.3 1.5 2 2.6 3.3 4 4.4 5.2 0 0.0305592 0.143074 0.217582 0.227766 0.0962028 0.155078 0.086415 0.0395602 0.00558625 0.00651407 1.34411e-09 0 0.0598696 0.145629 0.162 0.319826 0.00597696 0.166492 0.1076 0.0348592 0.0490089 2.07191e-09 0.0188916 0
453.087 1.91986 267.097 166.847 1.00868 1.01512 0.0001 0.6 0.7 1.2 1.4 2.1 2.7 3.2 3.9 4.5 5.2 0 0.0419109 0.0913454 0.240053 0.068267 0.289336 0.165846 0.0569873 0.0376428 0.0116795 0.00561391 1.04905e-10 0 0.0686297 0.183672 0.0851603 0.175253 0.199913 0.170362 0.0729971 0.0260817 0.0330484 2.78721e-13 3.17842e-09 0
447.825 1.89756 264.072 163.822 1.00814 1.09494 -0.0999 0.6 1 1.3 1.7 2.2 2.7 3.3 4 4.4 5.2 0 0.0398908 0.249282 0.139154 0.205199 0.151539 0.113235 0.061108 0.0357968 0.00714822 0.00578733 3.23603e-11 0 0.0738025 0.223193 0.105535 0.259855 0.0958194 0.143549 0.0764204 0.0364426 0.0574771 3.26975e-08 0.0228475 0
438.232 1.85692 258.464 158.214 1.00837 1.05342 0.1 0.6 0.9 1.3 1.6 2 2.6 3.3 3.9 4.3 5.3 0 0.0409814 0.234378 0.11701 0.255131 0.0746008 0.146824 0.0881535 0.0387377 0.00437909 0.00817486 2.33441e-10 0 0.0769361 0.195346 0.1178 0.269363 0.0480963 0.145007 0.11363 0.0214634 0.0416897 0.00613548 0.0179576 0
715.829 3.03317 385.553 285.303 1.01068 1.18962 0.2 0.6 1 1.2 1.6 2 2.6 3 3.9 4.6 5.3 0 0.0942996 0.112273 0.219042 0.183701 0.149211 0.0746194 0.144619 2.35805e-11 0.0329168 5.50099e-12 1.26635e-10 0 0.0980913 0.170447 0.179119 0.119644 0.21113 0.0676452 0.188844 0.00017656 0.105779 6.65586e-07 0.0487443 0
443.147 1.87774 261.352 161.102 1.00831 1.06568 0.1 0.6 1 1.3 1.4 2 2.6 3.3 4 4.4 5.2 0 0.0400793 0.246565 0.16382 1.14572e-09 0.26168 0.159002 0.0853565 0.0396783 0.00586154 0.00626891 1.01807e-13 0 0.0737875 0.224132 0.0977903 0.251075 0.046369 0.16643 0.106241 0.0350125 0.0473597 3.56548e-13 0.0174827 0
444.997 1.88558 262.431 162.181 1.00837 1.0294 0.1 0.5 0.7 1.2 1.3 1.9 2.5 3.2 4 4.4 5.1 0 0.0403057 0.0682908 0.250905 0.0260802 0.292789 0.171805 0.0971254 0.0470723 0.0079927 0.00600397 3.81917e-14 0 0.0694716 0.101237 0.15661 0.192944 0.14412 0.167138 0.111018 0.0426073 0.0357731 5.69267e-13 0.00848389 0
891.228 3.77639 442.315 342.065 1.01627 1.11884 0.0001 0.6 0.8 1.3 1.8 2 2.7 3.3 3.5 4.2 5.1 0 0.0471198 0.2485 0.0512462 0.295268 0.142683 0.120536 2.71944e-10 0.104906 5.17326e-11 7.51066e-14 0.00601056 0 0.0718372 0.200639 0.0893903 0.332697 0.022953 0.173647 0.116057 0.0233586 0.0278356 0.0251682 0.0352538 0
439.195 1.861 259.032 158.782 1.00876 0.97832 0.0001 0.5 0.6 1.1 1.2 1.8 2.5 3.3 3.9 4.3 4.9 0 0.0347792 3.02159e-11 0.271307 0.0489182 0.272937 0.21127 0.113591 0.0457597 6.07203e-12 0.0101987 6.668e-12 0 0.0654178 0.0314565 0.199996 0.0848377 0.241522 0.191583 0.121772 0.0245989 0.0171361 2.57949e-12 5.31351e-10 0
454.942 1.92772 268.156 167.906 1.00877 1.01619 0.0001 0.6 0.7 1.3 1.8 2 2.7 3.3 4 4.4 4.5 0 0.0392247 0.151859 0.164931 0.333632 0.0194409 0.172162 0.0818624 0.0317158 0.00545253 0.00848925 1.89694e-10 0 0.0620445 0.17979 0.117944 0.320057 1.42187e-11 0.196716 0.077775 0.0368335 0.0176773 0.00735023 7.5811e-12 0
450.246 1.90782 265.468 165.218 1.00791 1.07142 0.1 0.5 0.8 1.3 1.5 2.1 2.7 3.5 3.7 4.3 5.3 0 0.0362079 0.126339 0.239605 0.173808 0.163375 0.151966 0.0749183 0.0353906 1.11022e-16 0.00630433 1.63203e-14 0 0.0732281 0.103947 0.215845 0.215587 0.117059 0.154562 0.10113 7.78328e-08 0.0526644 0.0184133 0.0189822 0
437.813 1.85514 258.216 157.966 1.00834 1.06425 0.0001 0.6 0.9 1.3 1.7 2.1 2.7 3.4 3.7 4.3 5.3 0 0.036856 0.245246 0.104737 0.271381 0.0990266 0.130239 0.0771317 0.0340117 0.00057253 0.00914079 8.7666e-12 0 0.069398 0.215183 0.0974174 0.286431 0.0690027 0.140358 0.101746 5.90098e-09 0.0480319 0.0195209 0.0171654 0
447.37 1.89564 263.809 163.559 1.0088 0.965952 0.0001 0.6 0.7 1.2 1.3 1.9 2.5 3.2 3.8 4.4 6.2 0 0.0387576 0.163049 0.148703 0.0570661 0.269642 0.173436 0.0963494 0.0465502 0.00790887 0.0073376 3.13083e-14 0 0.0701594 0.165139 0.100821 0.133364 0.193212 0.158972 0.0992439 0.022533 0.0118944 1.19899e-10 0.0106137 0
902.139 3.82262 445.467 345.217 1.01567 1.02191 0.2 0.6 0.8 1.1 1.6 1.9 2.7 3.2 3.8 4.4 5.3 0 0.091464 0.16487 0.0400002 0.187692 0.360825 0.00932788 0.0956185 0.0396313 0.013139 1.66533e-16 0.0131001 0 0.0916884 0.175979 0.0375405 0.260519 0.101244 0.192613 0.0751035 0.0444449 0.00735256 0.0215154 0.0139124 0
452.876 1.91897 266.977 166.727 1.00848 1.03993 0.1 0.6 1 1.3 1.4 1.9 2.5 3.2 3.9 4.5 4.8 0 0.0397549 0.249469 0.144284 0.116449 0.13655 0.161566 0.0999223 0.044057 0.0111312 0.00529598 2.79265e-12 0 0.0731977 0.229125 0.0841036 0.292227 2.94099e-10 0.150627 0.126208 0.0384521 0.0391622 1.58329e-08 0.00683175 0
436.706 1.85045 257.56 157.31 1.00847 1.00598 0.1 0.6 1 1.3 1.5 2 2.6 3.3 3.8 4.3 5.2 0 0.0401412 0.247011 0.152758 0.14107 0.138903 0.149465 0.0874832 0.039369 0.00342251 0.00884959 1.92718e-12 0 0.0762954 0.208551 0.148298 0.16638 0.105485 0.142945 0.102974 0.0183478 0.0261942 0.0063578 0.00415385 0
505.68 2.14271 295.541 195.291 1.01266 1.07132 0.1 0.3 0.9 1 1.5 1.9 2.5 3.2 3.8 5.1 5.2 0 0.0228558 0.138013 0.097291 0.227558 0.249188 0.130371 0.0535277 0.0833245 3.60212e-13 0.00241062 0.00811935 0 0.00220646 0.169997 0.210069 0.124077 0.210838 0.111943 0.136541 0.0347853 0.0447173 0.0261507 2.05073e-08 0
440.272 1.86556 259.667 159.416 1.00836 1.08051 0.2 0.6 0.8 1.3 1.6 2 2.6 3.3 4 4.4 5.2 0 0.0580669 0.160762 0.162417 0.272062 0.0673089 0.148539 0.087796 0.039221 0.00531647 0.00687558 4.80727e-14 0 0.103646 0.113474 0.153704 0.313811 0.0125219 0.163144 0.111154 0.0357244 0.0527522 2.12752e-12 0.0205792 0
456.871 1.93589 269.252 169.001 1.00914 1.01893 -0.0999 0.6 1 1.4 1.6 2.1 2.8 3.4 4 4.4 4.7 0 0.0404753 0.243927 0.173198 0.22066 0.0610407 0.158034 0.072733 0.0266372 0.00188787 0.0105514 4.996e-15 0 0.0671235 0.234528 0.149484 0.233107 0.0372724 0.174245 0.0758343 0.0249487 0.0223902 3.91715e-09 4.01956e-13 0
435.443 1.8451 256.81 156.56 1.00838 1.07427 0.0001 0.5 0.7 1.1 1.3 1.8 2.4 3.1 3.8 4.5 5.8 0 0.033262 0.101195 0.202326 0.0918813 0.223552 0.171736 0.114238 0.0500778 0.0151193 0.00499543 8.38435e-12 0 0.0501637 0.164634 0.0886551 0.212663 0.100035 0.21289 0.101642 0.0727701 0.0214319 0.0322898 0.0170919 0
436.706 1.85045 257.56 157.31 1.00847 1.00598 0.1 0.6 1 1.3 1.5 2 2.6 3.3 3.8 4.3 5.2 0 0.0401412 0.247011 0.152758 0.14107 0.138903 0.149465 0.0874832 0.039369 0.00342251 0.00884959 1.92751e-12 0 0.0762954 0.208551 0.148298 0.16638 0.105485 0.142945 0.102974 0.0183478 0.0261942 0.0063578 0.00415385 0
445.605 1.88816 262.785 162.535 1.00838 1.02713 0.0001 0.5 0.7 1.2 1.3 1.9 2.5 3.2 4 4.4 5.1 0 0.0354014 0.0802341 0.241881 0.0339549 0.286558 0.172275 0.0969451 0.0471496 0.00796079 0.00601741 8.65974e-15 0 0.0610335 0.121652 0.141288 0.205774 0.133942 0.167716 0.110342 0.0422729 0.0350155 1.68826e-12 0.00809508 0
443.603 1.87968 261.619 161.369 1.00899 1.00387 0.0001 0.5 0.8 1.2 1.3 1.9 2.6 3.4 3.7 4.4 5.3 0 0.029511 0.150238 0.201495 1.43836e-06 0.29148 0.186266 0.102302 0.0388121 8.40994e-14 0.00888539 1.01363e-13 0 0.061842 0.140411 0.158228 0.0971431 0.205042 0.177275 0.117761 0.00860953 0.0303293 0.00622509 0.000999297 0
452.793 1.91862 266.93 166.679 1.00835 1.00788 0.3 0.7 0.9 1.3 1.6 2 2.5 3.1 3.6 4.3 4.4 0 0.100255 0.190504 0.120115 0.209001 0.118837 0.117791 0.0868617 0.041086 0.0153101 0.00858892 2.78272e-10 0 0.169515 5.55112e-16 0.298479 0.0845766 0.218237 0.0394267 0.146603 1.16494e-11 0.0441537 0.00688736 1.04739e-11 0
