Chi2   rChi2   BIC   AIC    Qichtot    Qimtot  R[0]  R[1]  R[2]  R[3]  R[4]  R[5]  R[6]  R[7]  R[8]  R[9]  R[10]  R[11]  Q0ch    Q1ch    Q2ch    Q3ch    Q4ch    Q5ch    Q6ch    Q7ch    Q8ch    Q9ch    Q10ch    Q11ch    Q0m    Q1m    Q2m    Q3m    Q4m    Q5m    Q6m    Q7m    Q8m    Q9m    Q10m    Q11m
603.853 2.78273 265.477 237.834 1.08495 1.32208 0.3 0.7 1.3 1.7 2.3 3.1 3.9 4.7 3.4 4 0 0 0.137121 0.27903 0.361389 0.0580256 0.167332 0.0251037 0.0569469 5.38904e-10 0.011933 0.009121 0 0 0.174305 0.250133 0.333252 0.139396 0.207042 0.114655 0.0737771 0.02952 0.016696 0.015077 0 0
601.347 2.77119 264.504 236.861 1.08841 1.33601 0.4 0.8 1.2 1.7 2.3 3.2 4.1 4.9 3.4 4 0 0 0.245267 0.124293 0.363898 0.107028 0.161923 0.0387572 0.0472425 9.11549e-12 0.011933 0.009121 0 0 0.29949 0.053571 0.379896 0.16319 0.218309 0.13112 0.0755518 0.0148842 0.016696 0.015077 0 0
607.117 2.79778 266.738 239.096 1.09092 1.35197 0.3 0.8 1.3 1.9 2.4 3.3 4.2 4.9 3.4 4 0 0 0.159387 0.302229 0.308422 0.114326 0.119543 0.0444288 0.0425905 1.11022e-16 0.011933 0.009121 0 0 0.201252 0.248093 0.339491 0.166462 0.186508 0.130666 0.0651915 0.0143074 0.016696 0.015077 0 0
602.469 2.77635 264.94 237.297 1.09406 1.30457 0.3 0.8 1.4 2 2.6 3.4 4.2 4.3 3.4 4 0 0 0.151126 0.348836 0.302631 0.117159 0.10373 0.0236295 0.0469515 2.21802e-08 0.011933 0.009121 0 0 0.191097 0.297104 0.33391 0.180001 0.145837 0.0987262 0.0366299 0.0212674 0.016696 0.015077 0 0
605.629 2.79092 266.164 238.522 1.0896 1.32887 0.3 0.9 1.4 2 2.5 3.3 4.1 4.8 3.4 4 0 0 0.174155 0.389266 0.212668 0.150412 0.0840311 0.0340154 0.0450513 1.87679e-10 0.011933 0.009121 0 0 0.209824 0.331113 0.262805 0.194319 0.129942 0.116073 0.0616684 0.0231258 0.016696 0.015077 0 0
606.623 2.7955 266.548 238.905 1.08915 1.34481 0.2 0.7 1.2 1.7 2.2 3.1 4 4.9 3.4 4 0 0 0.11195 0.272208 0.358684 0.0646606 0.188172 0.0399199 0.0535539 7.95974e-13 0.011933 0.009121 0 0 0.136986 0.264477 0.322594 0.144817 0.225329 0.139291 0.0825312 0.0287854 0.016696 0.015077 0 0
602.895 2.77832 265.105 237.463 1.08976 1.29992 0.3 0.7 1.3 1.8 2.3 3.1 4 4.8 3.4 4 0 0 0.13674 0.276789 0.376759 0.0505447 0.157958 0.0388832 0.0520811 3.63271e-12 0.011933 0.009121 0 0 0.175996 0.243073 0.358691 0.130481 0.186213 0.116661 0.0708878 0.0179204 0.016696 0.015077 0 0
604.577 2.78607 265.757 238.115 1.09072 1.36252 0.4 1 1.4 1.8 2.4 3.3 4.2 5.1 3.4 4 0 0 0.251621 0.331341 0.18359 0.103118 0.136308 0.0392826 0.0454622 1.1437e-12 0.011933 0.009121 0 0 0.300862 0.230207 0.278314 0.122556 0.220573 0.128757 0.0721935 0.00905509 0.016696 0.015077 0 0
601.111 2.7701 264.412 236.769 1.08907 1.32971 0.3 0.7 1.2 1.7 2.3 3.1 4 4.9 3.4 4 0 0 0.146411 0.236093 0.338529 0.125773 0.1528 0.0343935 0.0550695 4.34297e-12 0.011933 0.009121 0 0 0.182013 0.213272 0.307906 0.209081 0.18913 0.128415 0.0796829 0.0202088 0.016696 0.015077 0 0
603.417 2.78072 265.308 237.665 1.0872 1.32195 0.3 0.7 1.3 1.8 2.4 3.2 4 4.7 3.4 4 0 0 0.133868 0.286351 0.353903 0.0929502 0.141981 0.025663 0.0524805 9.89995e-10 0.011933 0.009121 0 0 0.174846 0.248307 0.34733 0.16556 0.188641 0.109113 0.0671436 0.0210096 0.016696 0.015077 0 0
607.142 2.79789 266.748 239.105 1.09132 1.3458 0.2 0.7 1.3 1.9 2.4 3.3 4.2 4.9 3.4 4 0 0 0.0978641 0.333823 0.347099 0.101518 0.12499 0.0432514 0.0427731 2.24265e-14 0.011933 0.009121 0 0 0.131396 0.300742 0.358519 0.162428 0.185139 0.128897 0.0648765 0.0138063 0.016696 0.015077 0 0
605.947 2.79238 266.287 238.644 1.08652 1.32361 0.3 0.8 1.4 1.9 2.5 3.3 4.2 5 3.4 4 0 0 0.1886 0.257756 0.375784 0.096004 0.0705476 0.0736751 0.0241562 5.4956e-14 0.011933 0.009121 0 0 0.190317 0.30116 0.317703 0.154438 0.171456 0.104159 0.0635622 0.0208121 0.016696 0.015077 0 0
604.793 2.78707 265.841 238.198 1.08759 1.34331 0.2 0.8 1.4 1.8 2.3 3.1 3.9 4.8 3.4 4 0 0 0.119086 0.393204 0.285397 0.0415948 0.165912 0.0209606 0.0614327 5.89201e-12 0.011933 0.009121 0 0 0.145295 0.372344 0.272187 0.12297 0.194077 0.120448 0.0810373 0.0349494 0.016696 0.015077 0 0
604.278 2.78469 265.641 237.999 1.08328 1.33879 0.3 0.8 1.2 1.8 2.3 3.1 3.9 4.7 3.4 4 0 0 0.17201 0.231796 0.337717 0.107918 0.152524 0.0260076 0.0553093 7.27252e-13 0.011933 0.009121 0 0 0.205619 0.204824 0.322747 0.192028 0.179154 0.122293 0.0778839 0.0342392 0.016696 0.015077 0 0
606.054 2.79287 266.328 238.685 1.08885 1.32642 0.4 0.8 1.3 1.9 2.4 3.3 4.3 5.2 3.4 4 0 0 0.288473 0.0623429 0.454432 0.101545 0.0776039 0.0808212 0.0236343 4.84279e-13 0.011933 0.009121 0 0 0.291397 0.105863 0.410974 0.125692 0.194608 0.119236 0.0642586 0.014387 0.016696 0.015077 0 0
602.252 2.77536 264.856 237.213 1.09084 1.35057 0.2 0.6 1.3 1.8 2.4 3.3 4.2 5.1 3.4 4 0 0 0.0623344 0.333249 0.392987 0.0719079 0.149809 0.0352287 0.0453301 9.64395e-13 0.011933 0.009121 0 0 0.096702 0.306717 0.383632 0.144583 0.210565 0.126394 0.0731345 0.00883967 0.016696 0.015077 0 0
605.947 2.79238 266.287 238.644 1.08652 1.32361 0.3 0.8 1.4 1.9 2.5 3.3 4.2 5 3.4 4 0 0 0.1886 0.257756 0.375784 0.096004 0.0705476 0.0736751 0.0241562 5.49005e-14 0.011933 0.009121 0 0 0.190317 0.30116 0.317703 0.154438 0.171456 0.104159 0.0635622 0.0208121 0.016696 0.015077 0 0
603.417 2.78072 265.308 237.665 1.0872 1.32195 0.3 0.7 1.3 1.8 2.4 3.2 4 4.7 3.4 4 0 0 0.133868 0.286351 0.353903 0.0929502 0.141981 0.025663 0.0524805 9.90102e-10 0.011933 0.009121 0 0 0.174846 0.248307 0.34733 0.16556 0.188641 0.109113 0.0671436 0.0210096 0.016696 0.015077 0 0
605.748 2.79147 266.21 238.567 1.08841 1.3257 0.3 0.6 1.3 1.9 2.4 3.3 4.3 5.2 3.4 4 0 0 0.153097 0.198485 0.451251 0.105677 0.0759898 0.0812991 0.0226067 5.22915e-13 0.011933 0.009121 0 0 0.144743 0.242741 0.421175 0.123998 0.193213 0.118816 0.0655997 0.0154146 0.016696 0.015077 0 0
601.228 2.77063 264.457 236.815 1.09005 1.32557 0.2 0.7 1.3 1.8 2.5 3.3 4.1 4.8 3.4 4 0 0 0.0939451 0.35036 0.303504 0.142755 0.12678 0.0231196 0.0495885 2.32092e-13 0.011933 0.009121 0 0 0.124135 0.32605 0.291815 0.221517 0.178243 0.103703 0.0663571 0.0137483 0.016696 0.015077 0 0
607.555 2.79979 266.907 239.264 1.09131 1.31668 0.3 0.8 1.3 1.8 2.5 3.4 4.3 5.3 3.4 4 0 0 0.15507 0.324923 0.257806 0.153713 0.127594 0.0371483 0.0350569 5.14033e-14 0.011933 0.009121 0 0 0.193083 0.277383 0.263805 0.221824 0.176085 0.109842 0.0684798 0.00618226 0.016696 0.015077 0 0
601.654 2.7726 264.623 236.98 1.09018 1.32045 0.3 0.7 1.3 1.9 2.5 3.3 4.1 4.7 3.4 4 0 0 0.132692 0.289729 0.353802 0.120975 0.11902 0.0242902 0.049668 1.43598e-09 0.011933 0.009121 0 0 0.175978 0.243599 0.364968 0.190063 0.164377 0.106408 0.061412 0.0136453 0.016696 0.015077 0 0
601.646 2.77256 264.62 236.978 1.0913 1.3286 0.3 0.9 1.6 1.7 2.4 3.2 4.1 5 3.4 4 0 0 0.167487 0.4289 0.275204 1.65911e-07 0.133189 0.0396471 0.0468749 3.10973e-13 0.011933 0.009121 0 0 0.203135 0.381305 0.285522 0.0602216 0.189256 0.11398 0.0769983 0.0181862 0.016696 0.015077 0 0
602.676 2.77731 265.02 237.378 1.08612 1.35853 0.2 0.7 1.3 1.8 2.3 3.1 4 4.9 3.4 4 0 0 0.0998315 0.333478 0.336981 0.0766327 0.154622 0.0288129 0.0557615 6.62824e-11 0.011933 0.009121 0 0 0.126092 0.31885 0.316867 0.167736 0.176577 0.142045 0.088013 0.0223498 0.016696 0.015077 0 0
605.19 2.7889 265.994 238.352 1.08728 1.34491 0.2 0.8 1.3 1.8 2.4 3.2 4 4.8 3.4 4 0 0 0.119584 0.380278 0.23137 0.149803 0.126552 0.0278096 0.0518841 2.51811e-09 0.011933 0.009121 0 0 0.147207 0.354377 0.228732 0.220811 0.171822 0.118675 0.073969 0.0293219 0.016696 0.015077 0 0
606.796 2.79629 266.614 238.972 1.0887 1.31032 0.3 0.9 1.6 2.1 2.7 3.6 4.5 5.3 3.4 4 0 0 0.197179 0.349097 0.373579 2.71682e-08 0.10275 0.0512413 0.0148488 3.57142e-09 0.011933 0.009121 0 0 0.201992 0.382541 0.313519 0.107545 0.158175 0.092448 0.0508418 0.00325534 0.016696 0.015077 0 0
606.547 2.79515 266.518 238.876 1.09088 1.24577 0.3 0.8 1.3 2 2.6 3.5 4.5 3.9 3.4 4 0 0 0.161278 0.300663 0.310047 0.164 0.0891832 0.0137537 3.08091e-08 0.0519544 0.011933 0.009121 0 0 0.199547 0.243938 0.336788 0.210498 0.12035 0.0935719 0.0410747 4.14287e-07 0.016696 0.015077 0 0
609.08 2.80682 267.494 239.851 1.08789 1.40775 0.3 0.6 1.3 1.9 2.5 3.4 4.3 5.2 3.4 4 0 0 0.088297 0.300511 0.407254 0.0896411 0.126799 0.0338649 0.0415201 1.16573e-15 0.011933 0.009121 0 0 0.143813 0.249239 0.418735 0.16837 0.210239 0.136852 0.0750854 0.00541413 0.016696 0.015077 0 0
601.653 2.7726 264.623 236.98 1.09013 1.3209 0.3 0.7 1.3 1.9 2.5 3.3 4.1 4.7 3.4 4 0 0 0.13268 0.289761 0.353747 0.121023 0.118969 0.0242919 0.0496614 1.81188e-12 0.011933 0.009121 0 0 0.175984 0.24361 0.365011 0.190121 0.164486 0.106535 0.0614824 0.0136685 0.016696 0.015077 0 0
605.342 2.7896 266.053 238.411 1.09708 1.30296 0.3 0.8 1.4 1.8 2.5 3.4 4.2 4.7 3.4 4 0 0 0.150129 0.356409 0.266574 0.113729 0.134755 0.0232734 0.0522141 6.71685e-15 0.011933 0.009121 0 0 0.18918 0.306634 0.289761 0.165351 0.195246 0.10504 0.0517437 8.87411e-11 0.016696 0.015077 0 0
605.994 2.7926 266.305 238.663 1.08882 1.36376 0.3 0.8 1.3 2 2.8 3.5 4.2 4.9 3.4 4 0 0 0.155823 0.315222 0.292757 0.1846 0.0831223 0.0125105 0.0447898 1.94345e-13 0.011933 0.009121 0 0 0.197375 0.261981 0.323045 0.271824 0.148289 0.0831002 0.066524 0.0116225 0.016696 0.015077 0 0
601.234 2.77067 264.46 236.817 1.09107 1.33058 0.3 0.8 1.4 1.9 2.4 3.2 4.1 5 3.4 4 0 0 0.153055 0.342 0.313923 0.0625178 0.135821 0.0341771 0.0495779 3.01814e-12 0.011933 0.009121 0 0 0.191291 0.298027 0.328876 0.130048 0.172644 0.118816 0.0761969 0.0146791 0.016696 0.015077 0 0
607.829 2.80105 267.012 239.37 1.07743 1.38762 0.2 0.7 1.2 1.8 2.4 3.1 4 4.8 3.4 4 0 0 0.136428 0.228922 0.344691 0.217966 0.0371859 0.0819126 0.0258866 0.00443437 0.011933 0.009121 0 0 0.130938 0.288555 0.291796 0.260267 0.14587 0.140807 0.0917528 0.0376373 0.016696 0.015077 0 0
606.796 2.79629 266.614 238.972 1.08869 1.31031 0.3 0.9 1.6 2.1 2.7 3.6 4.5 5.3 3.4 4 0 0 0.19718 0.349097 0.373575 5.48672e-13 0.102751 0.0512348 0.0148559 6.47649e-13 0.011933 0.009121 0 0 0.201992 0.382541 0.313521 0.107544 0.158175 0.0924521 0.0508383 0.00324626 0.016696 0.015077 0 0
601.653 2.7726 264.623 236.98 1.09013 1.3209 0.3 0.7 1.3 1.9 2.5 3.3 4.1 4.7 3.4 4 0 0 0.13268 0.289761 0.353747 0.121023 0.118969 0.0242919 0.0496614 1.82132e-12 0.011933 0.009121 0 0 0.175984 0.24361 0.365011 0.190121 0.164486 0.106535 0.0614824 0.0136685 0.016696 0.015077 0 0
607.344 2.79882 266.826 239.183 1.08512 1.37181 0.3 0.9 1.6 2.1 2.7 3.5 4.3 5.1 3.4 4 0 0 0.195826 0.35059 0.374459 1.04815e-07 0.0941384 0.048182 0.0219224 1.55431e-14 0.011933 0.009121 0 0 0.202836 0.384445 0.315909 0.116367 0.167652 0.0979874 0.0648461 0.0217679 0.016696 0.015077 0 0
601.783 2.77319 264.673 237.031 1.08568 1.36261 0.3 0.8 1.3 1.9 2.4 3.1 4 4.9 3.4 4 0 0 0.160541 0.305141 0.295511 0.130678 0.111594 0.0269851 0.0552319 2.04439e-11 0.011933 0.009121 0 0 0.196044 0.267967 0.304367 0.217027 0.126513 0.137961 0.0896633 0.0230717 0.016696 0.015077 0 0
602.252 2.77536 264.856 237.213 1.09084 1.35057 0.2 0.6 1.3 1.8 2.4 3.3 4.2 5.1 3.4 4 0 0 0.0623344 0.333249 0.392987 0.0719079 0.149809 0.0352287 0.0453301 9.65505e-13 0.011933 0.009121 0 0 0.096702 0.306717 0.383632 0.144583 0.210565 0.126394 0.0731345 0.00883967 0.016696 0.015077 0 0
604.605 2.7862 265.768 238.125 1.0887 1.348 0.3 0.8 1.3 2 2.5 3.3 4.1 4.8 3.4 4 0 0 0.161019 0.300054 0.312102 0.15073 0.0859997 0.0330138 0.0457846 2.39109e-12 0.011933 0.009121 0 0 0.201431 0.243905 0.350131 0.210531 0.132056 0.121212 0.0637977 0.0249396 0.016696 0.015077 0 0
601.234 2.77067 264.46 236.817 1.09107 1.33058 0.3 0.8 1.4 1.9 2.4 3.2 4.1 5 3.4 4 0 0 0.153055 0.342 0.313923 0.0625178 0.135821 0.0341771 0.049578 2.99377e-12 0.011933 0.009121 0 0 0.191291 0.298027 0.328876 0.130048 0.172644 0.118816 0.0761969 0.0146791 0.016696 0.015077 0 0
602.226 2.77524 264.846 237.203 1.09013 1.34566 0.3 0.6 1.3 1.9 2.4 3.3 4.2 5 3.4 4 0 0 0.0927735 0.294382 0.413785 0.0647779 0.144218 0.0359609 0.044235 1.6247e-12 0.011933 0.009121 0 0 0.145105 0.24289 0.423448 0.129691 0.197531 0.127104 0.0716721 0.00822108 0.016696 0.015077 0 0
601.347 2.77119 264.504 236.861 1.08841 1.33601 0.4 0.8 1.2 1.7 2.3 3.2 4.1 4.9 3.4 4 0 0 0.245267 0.124293 0.363898 0.107028 0.161923 0.0387572 0.0472425 9.11549e-12 0.011933 0.009121 0 0 0.29949 0.053571 0.379896 0.16319 0.218309 0.13112 0.0755518 0.0148842 0.016696 0.015077 0 0
603.904 2.78297 265.497 237.854 1.08041 1.35395 0.3 0.8 1.4 1.9 2.4 3.2 4.1 4.9 3.4 4 0 0 0.189493 0.254772 0.383242 0.0790611 0.0730207 0.0744214 0.0264046 2.226e-12 0.011933 0.009121 0 0 0.191105 0.298483 0.329728 0.127405 0.175643 0.124307 0.0769831 0.030296 0.016696 0.015077 0 0
604.239 2.78451 265.626 237.984 1.09148 1.35409 0.2 0.7 1.4 1.9 2.5 3.4 4.3 5.3 3.4 4 0 0 0.0870264 0.377575 0.357194 0.0609957 0.13391 0.0353634 0.0394189 9.23706e-14 0.011933 0.009121 0 0 0.120832 0.346293 0.362012 0.135084 0.196267 0.118707 0.0692053 0.00569155 0.016696 0.015077 0 0
601.771 2.77314 264.668 237.026 1.08754 1.35854 0.2 0.6 1.2 1.8 2.4 3.2 4.1 5 3.4 4 0 0 0.0772636 0.284503 0.372944 0.142338 0.13017 0.0319668 0.0483584 2.8752e-12 0.011933 0.009121 0 0 0.107335 0.266257 0.356112 0.224511 0.170531 0.130722 0.0851587 0.0179131 0.016696 0.015077 0 0
609.017 2.80653 267.469 239.827 1.09168 1.31968 0.3 0.8 1.5 2.2 2.5 3.4 4.4 5.4 3.4 4 0 0 0.181605 0.291659 0.424675 3.48138e-10 0.0983652 0.0717733 0.0236021 1.13887e-12 0.011933 0.009121 0 0 0.187127 0.322338 0.393647 0.0752239 0.17282 0.109956 0.0533698 0.00520305 0.016696 0.015077 0 0
607.439 2.79926 266.862 239.22 1.08509 1.3376 0.3 0.9 1.6 2 2.6 3.4 4.2 4.9 3.4 4 0 0 0.196583 0.350085 0.371079 7.3987e-11 0.0855599 0.0584485 0.0233372 1.21288e-08 0.011933 0.009121 0 0 0.202406 0.384121 0.309379 0.0880734 0.175131 0.0964798 0.0602634 0.0217494 0.016696 0.015077 0 0
605.676 2.79113 266.182 238.54 1.08898 1.37202 0.3 0.8 1.4 1.9 2.6 3.5 4.3 4.7 3.4 4 0 0 0.148671 0.355767 0.28359 0.119985 0.114875 0.026502 0.0395871 3.02558e-11 0.011933 0.009121 0 0 0.1903 0.305505 0.311612 0.186399 0.193856 0.117323 0.0572265 0.00979648 0.016696 0.015077 0 0
602.84 2.77807 265.084 237.442 1.09125 1.34591 0.3 0.8 1.4 2 2.5 3.3 4.2 5.2 3.4 4 0 0 0.152323 0.344989 0.310929 0.0956456 0.110645 0.0319486 0.0447735 4.77995e-12 0.011933 0.009121 0 0 0.191798 0.295122 0.341676 0.161583 0.147214 0.119993 0.0771377 0.0113891 0.016696 0.015077 0 0
604.647 2.78639 265.784 238.142 1.07879 1.3471 0.4 0.9 1.2 1.8 2.3 3.1 4 4.8 3.4 4 0 0 0.297682 1.50685e-08 0.439903 0.174422 0.0528656 0.0836987 0.0302175 3.73512e-09 0.011933 0.009121 0 0 0.303772 0.0565336 0.387918 0.172247 0.180851 0.132993 0.0774065 0.0353786 0.016696 0.015077 0 0
607.439 2.79926 266.862 239.22 1.0851 1.33766 0.3 0.9 1.6 2 2.6 3.4 4.2 4.9 3.4 4 0 0 0.196584 0.350084 0.371076 8.58397e-09 0.0855654 0.0584392 0.0233489 6.8776e-10 0.011933 0.009121 0 0 0.202406 0.384124 0.309387 0.0880797 0.175144 0.0965005 0.060276 0.0217469 0.016696 0.015077 0 0
601.915 2.7738 264.725 237.082 1.09068 1.3475 0.3 0.8 1.4 1.7 2.4 3.3 4.2 5.1 3.4 4 0 0 0.151123 0.348946 0.28214 0.077669 0.149793 0.0374284 0.0435813 1.64424e-13 0.011933 0.009121 0 0 0.189919 0.306644 0.275324 0.150947 0.217345 0.122956 0.0738357 0.010532 0.016696 0.015077 0 0
605.56 2.7906 266.137 238.495 1.09616 1.24828 0.3 0.8 1.2 1.7 2.4 3.1 4 4.9 3.4 4 0 0 0.160691 0.2841 0.247079 0.182402 0.131993 0.0349274 0.054971 9.81992e-12 0.011933 0.009121 0 0 0.194085 0.260803 0.205996 0.265961 0.155625 0.0904668 0.0618978 0.0134445 0.016696 0.015077 0 0
601.653 2.7726 264.623 236.98 1.09013 1.3209 0.3 0.7 1.3 1.9 2.5 3.3 4.1 4.7 3.4 4 0 0 0.13268 0.289761 0.353747 0.121023 0.118969 0.0242919 0.0496614 1.81727e-12 0.011933 0.009121 0 0 0.175984 0.24361 0.365011 0.190121 0.164486 0.106535 0.0614824 0.0136685 0.016696 0.015077 0 0
602.439 2.77622 264.928 237.286 1.0949 1.27206 0.3 0.7 1.2 1.9 2.4 3 4 5 3.4 4 0 0 0.149931 0.220472 0.378167 0.151362 0.096747 0.042035 0.0561841 1.7264e-14 0.011933 0.009121 0 0 0.1861 0.192709 0.356935 0.249308 0.0770416 0.121304 0.0731488 0.0155134 0.016696 0.015077 0 0
601.783 2.77319 264.673 237.031 1.08568 1.36261 0.3 0.8 1.3 1.9 2.4 3.1 4 4.9 3.4 4 0 0 0.160541 0.305141 0.295511 0.130678 0.111594 0.0269851 0.0552319 2.0444e-11 0.011933 0.009121 0 0 0.196044 0.267967 0.304367 0.217027 0.126513 0.137961 0.0896633 0.0230717 0.016696 0.015077 0 0
601.882 2.77365 264.712 237.069 1.08966 1.33219 0.3 0.8 1.4 1.9 2.5 3.3 4.1 4.8 3.4 4 0 0 0.151487 0.348377 0.296339 0.0978763 0.121974 0.0242749 0.0493341 2.27195e-10 0.011933 0.009121 0 0 0.190646 0.301416 0.318971 0.159432 0.173933 0.10636 0.0665508 0.0148855 0.016696 0.015077 0 0
604.434 2.78541 265.702 238.059 1.08778 1.35016 0.2 0.6 1.2 1.9 2.4 3.2 4 4.8 3.4 4 0 0 0.0832788 0.268001 0.40134 0.137614 0.116483 0.0279813 0.0530814 3.06238e-12 0.011933 0.009121 0 0 0.116642 0.240402 0.402682 0.210219 0.154067 0.123275 0.0728396 0.0300297 0.016696 0.015077 0 0
605.676 2.79113 266.182 238.54 1.08897 1.37203 0.3 0.8 1.4 1.9 2.6 3.5 4.3 4.7 3.4 4 0 0 0.148671 0.355767 0.28359 0.119982 0.114875 0.0264994 0.0395823 4.36873e-14 0.011933 0.009121 0 0 0.1903 0.305506 0.311614 0.186401 0.19386 0.117323 0.0572295 0.00979921 0.016696 0.015077 0 0
603.914 2.78301 265.5 237.858 1.09426 1.33066 0.3 0.9 1.6 1.9 2.6 3.5 4.3 5 3.4 4 0 0 0.165738 0.436183 0.236943 0.0673147 0.119378 0.025621 0.0430824 5.55112e-17 0.011933 0.009121 0 0 0.202574 0.385634 0.290849 0.101808 0.191548 0.10344 0.0548081 1.31614e-09 0.016696 0.015077 0 0
601.318 2.77105 264.492 236.85 1.08767 1.35716 0.3 0.8 1.3 1.8 2.4 3.2 4.1 5 3.4 4 0 0 0.157892 0.314936 0.273424 0.130078 0.130317 0.0331095 0.0479161 6.31939e-13 0.011933 0.009121 0 0 0.19455 0.275245 0.276374 0.204896 0.174377 0.128826 0.0847795 0.0181127 0.016696 0.015077 0 0
602.045 2.7744 264.775 237.133 1.0875 1.31702 0.3 0.8 1.4 1.8 2.4 3.2 4 4.7 3.4 4 0 0 0.153041 0.343595 0.30093 0.0679817 0.144422 0.0247717 0.0527558 3.01445e-10 0.011933 0.009121 0 0 0.19023 0.302853 0.304015 0.135481 0.189417 0.107953 0.0669072 0.0201689 0.016696 0.015077 0 0
608.531 2.80429 267.283 239.64 1.08107 1.37917 0.4 0.8 1.3 1.9 2.5 3.4 4.3 4.9 3.4 4 0 0 0.290365 0.0587077 0.455397 0.10608 0.0848722 0.0646328 0.0210175 1.61735e-10 0.011933 0.009121 0 0 0.290335 0.113166 0.401969 0.164693 0.200147 0.128556 0.0633547 0.0169473 0.016696 0.015077 0 0
607.001 2.79724 266.694 239.051 1.09231 1.27608 0.4 1 1.3 1.9 2.4 3.2 4.2 5.1 3.4 4 0 0 0.294043 0.110954 0.380287 0.14101 0.0484601 0.0897825 0.0277707 6.8634e-13 0.011933 0.009121 0 0 0.302013 0.170863 0.304808 0.166606 0.152047 0.10478 0.0583357 0.0166315 0.016696 0.015077 0 0
604.605 2.7862 265.768 238.125 1.0887 1.348 0.3 0.8 1.3 2 2.5 3.3 4.1 4.8 3.4 4 0 0 0.161019 0.300054 0.312102 0.15073 0.0859997 0.0330138 0.0457846 2.39048e-12 0.011933 0.009121 0 0 0.201431 0.243905 0.350131 0.210531 0.132056 0.121212 0.0637977 0.0249396 0.016696 0.015077 0 0
601.884 2.77366 264.712 237.07 1.09135 1.33738 0.3 0.9 1.6 2.1 2.6 3.4 4.2 5 3.4 4 0 0 0.167052 0.432297 0.259029 0.0613703 0.102384 0.0249303 0.0442849 2.49495e-12 0.011933 0.009121 0 0 0.203042 0.382014 0.323284 0.0932233 0.157815 0.101522 0.0664698 0.0100095 0.016696 0.015077 0 0
604.588 2.78612 265.762 238.119 1.09188 1.34455 0.3 0.9 1.6 1.7 2.5 3.4 4.3 5.3 3.4 4 0 0 0.165793 0.43307 0.234537 0.0509489 0.131506 0.0395295 0.0364981 1.28786e-14 0.011933 0.009121 0 0 0.202837 0.384837 0.219764 0.143199 0.202659 0.111913 0.0699747 0.00936272 0.016696 0.015077 0 0
604.49 2.78567 265.724 238.081 1.08733 1.35471 0.3 0.7 1.2 1.9 2.4 3.2 4 4.8 3.4 4 0 0 0.152093 0.216008 0.381123 0.142826 0.113743 0.0289574 0.0525793 6.98452e-12 0.011933 0.009121 0 0 0.194673 0.170006 0.395042 0.211231 0.15531 0.124068 0.0736232 0.0307546 0.016696 0.015077 0 0
601.228 2.77063 264.457 236.815 1.09005 1.32557 0.2 0.7 1.3 1.8 2.5 3.3 4.1 4.8 3.4 4 0 0 0.0939451 0.35036 0.303504 0.142755 0.12678 0.0231196 0.0495885 2.33147e-13 0.011933 0.009121 0 0 0.124135 0.32605 0.291815 0.221517 0.178243 0.103703 0.0663571 0.0137483 0.016696 0.015077 0 0
607.25 2.79839 266.789 239.147 1.08865 1.36948 0.2 0.7 1.2 1.8 2.5 3.3 4.2 5.2 3.4 4 0 0 0.101711 0.309017 0.301808 0.185046 0.116641 0.0311158 0.0433138 1.17184e-13 0.011933 0.009121 0 0 0.130743 0.28864 0.2879 0.270859 0.167297 0.12466 0.0848035 0.0145794 0.016696 0.015077 0 0
601.318 2.77105 264.492 236.85 1.08767 1.35716 0.3 0.8 1.3 1.8 2.4 3.2 4.1 5 3.4 4 0 0 0.157892 0.314936 0.273424 0.130078 0.130317 0.0331095 0.0479161 6.29996e-13 0.011933 0.009121 0 0 0.19455 0.275245 0.276374 0.204896 0.174377 0.128826 0.0847795 0.0181127 0.016696 0.015077 0 0
608.235 2.80293 267.169 239.526 1.08867 1.35304 0.3 0.9 1.5 2.1 2.6 3.5 4.4 4.5 3.4 4 0 0 0.17024 0.412716 0.235756 0.115425 0.085965 0.0360469 0.032518 1.2073e-09 0.011933 0.009121 0 0 0.207372 0.354848 0.299925 0.157607 0.144545 0.126708 0.0620354 1.12559e-09 0.016696 0.015077 0 0
606.623 2.7955 266.548 238.905 1.08915 1.34481 0.2 0.7 1.2 1.7 2.2 3.1 4 4.9 3.4 4 0 0 0.11195 0.272208 0.358684 0.0646606 0.188172 0.0399199 0.0535539 7.96307e-13 0.011933 0.009121 0 0 0.136986 0.264477 0.322594 0.144817 0.225329 0.139291 0.0825312 0.0287854 0.016696 0.015077 0 0
607.117 2.79778 266.738 239.096 1.09092 1.35197 0.3 0.8 1.3 1.9 2.4 3.3 4.2 4.9 3.4 4 0 0 0.159387 0.302229 0.308422 0.114326 0.119543 0.0444288 0.0425905 1.11022e-16 0.011933 0.009121 0 0 0.201252 0.248093 0.339491 0.166462 0.186508 0.130666 0.0651915 0.0143074 0.016696 0.015077 0 0
605.947 2.79238 266.287 238.644 1.08652 1.32361 0.3 0.8 1.4 1.9 2.5 3.3 4.2 5 3.4 4 0 0 0.1886 0.257756 0.375784 0.096004 0.0705476 0.0736751 0.0241562 5.4956e-14 0.011933 0.009121 0 0 0.190317 0.30116 0.317703 0.154438 0.171456 0.104159 0.0635622 0.0208121 0.016696 0.015077 0 0
607.001 2.79724 266.694 239.051 1.09231 1.27608 0.4 1 1.3 1.9 2.4 3.2 4.2 5.1 3.4 4 0 0 0.294043 0.110954 0.380287 0.14101 0.0484601 0.0897825 0.0277707 6.8634e-13 0.011933 0.009121 0 0 0.302013 0.170863 0.304808 0.166606 0.152047 0.10478 0.0583357 0.0166315 0.016696 0.015077 0 0
601.584 2.77228 264.596 236.953 1.08888 1.3414 0.4 0.5 1.2 1.7 2.3 3.2 4.1 4.9 3.4 4 0 0 0.123568 0.200731 0.426713 0.0851088 0.1655 0.0390218 0.0482398 3.19306e-11 0.011933 0.009121 0 0 0.251996 0.08106 0.410226 0.151453 0.225978 0.131336 0.0747174 0.0146283 0.016696 0.015077 0 0
602.469 2.77635 264.94 237.297 1.09406 1.30457 0.3 0.8 1.4 2 2.6 3.4 4.2 4.3 3.4 4 0 0 0.151125 0.34883 0.302652 0.117134 0.103736 0.0236397 0.0469383 1.39183e-08 0.011933 0.009121 0 0 0.191097 0.297104 0.333908 0.180001 0.145836 0.0987178 0.0365874 0.0213139 0.016696 0.015077 0 0
601.48 2.7718 264.556 236.913 1.08588 1.36084 0.2 0.7 1.3 1.9 2.4 3.1 4 4.9 3.4 4 0 0 0.0986529 0.335962 0.336618 0.115296 0.118197 0.0257835 0.055375 1.16113e-11 0.011933 0.009121 0 0 0.126727 0.316125 0.330438 0.20938 0.129282 0.136342 0.0895868 0.0229596 0.016696 0.015077 0 0
601.111 2.7701 264.412 236.769 1.08907 1.32971 0.3 0.7 1.2 1.7 2.3 3.1 4 4.9 3.4 4 0 0 0.146411 0.236093 0.338529 0.125773 0.1528 0.0343935 0.0550695 4.34497e-12 0.011933 0.009121 0 0 0.182013 0.213272 0.307906 0.209081 0.18913 0.128415 0.0796829 0.0202088 0.016696 0.015077 0 0
606.796 2.79629 266.614 238.972 1.0887 1.31032 0.3 0.9 1.6 2.1 2.7 3.6 4.5 5.3 3.4 4 0 0 0.197179 0.349097 0.373579 2.71693e-08 0.10275 0.0512413 0.0148488 3.57147e-09 0.011933 0.009121 0 0 0.201992 0.382541 0.313519 0.107545 0.158175 0.092448 0.0508418 0.00325534 0.016696 0.015077 0 0
605.676 2.79113 266.182 238.54 1.08898 1.37202 0.3 0.8 1.4 1.9 2.6 3.5 4.3 4.7 3.4 4 0 0 0.148671 0.355767 0.28359 0.119985 0.114875 0.026502 0.0395871 3.02677e-11 0.011933 0.009121 0 0 0.1903 0.305505 0.311612 0.186399 0.193856 0.117323 0.0572265 0.00979648 0.016696 0.015077 0 0
601.654 2.7726 264.623 236.98 1.09018 1.32045 0.3 0.7 1.3 1.9 2.5 3.3 4.1 4.7 3.4 4 0 0 0.132692 0.289729 0.353802 0.120975 0.11902 0.0242902 0.049668 1.43597e-09 0.011933 0.009121 0 0 0.175978 0.243599 0.364968 0.190063 0.164377 0.106408 0.061412 0.0136453 0.016696 0.015077 0 0
605.947 2.79238 266.287 238.644 1.08652 1.32361 0.3 0.8 1.4 1.9 2.5 3.3 4.2 5 3.4 4 0 0 0.1886 0.257756 0.375784 0.096004 0.0705476 0.0736751 0.0241562 5.4956e-14 0.011933 0.009121 0 0 0.190317 0.30116 0.317703 0.154438 0.171456 0.104159 0.0635622 0.0208121 0.016696 0.015077 0 0
604.934 2.78772 265.895 238.253 1.08142 1.32525 0.3 0.7 1.3 1.8 2.3 3.1 4 4.8 3.4 4 0 0 0.176625 0.205361 0.387511 0.134235 0.062891 0.0831844 0.0316137 2.15142e-07 0.011933 0.009121 0 0 0.175794 0.243475 0.360333 0.128476 0.188658 0.123722 0.0721286 0.0326583 0.016696 0.015077 0 0
606.054 2.79287 266.328 238.685 1.08885 1.32642 0.4 0.8 1.3 1.9 2.4 3.3 4.3 5.2 3.4 4 0 0 0.288473 0.0623429 0.454432 0.101545 0.0776039 0.0808212 0.0236343 4.84279e-13 0.011933 0.009121 0 0 0.291397 0.105863 0.410974 0.125692 0.194608 0.119236 0.0642586 0.014387 0.016696 0.015077 0 0
607.439 2.79926 266.862 239.22 1.08509 1.3376 0.3 0.9 1.6 2 2.6 3.4 4.2 4.9 3.4 4 0 0 0.196583 0.350085 0.371079 7.39676e-11 0.0855599 0.0584485 0.0233372 1.21296e-08 0.011933 0.009121 0 0 0.202406 0.384121 0.309379 0.0880734 0.175131 0.0964798 0.0602634 0.0217494 0.016696 0.015077 0 0
601.234 2.77067 264.46 236.817 1.09107 1.33058 0.3 0.8 1.4 1.9 2.4 3.2 4.1 5 3.4 4 0 0 0.153055 0.342 0.313923 0.0625178 0.135821 0.0341771 0.0495779 3.00449e-12 0.011933 0.009121 0 0 0.191291 0.298027 0.328876 0.130048 0.172644 0.118816 0.0761969 0.0146791 0.016696 0.015077 0 0
606.809 2.79635 266.62 238.977 1.09226 1.30032 0.3 0.7 1.3 1.9 2.5 3.4 4.3 5.3 3.4 4 0 0 0.132045 0.291627 0.35451 0.116852 0.125234 0.0360713 0.0359231 2.35367e-14 0.011933 0.009121 0 0 0.175625 0.240837 0.364397 0.180551 0.162557 0.108322 0.0646417 0.00338659 0.016696 0.015077 0 0
601.111 2.7701 264.412 236.769 1.08907 1.32971 0.3 0.7 1.2 1.7 2.3 3.1 4 4.9 3.4 4 0 0 0.146411 0.236093 0.338529 0.125773 0.1528 0.0343935 0.0550695 4.34286e-12 0.011933 0.009121 0 0 0.182013 0.213272 0.307906 0.209081 0.18913 0.128415 0.0796829 0.0202088 0.016696 0.015077 0 0
604.605 2.7862 265.768 238.125 1.0887 1.348 0.3 0.8 1.3 2 2.5 3.3 4.1 4.8 3.4 4 0 0 0.161019 0.300054 0.312102 0.15073 0.0859997 0.0330138 0.0457846 2.39087e-12 0.011933 0.009121 0 0 0.201431 0.243905 0.350131 0.210531 0.132056 0.121212 0.0637977 0.0249396 0.016696 0.015077 0 0
609.337 2.808 267.592 239.95 1.08997 1.31845 0.3 0.9 1.5 2.2 2.7 3.5 4.4 4.5 3.4 4 0 0 0.17065 0.410617 0.245481 0.140383 0.0554103 0.0371432 0.0302799 5.65377e-10 0.011933 0.009121 0 0 0.207176 0.350484 0.305733 0.190866 0.090074 0.114817 0.0593016 3.61802e-08 0.016696 0.015077 0 0
603.668 2.78188 265.405 237.762 1.09149 1.33659 0.2 0.6 1.3 1.9 2.5 3.4 4.3 5.3 3.4 4 0 0 0.0605995 0.336736 0.392719 0.0992531 0.128776 0.0348163 0.0385853 7.36078e-14 0.011933 0.009121 0 0 0.097145 0.303929 0.392929 0.173382 0.180367 0.117157 0.0676552 0.00403066 0.016696 0.015077 0 0
607.367 2.79893 266.835 239.192 1.08143 1.34246 0.4 0.9 1.3 1.8 2.3 3.1 3.9 4.7 3.4 4 0 0 0.292221 0.0784935 0.41838 0.0998888 0.082367 0.0736277 0.0319948 0.00445859 0.011933 0.009121 0 0 0.297649 0.130832 0.36069 0.114187 0.202812 0.120549 0.0732164 0.0425262 0.016696 0.015077 0 0
601.135 2.77021 264.421 236.779 1.0881 1.35399 0.2 0.7 1.3 1.8 2.4 3.2 4.1 5 3.4 4 0 0 0.096426 0.342499 0.320775 0.112524 0.135272 0.0324061 0.0482032 3.96072e-13 0.011933 0.009121 0 0 0.125357 0.321558 0.305874 0.19601 0.176346 0.12695 0.0841111 0.0177853 0.016696 0.015077 0 0
609.08 2.80682 267.494 239.851 1.08789 1.40775 0.3 0.6 1.3 1.9 2.5 3.4 4.3 5.2 3.4 4 0 0 0.088297 0.300511 0.407254 0.0896411 0.126799 0.0338649 0.0415201 1.16573e-15 0.011933 0.009121 0 0 0.143813 0.249239 0.418735 0.16837 0.210239 0.136852 0.0750854 0.00541413 0.016696 0.015077 0 0
601.025 2.7697 264.378 236.736 1.0871 1.3212 0.3 0.8 1.4 1.9 2.3 3.1 4 4.8 3.4 4 0 0 0.155214 0.334827 0.33092 0.0179525 0.161019 0.0353344 0.05183 2.02678e-09 0.011933 0.009121 0 0 0.191606 0.295824 0.336331 0.0965928 0.177808 0.126066 0.0774972 0.019474 0.016696 0.015077 0 0
603.904 2.78297 265.497 237.854 1.08041 1.35395 0.3 0.8 1.4 1.9 2.4 3.2 4.1 4.9 3.4 4 0 0 0.189493 0.254772 0.383242 0.0790611 0.0730207 0.0744214 0.0264046 2.226e-12 0.011933 0.009121 0 0 0.191105 0.298483 0.329728 0.127405 0.175643 0.124307 0.0769831 0.030296 0.016696 0.015077 0 0
609.337 2.808 267.592 239.95 1.08995 1.31848 0.3 0.9 1.5 2.2 2.7 3.5 4.4 4.5 3.4 4 0 0 0.170649 0.410614 0.245504 0.140333 0.0554513 0.0371284 0.0302738 1.3446e-10 0.011933 0.009121 0 0 0.207176 0.350482 0.305735 0.190865 0.0900823 0.114819 0.0593199 1.80817e-09 0.016696 0.015077 0 0
602.776 2.77777 265.059 237.416 1.09359 1.29729 0.3 0.9 1.6 1.7 2.5 3.4 4.2 4.3 3.4 4 0 0 0.167232 0.432871 0.203673 0.0818065 0.134435 0.029385 0.0441908 1.108e-07 0.011933 0.009121 0 0 0.202239 0.384161 0.217047 0.142827 0.193252 0.101609 0.0251048 0.0310487 0.016696 0.015077 0 0
