Chi2   rChi2   BIC   AIC    Qichtot    Qimtot  R[0]  R[1]  R[2]  R[3]  R[4]  R[5]  R[6]  R[7]  R[8]  R[9]  R[10]  R[11]  Q0ch    Q1ch    Q2ch    Q3ch    Q4ch    Q5ch    Q6ch    Q7ch    Q8ch    Q9ch    Q10ch    Q11ch    Q0m    Q1m    Q2m    Q3m    Q4m    Q5m    Q6m    Q7m    Q8m    Q9m    Q10m    Q11m
454.772 1.89488 245.832 163.809 1.00918 0.933543 0.3 0.7 0.9 1 1.5 2.2 2.9 3.5 4.4 5.2 0 0 0.101233 0.191612 0.0320714 0.153469 0.283727 0.153343 0.0595014 0.0262839 0.00793683 9.4369e-16 0 0 0.171042 0.000544544 0.249712 0.0627516 0.252447 0.14816 0.0452229 0.00366214 7.59078e-11 2.42131e-10 0 0
483.438 2.01433 261.664 179.641 1.00877 0.967982 0.3 0.4 0.9 1 1.6 2.3 3.1 3.7 4.2 5.2 0 0 0.0197846 0.151981 0.185339 0.163026 0.273592 0.136394 0.0626155 0.00285762 0.0131841 9.4369e-16 0 0 0.168624 1.81866e-09 0.209757 0.144176 0.243311 0.147254 0.0376409 0.0172183 5.03568e-11 2.42131e-10 0 0
456.684 1.90285 246.918 164.895 1.00858 0.990746 0.3 0.5 0.9 1.3 1.6 2.3 3.1 4 4.5 5.2 0 0 0.0803899 0.0967835 0.287353 0.0885969 0.235042 0.144339 0.0601595 0.010771 0.00514443 9.4369e-16 0 0 0.170805 1.48196e-10 0.286159 0.110522 0.194657 0.150895 0.0528159 0.0248925 5.55534e-08 2.42131e-10 0 0
465.896 1.94123 252.091 170.068 1.00904 1.03478 0.1 0.5 0.7 1.3 1.4 2.1 2.9 3.7 4.5 5.2 0 0 0.0449844 0.0343742 0.29933 0.13352 0.213306 0.179373 0.0766532 0.0206224 0.00687487 9.4369e-16 0 0 0.0702615 0.0448798 0.267961 0.132945 0.196768 0.19374 0.0832878 0.0318175 0.0131187 2.42131e-10 0 0
742.752 3.0948 372.888 290.865 1.01241 0.928524 0.2 0.5 1 1.2 1.7 2.6 2.3 4 4.9 5.2 0 0 0.0866805 0.0943634 0.262352 0.174865 0.195646 0.152158 0.0140078 0.032333 2.8122e-11 9.4369e-16 0 0 0.0804292 0.155463 0.209373 0.126529 0.222708 0.0878377 0.0302499 0.00832215 0.00761234 2.42131e-10 0 0
520.136 2.16723 280.614 198.591 1.00643 1.28175 0.3 0.5 1 1.4 1.7 2.5 3.3 4 5 5.2 0 0 0.0675743 0.138763 0.334526 0.032554 0.255399 0.128511 0.0392643 0.00901957 0.000815592 9.4369e-16 0 0 0.151148 0.0582444 0.324951 0.0705751 0.225289 0.197469 0.0771165 0.114382 0.0625785 2.42131e-10 0 0
497.76 2.074 269.225 187.202 1.00923 1.03569 0.3 0.6 1 1.1 1.7 2.4 3.2 3.5 4.3 5.2 0 0 0.0864249 0.166051 0.110427 0.208525 0.248327 0.120751 0.0549118 4.26685e-10 0.0138091 9.4369e-16 0 0 0.162528 0.0422621 0.344584 0.0117423 0.246258 0.140911 0.0388123 0.0312254 0.0173627 2.42131e-10 0 0
881.778 3.67407 417.327 335.304 1.01269 1.01879 0.3 0.9 1.1 1.5 1.8 2.4 3.3 3.7 5 5.2 0 0 0.172684 0.155947 0.162483 0.253828 0.0837456 0.100469 0.0793866 3.15858e-14 0.00415024 9.4369e-16 0 0 0.170985 0.24541 0.125121 0.111924 0.153951 0.124382 0.0462545 0.0130805 0.0276865 2.42131e-10 0 0
489.46 2.03942 264.87 182.847 1.00806 1.03311 0.1 0.6 0.7 1.1 1.6 2.3 3 3.7 4.4 5.2 0 0 0.0403261 0.241383 0.0159839 0.24992 0.239416 0.144427 0.0517636 0.0194412 0.00540452 9.4369e-16 0 0 0.0757048 0.214435 1.77031e-12 0.260169 0.21547 0.149817 0.0570616 0.0397082 0.0207464 2.42131e-10 0 0
892.68 3.7195 420.509 338.487 1.01433 1.23442 0.3 0.9 1 1.3 1.8 2.6 3.4 4 5 5.2 0 0 0.173704 7.32255e-10 0.296762 0.151759 0.246661 0.0677343 0.0705674 6.10623e-16 0.00714041 9.4369e-16 0 0 0.176647 0.224758 0.0640171 0.167415 0.226649 0.173864 0.0794766 0.0670179 0.0545798 2.42131e-10 0 0
544.227 2.26761 292.34 210.317 1.0132 0.989083 0.2 0.5 1 1.1 1.7 2.3 3.1 3.6 5.2 5.2 0 0 0.101054 0.0978375 0.0906143 0.279828 0.272692 0.0631725 0.0841659 0.01397 0.00986175 9.4369e-16 0 0 0.0737781 0.162957 0.207933 0.115025 0.242415 0.112383 0.0745919 1.08061e-10 1.45751e-09 2.42131e-10 0 0
626.24 2.60933 328.695 246.672 1.00792 1.21568 0.3 0.8 1.1 1.4 2 2.7 3.4 4.3 5.7 5.2 0 0 0.110267 0.317454 2.20324e-13 0.287316 0.161576 0.0923625 0.0268432 0.0120987 4.238e-12 9.4369e-16 0 0 0.152557 0.245194 0.0682056 0.229677 0.202581 0.121416 0.0887498 0.0755437 0.0317531 2.42131e-10 0 0
454.772 1.89488 245.832 163.809 1.00918 0.933542 0.3 0.7 0.9 1 1.5 2.2 2.9 3.5 4.4 5.2 0 0 0.101233 0.191612 0.0320722 0.153468 0.283727 0.153343 0.0595015 0.0262839 0.00793678 9.4369e-16 0 0 0.171042 0.000544621 0.249712 0.0627518 0.252447 0.14816 0.0452228 0.00366196 7.94564e-11 2.42131e-10 0 0
441.306 1.83877 238.047 156.024 1.00829 1.0556 0.3 0.6 0.9 1.1 1.6 2.3 3 3.6 4.4 5.2 0 0 0.0918242 0.132141 0.15437 0.155978 0.256527 0.138121 0.0525153 0.0193955 0.00742179 9.4369e-16 0 0 0.1592 0.0167787 0.304045 0.0271449 0.277818 0.138887 0.0652959 0.0361738 0.0302595 2.42131e-10 0 0
483.473 2.01447 261.682 179.659 1.00769 1.06608 0.3 0.7 1 1.3 1.8 2.5 3.2 3.9 4.4 5.2 0 0 0.09995 0.215392 0.109661 0.218187 0.193441 0.114101 0.0409628 0.0133933 0.00259959 9.4369e-16 0 0 0.158777 0.0893131 0.272833 0.0733202 0.25998 0.0987582 0.0739335 0.00174674 0.0374147 2.42131e-10 0 0
476.525 1.98552 257.933 175.91 1.00931 1.01384 0.3 0.5 1 1.3 1.7 2.5 3.4 4 4.4 5.2 0 0 0.0668204 0.140172 0.32832 0.0322513 0.259876 0.129894 0.0434942 1.02746e-12 0.00847853 9.4369e-16 0 0 0.163887 0.0305144 0.357447 0.0133263 0.250941 0.145442 0.0335051 0.0187758 1.41003e-09 2.42131e-10 0 0
476.525 1.98552 257.933 175.91 1.00931 1.01384 0.3 0.5 1 1.3 1.7 2.5 3.4 4 4.4 5.2 0 0 0.0668204 0.140172 0.32832 0.0322512 0.259876 0.129894 0.0434942 8.01026e-14 0.00847855 9.4369e-16 0 0 0.163887 0.0305143 0.357447 0.0133263 0.250941 0.145443 0.0335041 0.0187767 6.31439e-13 2.42131e-10 0 0
444.765 1.85319 240.069 158.046 1.00817 1.01406 0.3 0.7 0.9 1.2 1.7 2.4 3.2 4.2 4.3 5.2 0 0 0.0996059 0.213188 0.051094 0.232072 0.217367 0.130431 0.0521392 0.0122741 4.57479e-10 9.4369e-16 0 0 0.158351 0.0496915 0.239226 0.111472 0.251696 0.119162 0.0613259 7.22789e-09 0.0231357 2.42131e-10 0 0
824.369 3.43487 399.891 317.868 1.01164 0.914332 0.3 0.8 1 1.2 1.6 2.5 1.7 3.9 4.6 5.2 0 0 0.153041 3.13083e-14 0.380985 0.0441842 0.141268 0.169897 0.083241 0.0390266 2.14273e-14 9.4369e-16 0 0 0.166555 0.171555 0.0355433 0.208329 0.00973233 0.116769 0.193174 0.0126744 1.86451e-12 2.42131e-10 0 0
567.185 2.36327 303.042 221.019 1.01195 1.23397 0.2 0.4 1 1.2 1.7 2.5 3.2 4 5.1 5.2 0 0 0.0854554 0.0925408 0.277631 0.113097 0.282277 0.0728562 0.0762851 1.20348e-13 0.0118021 9.4369e-16 0 0 0.0446139 0.166804 0.317432 0.0363534 0.275717 0.161923 0.0854857 0.092698 0.0529433 2.42131e-10 0 0
455.975 1.89989 246.516 164.493 1.00749 1.10518 0.3 0.6 1 1.3 1.7 2.4 3.2 4.1 4.8 5.2 0 0 0.0885069 0.154187 0.252348 0.0956467 0.225639 0.12727 0.0521068 0.0110686 0.000719315 9.4369e-16 0 0 0.148072 0.0847331 0.291455 0.0401996 0.248149 0.134109 0.0859378 0.0499515 0.0225763 2.42131e-10 0 0
470.689 1.9612 254.742 172.719 1.00889 1.02149 0.3 0.7 1 1.4 1.8 2.4 3.2 3.9 4.3 5.2 0 0 0.100014 0.2061 0.159529 0.20896 0.144337 0.12279 0.0538647 0.00120062 0.0120928 9.4369e-16 0 0 0.163851 0.0749226 0.272626 0.137753 0.157724 0.139237 0.0482069 0.0271718 5.91575e-11 2.42131e-10 0 0
444.204 1.85085 239.742 157.719 1.00857 1.0144 0.3 0.5 0.9 1.3 1.7 2.4 3.2 4 4.5 5.2 0 0 0.0773877 0.10501 0.267498 0.153148 0.209987 0.130987 0.0505845 0.00878096 0.0051832 9.4369e-16 0 0 0.166751 0.011461 0.263988 0.171283 0.175333 0.149516 0.0456177 0.030455 3.21801e-09 2.42131e-10 0 0
454.772 1.89488 245.832 163.809 1.00918 0.933559 0.3 0.7 0.9 1 1.5 2.2 2.9 3.5 4.4 5.2 0 0 0.101228 0.191688 0.031811 0.153681 0.283697 0.153352 0.0594994 0.0262851 0.00793358 9.4369e-16 0 0 0.171043 0.000531255 0.249759 0.0627179 0.252452 0.148168 0.0452247 0.00366318 9.77608e-09 2.42131e-10 0 0
456.555 1.90231 246.845 164.822 1.00863 1.03896 0.3 0.7 1 1.2 1.7 2.4 3.2 4.1 4.3 5.2 0 0 0.0989818 0.222625 0.0615515 0.209518 0.221314 0.128889 0.0530329 0.00190085 0.0108209 9.4369e-16 0 0 0.166698 0.077702 0.218585 0.122748 0.216897 0.144276 0.0594703 0.0325868 3.11718e-09 2.42131e-10 0 0
587.399 2.4475 312.112 230.089 1.01081 1.34002 0.2 0.4 1 1.5 1.8 2.5 3.2 4 5 5.2 0 0 0.0889668 0.084511 0.3315 0.187312 0.163603 0.066374 0.0775098 6.25832e-11 0.011033 9.4369e-16 0 0 0.0445187 0.164728 0.346177 0.0832979 0.234932 0.153704 0.129445 0.114216 0.0690062 2.42131e-10 0 0
492.959 2.054 266.715 184.692 1.0089 1.0382 0.3 0.7 1 1.5 2 2.5 3.3 4.2 4.4 5.2 0 0 0.101253 0.194391 0.192995 0.256479 0.103061 0.102535 0.0482637 6.54929e-09 0.00992163 9.4369e-16 0 0 0.165661 0.0708533 0.278198 0.207823 0.11696 0.114761 0.0525629 0.0313851 2.44723e-11 2.42131e-10 0 0
470.327 1.9597 254.542 172.519 1.00915 0.997173 0.3 0.7 0.9 1.2 1.5 2.2 3 3.7 4.4 5.2 0 0 0.102159 0.167467 0.16383 0.0549881 0.271797 0.158778 0.0676039 0.0128062 0.00972462 9.4369e-16 0 0 0.166768 6.28374e-11 0.306921 0.0217441 0.238752 0.175288 0.0553215 0.0270369 0.0053407 2.42131e-10 0 0
965.389 4.02245 440.79 358.767 1.00721 1.07286 0.2 0.6 1 1.2 1.7 2.5 3 3.7 4 5.2 0 0 0.0833599 0.206612 0.0219288 0.252219 0.306708 0.0206223 0.107607 2.47768e-12 0.00815276 9.4369e-16 0 0 0.101878 0.16624 0.14201 0.188735 0.217665 0.171023 0.0158535 0.06945 5.48042e-11 2.42131e-10 0 0
456.684 1.90285 246.918 164.895 1.00858 0.990746 0.3 0.5 0.9 1.3 1.6 2.3 3.1 4 4.5 5.2 0 0 0.0803899 0.0967835 0.287353 0.0885969 0.235042 0.144339 0.0601595 0.010771 0.00514443 9.4369e-16 0 0 0.170805 1.48193e-10 0.286159 0.110522 0.194657 0.150895 0.0528159 0.0248925 5.55555e-08 2.42131e-10 0 0
479.193 1.99664 259.379 177.356 1.00923 0.986882 0.3 0.4 0.9 1.1 1.7 2.5 3.4 3.9 4.4 5.2 0 0 0.0117239 0.165212 0.204976 0.181366 0.265496 0.129445 0.0432476 8.81825e-11 0.00776687 9.4369e-16 0 0 0.162583 0.0167243 0.192846 0.193242 0.239863 0.137711 0.0227445 0.021169 9.21956e-09 2.42131e-10 0 0
444.204 1.85085 239.742 157.719 1.00856 1.0144 0.3 0.5 0.9 1.3 1.7 2.4 3.2 4 4.5 5.2 0 0 0.0773874 0.10501 0.267499 0.153146 0.209987 0.130988 0.0505853 0.00878001 0.00518108 9.4369e-16 0 0 0.166751 0.0114605 0.26399 0.171283 0.175331 0.149513 0.0456161 0.0304612 4.73024e-09 2.42131e-10 0 0
633.473 2.63947 331.67 249.647 1.0059 1.36433 0.3 0.7 1.1 1.5 1.9 2.6 3.4 4.2 5 5.2 0 0 0.100138 0.217441 0.220025 0.162511 0.155837 0.107693 0.0374951 0.00476126 1.31704e-07 9.4369e-16 0 0 0.151233 0.151358 0.264596 0.108879 0.211442 0.155975 0.133779 0.118197 0.0688709 2.42131e-10 0 0
450.056 1.87523 243.132 161.109 1.00871 1.01633 0.3 0.6 1 1.5 1.7 2.4 3.2 4 4.5 5.2 0 0 0.0905125 0.146306 0.283517 0.125017 0.16467 0.13468 0.049946 0.00832311 0.00573574 9.4369e-16 0 0 0.16397 0.0483974 0.316841 0.116051 0.144737 0.150684 0.0456857 0.0299613 1.83651e-10 2.42131e-10 0 0
497.76 2.074 269.225 187.202 1.00923 1.03569 0.3 0.6 1 1.1 1.7 2.4 3.2 3.5 4.3 5.2 0 0 0.0864249 0.166051 0.110427 0.208525 0.248327 0.120751 0.0549118 4.26686e-10 0.0138091 9.4369e-16 0 0 0.162528 0.0422621 0.344584 0.0117423 0.246258 0.140911 0.0388123 0.0312254 0.0173627 2.42131e-10 0 0
652.276 2.71782 339.245 257.223 1.00812 0.963543 0.1 0.4 0.9 1 1.6 2.2 3.1 3.6 4.5 5.2 0 0 0.0579476 0.119201 1.11855e-13 0.334469 0.301742 0.0948727 0.0895247 0.0103647 3.17557e-12 9.4369e-16 0 0 0.0387825 0.147402 0.217402 0.103686 0.250498 0.121667 0.0711479 1.44796e-10 0.0129571 2.42131e-10 0 0
537.827 2.24095 289.277 207.254 1.01302 1.12412 0.2 0.4 1 1.1 1.7 2.4 3.2 4.1 5.1 5.2 0 0 0.0815095 0.100053 0.177453 0.203354 0.286304 0.0662044 0.0858388 5.10155e-11 0.0123007 9.4369e-16 0 0 0.0397688 0.170055 0.341568 0.00500642 0.271517 0.139686 0.0995841 0.0412219 0.0157128 2.42131e-10 0 0
456.527 1.9022 246.829 164.806 1.00846 0.987 0.3 0.7 1 1.2 1.6 2.3 3.1 4 4.4 5.2 0 0 0.100481 0.207588 0.130576 0.107465 0.24194 0.144851 0.0602684 0.00972408 0.00557114 9.4369e-16 0 0 0.167975 0.058775 0.293547 0.0141294 0.231576 0.143162 0.0536763 0.0225724 0.00158638 2.42131e-10 0 0
467.058 1.94607 252.736 170.713 1.00827 1.21444 0.3 0.6 1 1.4 1.8 2.5 3.3 4.3 5.5 5.2 0 0 0.0882176 0.155466 0.256021 0.149374 0.187008 0.117395 0.0428888 0.0118955 2.63678e-13 9.4369e-16 0 0 0.155574 0.060707 0.335398 0.0570686 0.248584 0.134704 0.106798 0.0811003 0.0345026 2.42131e-10 0 0
475.597 1.98165 257.428 175.405 1.00873 0.973655 0.3 0.4 0.9 1 1.6 2.4 3.3 4.1 4.3 5.2 0 0 0.0313447 0.13358 0.237479 0.11057 0.290256 0.145432 0.0511038 7.56683e-09 0.00896676 9.4369e-16 0 0 0.172756 9.03555e-13 0.181252 0.165534 0.262965 0.148518 0.0307369 0.0118929 7.60454e-10 2.42131e-10 0 0
510.466 2.12694 275.753 193.73 1.00839 1.04721 0.3 0.7 1 1.4 1.8 2.5 3.3 4.3 4.4 5.2 0 0 0.101659 0.198013 0.173864 0.189561 0.170193 0.12195 0.043318 0.00983815 1.15076e-09 9.4369e-16 0 0 0.159007 0.0844408 0.285089 0.0757335 0.231327 0.101303 0.0706013 9.25845e-09 0.039713 2.42131e-10 0 0
445.884 1.85785 240.719 158.697 1.00845 1.01315 0.2 0.6 1.1 1.2 1.7 2.4 3.2 4 4.4 5.2 0 0 0.0523289 0.232153 0.247982 0.0524146 0.230865 0.127519 0.0515801 0.00732828 0.00628193 9.4369e-16 0 0 0.0980376 0.182337 0.214128 0.10122 0.195456 0.146111 0.0469792 0.0288775 2.86605e-11 2.42131e-10 0 0
678.481 2.82701 349.447 267.424 1.00824 1.09975 0.3 0.8 1.2 1.3 1.8 2.5 3.2 4.1 4.5 5.2 0 0 0.111229 0.306771 1.28508e-13 0.216512 0.20698 0.107279 0.0448141 0.00629885 0.00835923 9.4369e-16 0 0 0.157951 0.23312 0.0818951 0.156555 0.211026 0.12607 0.0789936 0.0487208 0.00542046 2.42131e-10 0 0
633.473 2.63947 331.67 249.647 1.0059 1.36433 0.3 0.7 1.1 1.5 1.9 2.6 3.4 4.2 5 5.2 0 0 0.100138 0.217441 0.220025 0.162511 0.155837 0.107693 0.0374951 0.00476126 1.3248e-07 9.4369e-16 0 0 0.151233 0.151358 0.264596 0.108879 0.211442 0.155975 0.133779 0.118197 0.0688709 2.42131e-10 0 0
461.324 1.92218 249.537 167.514 1.00769 1.11617 0.1 0.6 0.7 1.2 1.5 2.2 3 3.9 4.8 5.2 0 0 0.0460956 0.0919072 0.225712 0.160834 0.231057 0.165933 0.0665758 0.0169099 0.0026685 9.4369e-16 0 0 0.0785999 0.125231 0.139357 0.213892 0.184151 0.187841 0.0948357 0.0673471 0.0249129 2.42131e-10 0 0
442.479 1.84366 238.734 156.711 1.00853 0.9591 0.2 0.5 1 1.6 1.9 2.4 3.2 4 4.3 5.2 0 0 0.0369671 0.179332 0.316727 0.241433 0.0419178 0.127257 0.0528292 0.00473808 0.00733392 9.4369e-16 0 0 0.0911307 0.123601 0.315796 0.226961 0.0273105 0.129909 0.0300429 0.0143506 5.59608e-13 2.42131e-10 0 0
558.867 2.32861 299.215 217.193 1.00684 1.05299 0.2 0.4 1 1.1 1.7 2.4 3.2 3.6 4.2 5.2 0 0 0.0814328 0.0998978 0.179302 0.201882 0.289495 0.0669535 0.0855031 0.00237612 1.25444e-12 9.4369e-16 0 0 0.0391438 0.170395 0.338105 0.00444748 0.266332 0.127432 0.0864889 4.62408e-14 0.0206448 2.42131e-10 0 0
455.868 1.89945 246.455 164.432 1.00847 0.993495 0.3 0.6 0.9 1.2 1.6 2.3 3.1 4 4.4 5.2 0 0 0.0939623 0.119045 0.215807 0.115632 0.244174 0.143955 0.0604066 0.00931327 0.00617555 9.4369e-16 0 0 0.169924 0.00679215 0.259875 0.11185 0.215865 0.147755 0.0551452 0.0256123 0.000677065 2.42131e-10 0 0
619.187 2.57994 325.762 243.739 1.00793 0.979185 0.1 0.4 0.9 1 1.6 2.2 3.1 3.6 4.7 5.2 0 0 0.0576328 0.119744 2.99532e-11 0.334037 0.30198 0.0942974 0.0894044 0.010835 9.3474e-10 9.4369e-16 0 0 0.0319303 0.165565 0.148998 0.167258 0.247832 0.129764 0.0744589 3.84906e-11 0.0133781 2.42131e-10 0 0
574.074 2.39198 306.169 224.146 1.00734 1.00912 0.2 0.3 0.9 1 1.6 2.2 3.1 3.5 4.6 5.2 0 0 0.0286517 0.13772 6.31706e-07 0.350475 0.294788 0.0966869 0.0820383 0.0169835 6.2142e-12 9.4369e-16 0 0 1.09912e-14 0.164772 0.296835 0.0465598 0.257197 0.140347 0.0897909 2.64788e-14 0.0136178 2.42131e-10 0 0
522.88 2.17867 281.977 199.954 1.01332 1.00309 0.2 0.6 1.1 1.3 1.7 2.4 3.2 3.7 5.2 5.2 0 0 0.11122 0.116471 0.337271 0.00832459 0.272222 0.0707618 0.0861623 5.67339e-11 0.0108841 9.4369e-16 0 0 0.0976612 0.183578 0.250112 0.0724824 0.186606 0.144848 0.0317429 0.0214156 0.0146399 2.42131e-10 0 0
540.474 2.25198 290.548 208.525 1.00723 1.1717 0.3 0.7 1.1 1.2 1.7 2.5 3.4 4 5 5.2 0 0 0.100959 0.212487 0.216781 0.0437646 0.252694 0.132332 0.0414372 0.00402299 0.00275744 9.4369e-16 0 0 0.162849 0.113318 0.311766 6.48951e-10 0.236705 0.184853 0.058236 0.0678156 0.0361567 2.42131e-10 0 0
483.438 2.01433 261.664 179.641 1.00877 0.967983 0.3 0.4 0.9 1 1.6 2.3 3.1 3.7 4.2 5.2 0 0 0.019784 0.151982 0.18534 0.163026 0.273593 0.136393 0.0626157 0.00285933 0.0131822 9.4369e-16 0 0 0.168624 8.2336e-10 0.209762 0.144172 0.243312 0.147255 0.0376435 0.017214 5.29297e-09 2.42131e-10 0 0
539.301 2.24709 289.986 207.963 1.00702 1.1775 0.3 0.5 1 1.4 1.7 2.5 3.4 4 4.9 5.2 0 0 0.0677246 0.137783 0.337525 0.0284373 0.257772 0.130854 0.0421601 0.00231707 0.00244967 9.4369e-16 0 0 0.151075 0.0571295 0.318044 0.0736515 0.209752 0.174629 0.0635419 0.078412 0.0512654 2.42131e-10 0 0
467.472 1.9478 252.965 170.942 1.00867 1.09602 0.1 0.5 0.9 1 1.5 2.2 3 3.8 4.5 5.2 0 0 0.0306703 0.169089 0.212065 0.0654133 0.284145 0.156627 0.0685846 0.0148618 0.00721668 9.4369e-16 0 0 0.0578721 0.164485 0.191737 0.0633626 0.276979 0.179975 0.0942957 0.0462844 0.0210267 2.42131e-10 0 0
474.651 1.97771 256.912 174.89 1.00779 1.10802 0.2 0.6 1.1 1.4 1.8 2.5 3.3 3.9 4.8 5.2 0 0 0.0520663 0.233252 0.262479 0.0911853 0.199502 0.115912 0.0418624 0.00799282 0.00353719 9.4369e-16 0 0 0.0972053 0.186753 0.251688 0.117776 0.166436 0.154591 0.0479226 0.0574905 0.028156 2.42131e-10 0 0
891.911 3.7163 420.286 338.263 1.01018 1.03284 0.2 0.4 1 1.1 1.6 2.5 2.9 4 4.9 5.2 0 0 0.0674339 0.0939992 0.332316 0.0667749 0.24175 0.154722 0.0252398 0.0279456 1.19571e-13 9.4369e-16 0 0 0.0501997 0.150955 0.331665 4.44089e-16 0.23931 0.173369 0.00540522 0.0819333 2.38148e-12 2.42131e-10 0 0
478.174 1.99239 258.828 176.805 1.00831 1.02098 0.2 0.6 1.1 1.4 1.8 2.5 3.3 3.9 4.2 5.2 0 0 0.0520624 0.233246 0.262382 0.0911359 0.19959 0.116094 0.0424369 3.72547e-11 0.0113644 9.4369e-16 0 0 0.0964148 0.186237 0.249974 0.118341 0.155367 0.144267 0.0286207 0.0417618 2.13437e-10 2.42131e-10 0 0
477.292 1.98872 258.35 176.327 1.00865 0.974844 0.2 0.4 0.9 1 1.6 2.4 3.2 3.9 4.4 5.2 0 0 0.0118906 0.157622 0.212444 0.132832 0.288309 0.143901 0.0473759 0.00777781 0.00649488 9.4369e-16 0 0 0.0709516 0.114919 0.123597 0.211661 0.258913 0.146325 0.028144 0.0203321 2.0998e-08 2.42131e-10 0 0
571.584 2.3816 305.043 223.02 1.01441 1.05609 0.2 0.6 1.1 1.2 1.7 2.5 3.3 3.5 5.2 5.2 0 0 0.111307 0.115553 0.333675 0.0107938 0.27655 0.0789496 0.0759242 1.39089e-12 0.0116588 9.4369e-16 0 0 0.0982172 0.182808 0.272929 0.0304011 0.239618 0.164926 3.03985e-12 0.0570933 0.0100952 2.42131e-10 0 0
484.725 2.01969 262.352 180.329 1.00822 1.02086 0.3 0.4 0.8 1.1 1.6 2.3 3.1 4 4.7 5.2 0 0 0.0571215 0.0852036 0.216445 0.175634 0.25688 0.140479 0.0615466 0.0119173 0.00299375 9.4369e-16 0 0 0.15591 2.00944e-10 0.21044 0.158836 0.240159 0.143689 0.0657799 0.0390859 0.00695971 2.42131e-10 0 0
521.943 2.17476 281.512 199.489 1.0088 0.940775 0.3 0.7 0.9 1 1.5 2.3 3.1 3.9 4.7 5.2 0 0 0.104875 0.13988 0.216979 2.32348e-10 0.312999 0.162829 0.0532958 0.0148389 0.00310419 9.4369e-16 0 0 0.169087 5.55112e-16 0.268348 0.0382005 0.262939 0.151498 0.0279229 0.0227783 2.27818e-13 2.42131e-10 0 0
455.575 1.89823 246.288 164.266 1.00701 1.13592 0.1 0.6 1 1.2 1.6 2.3 3.1 4 5 5.2 0 0 0.0407448 0.243348 0.146707 0.12187 0.234309 0.1467 0.0586049 0.014724 5.45763e-11 9.4369e-16 0 0 0.0745735 0.223402 0.0731497 0.214657 0.185153 0.180616 0.0842302 0.0717101 0.0284286 2.42131e-10 0 0
456.527 1.9022 246.829 164.806 1.00846 0.987 0.3 0.7 1 1.2 1.6 2.3 3.1 4 4.4 5.2 0 0 0.100481 0.207588 0.130576 0.107465 0.24194 0.144851 0.0602684 0.00972408 0.00557114 9.4369e-16 0 0 0.167975 0.058775 0.293547 0.0141294 0.231576 0.143162 0.0536763 0.0225724 0.00158638 2.42131e-10 0 0
613.29 2.55537 323.283 241.261 1.00822 1.06189 0.3 0.6 1 1.3 1.8 2.6 3.4 4.2 4.9 5.2 0 0 0.0890845 0.15404 0.240659 0.136417 0.230345 0.114785 0.0359315 0.00695766 7.26971e-11 9.4369e-16 0 0 0.153187 0.0656349 0.31642 0.051805 0.258287 0.112181 0.053069 0.0356569 0.015651 2.42131e-10 0 0
467.933 1.94972 253.221 171.198 1.00904 1.02119 0.1 0.6 0.7 1 1.4 2.1 2.9 3.7 4.5 5.2 0 0 0.0436673 0.156193 0.127887 0.0988406 0.301621 0.176154 0.0775408 0.0204085 0.00672645 9.4369e-16 0 0 0.0696442 0.168655 0.096377 0.0935844 0.284617 0.185502 0.0790035 0.0291074 0.0147001 2.42131e-10 0 0
482.04 2.0085 260.914 178.891 1.00844 0.947431 0.2 0.4 0.8 1 1.6 2.3 3.1 4.2 4.3 5.2 0 0 0.0129293 0.151837 0.105523 0.252617 0.270418 0.137438 0.0642068 0.0134746 1.19283e-11 9.4369e-16 0 0 0.0746891 0.102215 0.0820959 0.262666 0.24285 0.129746 0.0426782 0.0104918 1.4492e-10 2.42131e-10 0 0
523.743 2.18226 282.404 200.381 1.00934 0.994469 0.3 0.4 0.9 1 1.7 2.5 3.4 4 4.4 5.2 0 0 0.00206901 0.182341 0.0353271 0.335008 0.276467 0.126657 0.0436648 9.72866e-11 0.00781003 9.4369e-16 0 0 0.147869 0.041522 5.62653e-08 0.36761 0.251045 0.135274 0.0322231 0.0189251 8.49526e-12 2.42131e-10 0 0
470.327 1.9597 254.542 172.519 1.00915 0.997172 0.3 0.7 0.9 1.2 1.5 2.2 3 3.7 4.4 5.2 0 0 0.102159 0.167467 0.16383 0.0549879 0.271797 0.158778 0.0676039 0.0128061 0.00972463 9.4369e-16 0 0 0.166768 9.2255e-10 0.306921 0.0217441 0.238752 0.175288 0.0553213 0.0270365 0.00534053 2.42131e-10 0 0
633.473 2.63947 331.67 249.647 1.0059 1.36433 0.3 0.7 1.1 1.5 1.9 2.6 3.4 4.2 5 5.2 0 0 0.100138 0.217441 0.220025 0.162511 0.155837 0.107693 0.0374951 0.00476126 1.30036e-07 9.4369e-16 0 0 0.151233 0.151358 0.264596 0.108879 0.211442 0.155975 0.133779 0.118197 0.0688709 2.42131e-10 0 0
482.415 2.01006 261.115 179.092 1.00812 0.970745 0.2 0.6 1 1.1 1.7 2.4 3.2 4.1 4.2 5.2 0 0 0.0530775 0.227593 1.55789e-11 0.296217 0.241322 0.124768 0.0534018 0.0117446 7.5735e-09 9.4369e-16 0 0 0.100951 0.163777 0.0518107 0.256749 0.220562 0.125492 0.0383832 0.0130193 9.02647e-11 2.42131e-10 0 0
484.485 2.01869 262.224 180.201 1.00854 0.949332 0.2 0.4 0.8 1 1.6 2.4 3.3 4 4.3 5.2 0 0 0.0188269 0.137686 0.132823 0.22761 0.285727 0.14681 0.0506016 6.80678e-09 0.00845232 9.4369e-16 0 0 0.0733047 0.107065 0.06947 0.271982 0.251659 0.142272 0.0223709 0.0112085 8.66579e-12 2.42131e-10 0 0
515.821 2.14926 278.456 196.434 1.00913 1.00813 0.3 0.6 1 1.1 1.7 2.4 3.2 4.2 4.3 5.2 0 0 0.0856517 0.167173 0.109386 0.209248 0.248101 0.12012 0.0555959 0.0138496 2.11997e-13 9.4369e-16 0 0 0.162558 0.0427381 0.353988 1.21531e-12 0.253992 0.132206 0.0503238 0.0123297 1.29527e-08 2.42131e-10 0 0
455.891 1.89955 246.468 164.445 1.00797 1.01462 0.3 0.7 1 1.2 1.7 2.4 3.2 4.2 4.4 5.2 0 0 0.0990542 0.224597 0.0530374 0.217973 0.219287 0.129689 0.0526056 0.0117289 5.19029e-13 9.4369e-16 0 0 0.157074 0.0923937 0.276753 0.0211019 0.265654 0.111963 0.0638793 3.78974e-06 0.0258002 2.42131e-10 0 0
920.898 3.83708 428.57 346.547 1.00735 1.04704 0.3 0.4 0.9 1.1 1.6 2.4 3 3.8 4.3 5.2 0 0 0.114152 0.0677136 0.214112 0.0725692 0.384981 0.0411255 0.102211 0.0104889 1.66533e-16 9.4369e-16 0 0 0.155583 0.0275259 0.201802 0.157748 0.243429 0.166886 0.037038 0.0570272 1.37002e-13 2.42131e-10 0 0
1025.71 4.2738 456.488 374.465 1.01073 1.00018 0.2 0.6 1 1.3 1.7 2.5 3.1 4 4.3 5.2 0 0 0.0863968 0.153737 0.147487 0.305282 0.0998585 0.182166 0.00265811 0.0331421 3.98374e-11 9.4369e-16 0 0 0.0959973 0.177417 0.192608 0.116941 0.233268 0.118832 0.0386702 0.0105488 0.0159034 2.42131e-10 0 0
457.326 1.90553 247.282 165.259 1.0087 0.928331 0.2 0.5 0.8 1.1 1.6 2.3 3 3.5 4.3 5.2 0 0 0.0452463 0.134177 0.16033 0.198476 0.251517 0.140161 0.0495157 0.0213451 0.00792977 9.4369e-16 0 0 0.0983854 0.0819643 0.153336 0.203708 0.223084 0.131255 0.0306013 0.00397164 0.0020254 2.42131e-10 0 0
571.441 2.38101 304.978 222.956 1.00658 1.18918 0.3 0.8 1 1.4 1.8 2.4 3.3 4 4.9 5.2 0 0 0.10908 0.322897 1.68637e-12 0.259405 0.122891 0.132977 0.051214 0.00579196 0.00232374 9.4369e-16 0 0 0.167855 0.131149 0.191885 0.183134 0.142193 0.17725 0.0909832 0.0608138 0.043919 2.42131e-10 0 0
758.625 3.16094 378.365 296.342 1.0123 0.904912 0.2 0.6 1.1 1.6 1.7 2.6 3.5 4 5.4 5.2 0 0 0.0953417 0.122366 0.391424 0.00988078 0.200473 0.162057 0 0.0307626 2.26485e-14 9.4369e-16 0 0 0.0950899 0.184324 0.274316 3.06422e-13 0.236072 0.104815 7.96641e-13 0.0102968 1.66533e-15 2.42131e-10 0 0
744.693 3.10289 373.564 291.541 1.01172 1.03856 0.2 0.5 1 1.4 1.8 2.6 3.2 4 4.9 5.2 0 0 0.0888114 0.0864197 0.331179 0.184722 0.131352 0.158029 6.39044e-13 0.0312084 1.73254e-10 9.4369e-16 0 0 0.0804212 0.153646 0.257531 0.146361 0.185089 0.120638 0.02998 0.0437231 0.0211655 2.42131e-10 0 0
881.778 3.67407 417.327 335.304 1.01269 1.01879 0.3 0.9 1.1 1.5 1.8 2.4 3.3 3.7 5 5.2 0 0 0.172684 0.155947 0.162483 0.253828 0.0837456 0.100469 0.0793866 3.15858e-14 0.00415024 9.4369e-16 0 0 0.170985 0.24541 0.125121 0.111924 0.153951 0.124382 0.0462545 0.0130805 0.0276865 2.42131e-10 0 0
667.772 2.78238 345.327 263.304 1.01309 1.09609 0.3 0.7 1 1.1 1.7 2.5 3.3 4.4 5.3 5.2 0 0 0.177019 1.83187e-15 0.179471 0.207443 0.287679 0.0776697 0.0753505 4.30211e-14 0.00846002 9.4369e-16 0 0 0.156581 0.107501 0.195835 0.0885958 0.279628 0.132814 0.0745027 0.0378441 0.0227869 2.42131e-10 0 0
574.074 2.39198 306.169 224.146 1.00735 1.00914 0.2 0.3 0.9 1 1.6 2.2 3.1 3.5 4.6 5.2 0 0 0.028651 0.137721 3.37575e-07 0.350478 0.294787 0.0966872 0.0820367 0.0169839 1.59738e-09 9.4369e-16 0 0 3.17238e-10 0.164772 0.296831 0.0465681 0.2572 0.140355 0.089795 7.23557e-11 0.0136167 2.42131e-10 0 0
521.293 2.17205 281.189 199.166 1.01359 0.99652 0.2 0.5 1 1.4 1.8 2.4 3.1 3.5 5.2 5.2 0 0 0.104578 0.0842391 0.286935 0.184669 0.19592 0.0527259 0.0753919 0.0185041 0.0106272 9.4369e-16 0 0 0.0745697 0.160067 0.28019 0.110221 0.204787 0.0974344 0.0632811 0.00596883 5.12852e-11 2.42131e-10 0 0
792.229 3.30096 389.591 307.568 1.01268 1.01968 0.3 0.9 1.1 1.4 1.8 2.6 3.5 4 4.7 5.2 0 0 0.153717 0.143806 0.277957 0.0862663 0.165558 0.151793 2.05613e-12 0.0335794 1.46466e-12 9.4369e-16 0 0 0.17447 0.244061 0.0866419 0.131552 0.190168 0.132382 0.0321065 0.0181412 0.010162 2.42131e-10 0 0
483.438 2.01433 261.664 179.641 1.00877 0.967982 0.3 0.4 0.9 1 1.6 2.3 3.1 3.7 4.2 5.2 0 0 0.0197846 0.151981 0.185339 0.163026 0.273592 0.136394 0.0626155 0.00285761 0.0131841 9.4369e-16 0 0 0.168624 2.99826e-09 0.209757 0.144176 0.243311 0.147254 0.0376409 0.0172183 5.17313e-11 2.42131e-10 0 0
814.234 3.39264 396.686 314.664 1.01086 1.15973 0.2 0.4 1 1.4 1.7 2.5 3.2 3.9 4.9 5.2 0 0 0.0665772 0.0934962 0.374643 0.109477 0.159216 0.165444 0.00113097 0.0408794 5.38458e-15 9.4369e-16 0 0 0.0533046 0.157169 0.321937 0.067785 0.241429 0.173294 0.0615901 0.059488 0.0237304 2.42131e-10 0 0
824.369 3.43487 399.891 317.868 1.01164 0.914332 0.3 0.8 1 1.2 1.6 2.5 1.7 3.9 4.6 5.2 0 0 0.153041 3.13083e-14 0.380985 0.0441842 0.141268 0.169897 0.083241 0.0390266 2.14273e-14 9.4369e-16 0 0 0.166555 0.171555 0.0355433 0.208329 0.00973233 0.116769 0.193174 0.0126744 1.86462e-12 2.42131e-10 0 0
454.772 1.89488 245.832 163.809 1.00918 0.933559 0.3 0.7 0.9 1 1.5 2.2 2.9 3.5 4.4 5.2 0 0 0.101228 0.191687 0.031813 0.153679 0.283698 0.153352 0.0594994 0.0262851 0.00793359 9.4369e-16 0 0 0.171043 0.000531363 0.249759 0.0627181 0.252452 0.148168 0.0452247 0.00366318 9.75935e-09 2.42131e-10 0 0
541.495 2.25623 291.037 209.014 1.00984 1.00302 0.3 0.7 1 1.2 1.8 2.6 3.4 4.4 4.2 5.2 0 0 0.0990195 0.228555 0.0201785 0.272507 0.2282 0.115178 0.0360378 0.0101643 6.0657e-13 9.4369e-16 0 0 0.156238 0.0993165 0.225113 0.105747 0.254664 0.106334 0.0368803 0.00230455 0.0164253 2.42131e-10 0 0
526.348 2.19312 283.689 201.666 1.00881 1.23946 0.2 0.4 0.9 0.8 1.5 2.3 3.1 3.9 4.8 5.2 0 0 0.0329292 0.102596 0.14838 0.175612 0.314821 0.160233 0.0530048 0.0154678 0.00576526 9.4369e-16 0 0 0.0769363 0.101555 0.299031 2.65168e-11 0.308229 0.209284 0.109538 0.0911331 0.0437505 2.42131e-10 0 0
562.128 2.3422 300.722 218.699 1.01049 1.27454 0.2 0.4 1 1.4 1.8 2.5 3.2 3.9 5 5.2 0 0 0.0852866 0.09149 0.311511 0.161806 0.213632 0.0557719 0.0820268 5.57769e-10 0.00896157 9.4369e-16 0 0 0.0578706 0.148059 0.325266 0.121275 0.20239 0.174823 0.0848952 0.099936 0.0600268 2.42131e-10 0 0
482.04 2.0085 260.914 178.891 1.00844 0.947431 0.2 0.4 0.8 1 1.6 2.3 3.1 4.2 4.3 5.2 0 0 0.0129293 0.151837 0.105523 0.252617 0.270418 0.137438 0.0642068 0.0134746 1.19285e-11 9.4369e-16 0 0 0.0746891 0.102215 0.0820959 0.262666 0.24285 0.129746 0.0426782 0.0104918 1.44916e-10 2.42131e-10 0 0
444.204 1.85085 239.742 157.719 1.00857 1.01431 0.3 0.5 0.9 1.3 1.7 2.4 3.2 4 4.5 5.2 0 0 0.0773888 0.105007 0.267501 0.153145 0.209991 0.130987 0.0505858 0.00877862 0.00518355 9.4369e-16 0 0 0.166751 0.0114601 0.263982 0.171286 0.175317 0.149492 0.0455866 0.0304387 5.87908e-12 2.42131e-10 0 0
504.791 2.1033 272.858 190.835 1.0074 1.17664 0.3 0.7 1.1 1.5 1.8 2.5 3.3 4.1 4.8 5.2 0 0 0.100477 0.215786 0.227629 0.125595 0.16458 0.121043 0.0425913 0.00739487 0.00230837 9.4369e-16 0 0 0.151687 0.146773 0.276731 0.0475466 0.224759 0.135621 0.0974189 0.0617719 0.0343318 2.42131e-10 0 0
470.647 1.96103 254.718 172.696 1.00829 1.01456 0.2 0.6 0.7 1.1 1.6 2.3 3 3.7 4.4 5.2 0 0 0.0569225 0.15885 0.091431 0.237524 0.242953 0.143069 0.0523158 0.0196441 0.00558579 9.4369e-16 0 0 0.106835 0.0612695 0.139684 0.238048 0.222303 0.146563 0.0530859 0.0319202 0.0148484 2.42131e-10 0 0
475.597 1.98165 257.428 175.405 1.00874 0.973667 0.3 0.4 0.9 1 1.6 2.4 3.3 4.1 4.3 5.2 0 0 0.0313457 0.133579 0.237483 0.110566 0.290257 0.145431 0.0511056 1.92278e-08 0.00896887 9.4369e-16 0 0 0.172756 3.10796e-12 0.181252 0.165535 0.262965 0.14852 0.0307423 0.0118959 2.50582e-09 2.42131e-10 0 0
455.868 1.89945 246.455 164.432 1.00847 0.993459 0.3 0.6 0.9 1.2 1.6 2.3 3.1 4 4.4 5.2 0 0 0.0939626 0.119044 0.215807 0.115633 0.244173 0.143955 0.0604077 0.0093111 0.00617636 9.4369e-16 0 0 0.169923 0.00679377 0.25987 0.111853 0.21586 0.147746 0.0551315 0.0256034 0.000678136 2.42131e-10 0 0
485.662 2.02359 262.852 180.829 1.00709 1.21136 0.3 0.7 1 1.4 1.9 2.5 3.2 4.1 5 5.2 0 0 0.100049 0.209445 0.147921 0.237223 0.152207 0.101597 0.045067 0.0135818 2.3964e-07 9.4369e-16 0 0 0.157169 0.101612 0.252863 0.149151 0.215853 0.108936 0.11265 0.0823217 0.0308042 2.42131e-10 0 0
965.389 4.02245 440.79 358.767 1.00721 1.07286 0.2 0.6 1 1.2 1.7 2.5 3 3.7 4 5.2 0 0 0.0833599 0.206612 0.0219288 0.252219 0.306708 0.0206223 0.107607 2.67064e-13 0.00815274 9.4369e-16 0 0 0.101878 0.16624 0.14201 0.188735 0.217665 0.171023 0.0158535 0.06945 5.44997e-11 2.42131e-10 0 0
