Chi2   rChi2   BIC   AIC    Qichtot    Qimtot  R[0]  R[1]  R[2]  R[3]  R[4]  R[5]  R[6]  R[7]  R[8]  R[9]  R[10]  R[11]  Q0ch    Q1ch    Q2ch    Q3ch    Q4ch    Q5ch    Q6ch    Q7ch    Q8ch    Q9ch    Q10ch    Q11ch    Q0m    Q1m    Q2m    Q3m    Q4m    Q5m    Q6m    Q7m    Q8m    Q9m    Q10m    Q11m
463.378 1.93074 250.687 168.664 1.00859 1.02273 0.2 0.5 0.7 1.2 1.5 2.2 2.9 3.8 4.7 5.2 0 0 0.0647241 7.77223e-12 0.30935 0.139658 0.244555 0.15777 0.064178 0.0249904 0.00336533 0 0 0 0.107842 5.14596e-10 0.244043 0.194878 0.1927 0.169488 0.0727452 0.0410311 2.57225e-10 0 0 0
740.244 3.08435 372.012 289.989 1.01206 0.913294 0.2 0.5 1 1.2 1.7 2.5 2.7 4 4.9 5.2 0 0 0.0869028 0.0933742 0.264587 0.17469 0.193061 0.111175 0.0566366 0.0316359 1.14578e-10 0 0 0 0.0810472 0.153592 0.206523 0.129412 0.21761 0.0954192 0.0131387 0.00843844 0.00811233 0 0 0
475.122 1.97968 257.17 175.147 1.00828 1.08113 0.3 0.6 1 1.3 1.7 2.4 3.2 4.1 4.2 5.2 0 0 0.0873522 0.157332 0.249232 0.0949461 0.227819 0.125411 0.0526066 0.00170208 0.0118777 0 0 0 0.163334 0.0525305 0.30507 0.0677021 0.221562 0.153122 0.0753431 0.0424711 3.93867e-10 0 0 0
469.778 1.95741 254.24 172.217 1.00764 1.16388 0.3 0.6 1 1.4 1.8 2.5 3.3 4.3 4.4 5.2 0 0 0.0874962 0.15723 0.254109 0.149822 0.189178 0.114953 0.0442166 0.0106315 4.49399e-10 0 0 0 0.157712 0.0585926 0.332802 0.0565921 0.25428 0.126487 0.111969 0.0288887 0.0365601 0 0 0
545.696 2.27373 293.039 211.016 1.0075 0.976121 0.2 0.4 0.9 1 1.6 2.2 3.1 3.4 4.5 5.2 0 0 0.0898464 0.0815405 4.06059e-12 0.343086 0.297815 0.0969052 0.0783366 0.0199713 1.88985e-10 0 0 0 0.063268 0.116187 0.238976 0.0908225 0.250208 0.128074 0.0748581 2.18991e-12 0.0137268 0 0 0
537.21 2.23838 288.979 206.956 1.00773 0.978143 0.2 0.4 0.9 1 1.6 2.2 3.1 3.5 4.6 5.2 0 0 0.0898433 0.0815182 1.00286e-12 0.343099 0.297784 0.0961673 0.0839972 0.0153165 4.43212e-12 0 0 0 0.0506373 0.142803 0.152429 0.170161 0.243573 0.13261 0.0744264 4.31889e-11 0.0115011 0 0 0
545.544 2.2731 292.967 210.944 1.00795 0.975208 0.2 0.4 0.9 1 1.6 2.2 3.1 3.5 4.5 5.2 0 0 0.0899163 0.0813637 1.88556e-11 0.343127 0.297805 0.0965095 0.0827959 0.0164375 2.34018e-12 0 0 0 0.0632555 0.116242 0.239219 0.0903568 0.250549 0.127485 0.0749389 1.83357e-09 0.013162 0 0 0
524.802 2.18668 282.927 200.904 1.00741 1.01253 0.2 0.6 1.1 1 1.7 2.4 3.2 3.6 4.5 5.2 0 0 0.111693 0.113933 0.346562 1.03517e-08 0.27548 0.0729538 0.0841218 0.00266431 1.65394e-10 0 0 0 0.0917001 0.18664 0.194276 0.085014 0.251179 0.117324 0.0642239 0.00692627 0.0152519 0 0 0
740.244 3.08435 372.012 289.989 1.01206 0.913287 0.2 0.5 1 1.2 1.7 2.5 2.7 4 4.9 5.2 0 0 0.0869027 0.0933743 0.264587 0.174691 0.193061 0.111175 0.056636 0.0316359 7.66054e-15 0 0 0 0.0810473 0.153592 0.206523 0.129412 0.217609 0.0954209 0.0131348 0.00843549 0.00811197 0 0 0
446.232 1.8593 240.922 158.899 1.00832 0.997126 0.2 0.5 0.9 1.2 1.7 2.4 3.1 3.8 4.4 5.2 0 0 0.0393378 0.165091 0.202602 0.177887 0.2325 0.12252 0.0486442 0.0147725 0.00496294 0 0 0 0.0937932 0.10936 0.203818 0.177843 0.211512 0.13076 0.0406279 0.0224356 0.00697613 0 0 0
466.086 1.94202 252.196 170.173 1.00864 1.03557 0.3 0.6 1 1.1 1.7 2.5 3.3 4 4.3 5.2 0 0 0.0872842 0.163289 0.125335 0.192022 0.259943 0.126502 0.0423076 0.0014673 0.0104891 0 0 0 0.168312 0.036465 0.309749 0.0495996 0.258668 0.147833 0.0386263 0.0243569 0.00195697 0 0 0
1000.97 4.17069 450.163 368.14 1.01361 1.18439 0.2 0.6 1.1 1.3 1.8 2.4 3.3 4.3 5.3 5.2 0 0 0.0684125 0.226593 0.169816 0.129023 0.292087 0.0215788 0.105409 4.996e-16 0.000688005 0 0 0 0.0901318 0.200771 0.255765 0.0864383 0.201141 0.158229 0.104278 0.0486284 0.0390045 0 0 0
523.692 2.18205 282.379 200.356 1.01107 1.05921 0.1 0.3 0.9 1.2 1.7 2.4 3.2 3.7 5 5.2 0 0 0.0248107 0.134366 0.207415 0.216077 0.260869 0.0750148 0.0844736 0.000513524 0.00753222 0 0 0 9.57994e-11 0.170629 0.272726 0.134495 0.227959 0.144672 0.0448672 0.0358838 0.0279732 0 0 0
930.497 3.87707 431.256 349.233 1.00761 1.01733 0.3 0.6 0.9 1.2 1.6 2.4 3 3.8 4.6 5.2 0 0 0.147575 0.0518795 0.205129 0.0734954 0.374406 0.0430642 0.101662 0.0103934 1.33227e-15 0 0 0 0.169065 0.0137431 0.239169 0.131512 0.217526 0.160582 0.0297457 0.0559893 2.52576e-14 0 0 0
452.928 1.8872 244.779 162.757 1.00782 1.08301 0.3 0.7 1 1.2 1.7 2.4 3.2 4 4.9 5.2 0 0 0.0982761 0.225061 0.0590953 0.209833 0.222378 0.129232 0.0506656 0.0118623 0.00141215 0 0 0 0.167142 0.0751277 0.226578 0.11598 0.219257 0.148745 0.0639646 0.045789 0.0204304 0 0 0
489.583 2.03993 264.935 182.912 1.00743 1.17915 0.3 0.7 1.1 1.5 1.8 2.5 3.3 4.1 4.8 5.2 0 0 0.0996829 0.218677 0.223137 0.129133 0.163667 0.120688 0.0418276 0.00871624 0.00190382 0 0 0 0.152165 0.145263 0.27872 0.0462562 0.225161 0.136433 0.0983691 0.062263 0.0345231 0 0 0
496.981 2.07075 268.819 186.797 1.00745 1.07209 0.2 0.6 1 1.1 1.7 2.5 3.4 4 5.1 5.2 0 0 0.0530879 0.227735 2.09435e-06 0.294026 0.251632 0.133279 0.0404975 0.00556071 0.00163129 0 0 0 0.100266 0.170679 0.00777889 0.301227 0.227952 0.159386 0.0360961 0.0478801 0.0208236 0 0 0
471.975 1.96656 255.448 173.425 1.00853 0.963831 0.3 0.4 0.9 1 1.6 2.4 3.2 4 4.7 5.2 0 0 0.0279346 0.138616 0.2324 0.11369 0.291324 0.142037 0.0489047 0.0117226 0.0018998 0 0 0 0.172358 7.22367e-13 0.186875 0.159261 0.264159 0.143069 0.0238967 0.0142122 2.81442e-13 0 0 0
465.321 1.93884 251.771 169.748 1.00859 1.03389 0.3 0.6 1 1.1 1.7 2.5 3.3 3.9 4.3 5.2 0 0 0.0873162 0.16326 0.125291 0.192106 0.259913 0.126708 0.0422075 0.00118007 0.0106055 0 0 0 0.168251 0.0366163 0.307974 0.0511155 0.257622 0.146788 0.0364559 0.0208458 0.00822579 0 0 0
457.032 1.9043 247.116 165.093 1.00728 1.14812 0.3 0.4 0.9 1.1 1.6 2.3 3 3.9 4.9 5.2 0 0 0.0254403 0.142205 0.271603 0.0841072 0.271256 0.132156 0.0593817 0.0198626 0.00126452 0 0 0 0.165934 0.0118157 0.23101 0.132122 0.246093 0.162803 0.0923118 0.0773153 0.028711 0 0 0
465.321 1.93884 251.771 169.748 1.00859 1.03389 0.3 0.6 1 1.1 1.7 2.5 3.3 3.9 4.3 5.2 0 0 0.0873162 0.16326 0.125291 0.192106 0.259913 0.126708 0.0422075 0.00118007 0.0106055 0 0 0 0.168251 0.0366163 0.307974 0.0511155 0.257622 0.146788 0.0364559 0.0208458 0.00822579 0 0 0
446.736 1.8614 241.214 159.191 1.00667 0.979799 0.3 0.6 0.9 1 1.5 2.2 2.9 3.7 3.9 5.2 0 0 0.0952452 0.106673 0.250321 0.019424 0.293121 0.151128 0.0659576 0.0248055 3.78553e-08 0 0 0 0.170305 5.31569e-12 0.255863 0.0583484 0.251934 0.149832 0.0627717 0.0017639 0.0289812 0 0 0
1002.59 4.17744 450.582 368.559 1.01399 0.984845 0.2 0.7 0.7 1.2 1.5 2.2 2.9 3.8 4.1 5.2 0 0 0.0987671 0.0606134 0.13271 0.31918 0.143095 0.142985 0.0917501 7.09693e-12 0.0248895 0 0 0 0.0980487 0.152548 0.120926 0.160623 0.205036 0.177052 0.0506821 0.0199293 4.29635e-11 0 0 0
595.299 2.48041 315.572 233.549 1.00823 0.89068 0.2 0.4 0.9 1.1 1.6 2.1 3 3.4 4.6 5.2 0 0 0.0859919 0.088032 0.121408 0.247249 0.248548 0.110491 0.0765735 0.0299365 1.4874e-11 0 0 0 0.0631788 0.113705 0.271531 0.0598291 0.21669 0.104929 0.0516019 2.80484e-08 0.0092166 0 0 0
511.541 2.13142 276.298 194.275 1.01315 1.07441 0.2 0.5 1 1.4 1.8 2.4 3.2 4.3 5.2 5.2 0 0 0.104859 0.0837153 0.286692 0.187532 0.190951 0.0607058 0.0873283 5.33185e-13 0.011369 0 0 0 0.0749302 0.16005 0.281306 0.113621 0.204042 0.113625 0.0895137 0.0287551 0.00856197 0 0 0
524.293 2.18455 282.676 200.653 1.01107 1.06063 0.2 0.3 0.9 1.2 1.7 2.4 3.2 3.7 5 5.2 0 0 0.0494466 0.108258 0.210643 0.213702 0.261705 0.0747384 0.0844694 0.000593229 0.00751168 0 0 0 0 0.170625 0.272908 0.134412 0.228215 0.145111 0.0452313 0.0360524 0.0280743 0 0 0
442.51 1.84379 238.752 156.73 1.0084 0.992467 0.2 0.5 0.9 1.3 1.8 2.5 3.3 4 4.2 5.2 0 0 0.0399134 0.161366 0.227387 0.209581 0.200084 0.115451 0.0440553 4.6269e-09 0.0105598 0 0 0 0.0945945 0.105253 0.228127 0.207375 0.177493 0.126585 0.0302458 0.0227923 1.06247e-09 0 0 0
451.137 1.87974 243.753 161.73 1.00801 1.01249 0.2 0.4 0.8 1.1 1.6 2.3 3 3.8 4.4 5.2 0 0 0.0225595 0.124973 0.210101 0.175455 0.258719 0.136247 0.0578064 0.0182618 0.0038872 0 0 0 0.0855576 0.0748356 0.18776 0.18932 0.235059 0.142161 0.0579301 0.0292794 0.0105854 0 0 0
463.378 1.93074 250.687 168.664 1.00859 1.02272 0.2 0.5 0.7 1.2 1.5 2.2 2.9 3.8 4.7 5.2 0 0 0.0647242 1.32985e-11 0.309345 0.139666 0.244553 0.157768 0.0641747 0.0249936 0.00336269 0 0 0 0.107844 5.04113e-10 0.244036 0.194891 0.192683 0.169482 0.0727489 0.0410401 1.42844e-11 0 0 0
442.216 1.84257 238.58 156.557 1.00669 1.00821 0.3 0.4 0.9 1.3 1.6 2.3 3 3.7 3.9 5.2 0 0 0.0312161 0.131882 0.310913 0.0705218 0.247094 0.137952 0.0549703 0.0182499 0.00389459 0 0 0 0.170879 0.000210956 0.28663 0.111713 0.197041 0.152366 0.0554843 2.1562e-09 0.0338841 0 0 0
446.176 1.85907 240.889 158.866 1.00846 1.0156 0.3 0.6 1 1.5 1.7 2.4 3.2 4 4.6 5.2 0 0 0.089622 0.148262 0.282033 0.123686 0.167458 0.13347 0.0494105 0.0114593 0.00305378 0 0 0 0.163584 0.0493097 0.316139 0.114316 0.146476 0.150024 0.0462102 0.0295417 1.27743e-08 0 0 0
528.675 2.20281 284.831 202.808 1.01038 1.1741 0.2 0.4 1 1.3 1.7 2.4 3.2 3.9 5 5.2 0 0 0.0874899 0.0880125 0.309102 0.0976575 0.26226 0.0735297 0.0848455 6.16813e-11 0.00748096 0 0 0 0.0557841 0.148372 0.331085 0.0520755 0.228461 0.164696 0.0772906 0.0652755 0.051058 0 0 0
899.239 3.74683 422.406 340.383 1.00998 1.0338 0.2 0.4 1 1.1 1.6 2.5 3 4 4.7 5.2 0 0 0.0679385 0.0931077 0.329954 0.0713134 0.238723 0.161476 0.0203565 0.0271074 1.66533e-16 0 0 0 0.0503361 0.150699 0.331549 2.77556e-16 0.238966 0.173738 0.0055936 0.0829209 2.94209e-15 0 0 0
463.378 1.93074 250.687 168.664 1.00859 1.02273 0.2 0.5 0.7 1.2 1.5 2.2 2.9 3.8 4.7 5.2 0 0 0.0647241 7.773e-12 0.30935 0.139658 0.244555 0.15777 0.064178 0.0249904 0.00336533 0 0 0 0.107842 5.1454e-10 0.244043 0.194878 0.1927 0.169488 0.0727452 0.0410311 2.57259e-10 0 0 0
468.284 1.95118 253.415 171.392 1.00834 0.989382 0.2 0.4 0.9 1.2 1.7 2.5 3.3 3.9 4.2 5.2 0 0 0.00751674 0.165627 0.260388 0.140947 0.253105 0.12928 0.0405138 8.2028e-10 0.0109596 0 0 0 0.0702117 0.114086 0.233723 0.160624 0.221191 0.140492 0.0182284 0.0308268 5.85693e-12 0 0 0
455.177 1.89657 246.062 164.039 1.00793 1.05194 0.2 0.4 0.8 1 1.5 2.2 2.9 3.7 4.4 5.2 0 0 0.0287566 0.109989 0.224267 0.109991 0.290691 0.150848 0.0662041 0.0222846 0.00490216 0 0 0 0.089619 0.0658537 0.184863 0.141547 0.268339 0.158482 0.0795664 0.0427114 0.0209575 0 0 0
446.368 1.85987 241.001 158.978 1.00808 1.0188 0.3 0.7 1 1.2 1.7 2.4 3.1 3.8 4.4 5.2 0 0 0.0984142 0.22594 0.05364 0.215665 0.221158 0.126071 0.0468085 0.0165052 0.00387972 0 0 0 0.157501 0.0880358 0.285185 0.0186284 0.262818 0.114746 0.0577333 0.0182891 0.0158611 0 0 0
446.368 1.85987 241.001 158.978 1.00808 1.01879 0.3 0.7 1 1.2 1.7 2.4 3.1 3.8 4.4 5.2 0 0 0.0984142 0.22594 0.0536408 0.215664 0.221158 0.126072 0.0468081 0.016506 0.00387659 0 0 0 0.157501 0.088034 0.285186 0.0186272 0.262819 0.114745 0.0577282 0.0182875 0.0158592 0 0 0
469.414 1.95589 254.039 172.016 1.00736 1.06921 0.3 0.7 1 1.3 1.8 2.5 3.2 4.3 3.9 5.2 0 0 0.0990788 0.218406 0.106553 0.218754 0.194254 0.113953 0.0393888 1.10053e-11 0.0169697 0 0 0 0.158691 0.0892404 0.274066 0.0746362 0.258995 0.105121 0.0729001 0.0355565 7.98842e-11 0 0 0
1001.03 4.17094 450.179 368.156 1.01156 1.14758 0.2 0.5 1 1.1 1.7 2.5 3.2 3.9 5.1 5.2 0 0 0.0586071 0.178214 0.133421 0.155054 0.34639 0.0361408 0.0997923 1.05471e-15 0.00393819 0 0 0 0.0920722 0.134057 0.181794 0.170201 0.258298 0.161704 0.0494532 0.0539114 0.0460856 0 0 0
528.675 2.20281 284.831 202.808 1.01038 1.1741 0.2 0.4 1 1.3 1.7 2.4 3.2 3.9 5 5.2 0 0 0.0874899 0.0880125 0.309102 0.0976575 0.26226 0.0735297 0.0848455 6.16825e-11 0.00748096 0 0 0 0.0557841 0.148372 0.331085 0.0520755 0.228461 0.164696 0.0772906 0.0652755 0.051058 0 0 0
463.378 1.93074 250.687 168.664 1.00859 1.02273 0.2 0.5 0.7 1.2 1.5 2.2 2.9 3.8 4.7 5.2 0 0 0.0647241 7.7735e-12 0.30935 0.139658 0.244555 0.15777 0.064178 0.0249904 0.00336533 0 0 0 0.107842 5.14537e-10 0.244043 0.194878 0.1927 0.169488 0.0727452 0.0410311 2.57263e-10 0 0 0
443.033 1.84597 239.058 157.035 1.00678 1.00646 0.3 0.5 0.9 1.3 1.6 2.3 3 3.7 3.9 5.2 0 0 0.0793355 0.0983644 0.28702 0.0874224 0.23789 0.140143 0.054384 0.0175922 0.00462463 0 0 0 0.170948 0.000183215 0.285887 0.113013 0.195551 0.151888 0.0547878 7.10059e-11 0.0342037 0 0 0
524.437 2.18515 282.747 200.724 1.00741 1.13855 0.2 0.6 1.1 1.3 1.8 2.5 3.3 4.1 4.9 5.2 0 0 0.0514301 0.23599 0.237521 0.0995418 0.218338 0.111208 0.0439954 0.00938405 1.01677e-10 0 0 0 0.0887198 0.205973 0.228391 0.0902776 0.217965 0.123085 0.0810856 0.0638779 0.0391722 0 0 0
469.18 1.95492 253.91 171.887 1.00838 0.977834 0.2 0.4 0.9 1 1.6 2.4 3.2 4 4.6 5.2 0 0 0.0116692 0.157127 0.222251 0.122216 0.290906 0.142361 0.0482099 0.011285 0.0023572 0 0 0 0.0707435 0.114831 0.127816 0.206897 0.259184 0.145607 0.0307903 0.021966 1.31567e-12 0 0 0
467.865 1.94944 253.183 171.16 1.00853 0.979476 0.2 0.4 0.9 1.1 1.7 2.5 3.3 3.9 4.2 5.2 0 0 0.00378931 0.174883 0.202683 0.181185 0.267808 0.126274 0.0413679 1.5593e-09 0.0105417 0 0 0 0.0663994 0.124265 0.165509 0.209138 0.236197 0.132451 0.019787 0.0257302 2.0356e-09 0 0 0
531.232 2.21347 286.081 204.058 1.0081 1.10948 0.2 0.6 1.1 1.3 1.8 2.5 3.2 4 4.8 5.2 0 0 0.051554 0.23559 0.238708 0.0986292 0.217639 0.107891 0.0425461 0.0132503 0.00228742 0 0 0 0.0888845 0.205928 0.236555 0.0858364 0.22659 0.128798 0.0716281 0.0508682 0.014392 0 0 0
452.18 1.88408 244.351 162.328 1.0083 1.01159 0.2 0.5 0.7 1 1.6 2.3 3 3.7 4.4 5.2 0 0 0.0400426 0.158187 0.0348712 0.292252 0.267844 0.13413 0.0570566 0.0181771 0.00574128 0 0 0 0.0937818 0.105504 0.0313881 0.296976 0.247343 0.140848 0.0555821 0.0253745 0.0147914 0 0 0
544.336 2.26807 292.392 210.37 1.01332 0.957336 0.0001 0.5 0.7 1.2 1.4 2 3 3.5 5.2 5.2 0 0 0.0751935 0.0546352 0.175981 0.19019 0.223973 0.177255 0.0807852 0.0269599 0.00834392 0 0 0 0.0583235 0.104157 0.182803 0.205612 0.116335 0.209516 0.0805899 8.57758e-13 1.51432e-10 0 0 0
514.365 2.14319 277.724 195.701 1.00797 1.07009 0.3 0.4 0.9 1.2 1.7 2.5 3.3 4 4.2 5.2 0 0 0.0229559 0.146039 0.272285 0.129887 0.258041 0.12788 0.0392023 5.4734e-13 0.011678 0 0 0 0.137844 0.0489511 0.220852 0.180057 0.216279 0.163433 0.0435739 0.0591013 5.08494e-10 0 0 0
458.136 1.9089 247.741 165.718 1.00814 1.01879 0.2 0.4 0.7 1.1 1.6 2.3 3 3.8 4.5 5.2 0 0 0.0407265 0.0665005 0.213229 0.219672 0.24971 0.139181 0.0565134 0.0189097 0.00369775 0 0 0 0.10135 0.0239283 0.18826 0.230311 0.225676 0.144501 0.0577326 0.0350657 0.0119615 0 0 0
457.032 1.9043 247.116 165.093 1.00728 1.14812 0.3 0.4 0.9 1.1 1.6 2.3 3 3.9 4.9 5.2 0 0 0.0254403 0.142205 0.271603 0.0841072 0.271256 0.132156 0.0593817 0.0198626 0.00126452 0 0 0 0.165934 0.0118157 0.23101 0.132122 0.246093 0.162803 0.0923118 0.0773153 0.028711 0 0 0
470.44 1.96017 254.604 172.582 1.00771 1.10588 0.2 0.6 1.1 1.4 1.8 2.5 3.2 3.9 5 5.2 0 0 0.0516159 0.234808 0.260282 0.0911735 0.201416 0.11233 0.0388752 0.0159621 0.0012443 0 0 0 0.0966147 0.18827 0.254652 0.114155 0.17266 0.154348 0.0407197 0.0622346 0.0222251 0 0 0
740.244 3.08435 372.012 289.989 1.01206 0.913287 0.2 0.5 1 1.2 1.7 2.5 2.7 4 4.9 5.2 0 0 0.0869028 0.0933741 0.264587 0.174691 0.193061 0.111175 0.0566364 0.0316359 1.07636e-13 0 0 0 0.0810471 0.153592 0.206523 0.129412 0.21761 0.0954189 0.0131379 0.00843585 0.0081104 0 0 0
778.033 3.2418 384.908 302.885 1.01297 0.876726 0.2 0.4 0.9 1.1 1.6 2.4 2.8 4.1 4.8 5.2 0 0 0.0754298 0.0781247 0.168015 0.249161 0.225258 0.121479 0.0662088 0.0292902 3.22431e-12 0 0 0 0.0601849 0.133848 0.176179 0.151149 0.23465 0.105976 0.00925086 2.50333e-12 0.00548831 0 0 0
440.753 1.83647 237.722 155.699 1.00869 0.991235 0.2 0.6 1.1 1.3 1.7 2.4 3.1 3.8 4.6 5.2 0 0 0.0521547 0.232129 0.272712 0.0285002 0.231139 0.123468 0.0469617 0.0175491 0.00407973 0 0 0 0.0975383 0.183346 0.252901 0.0672591 0.188812 0.141848 0.0336297 0.0259005 1.31351e-08 0 0 0
508.559 2.119 274.784 192.761 1.00881 1.00363 0.3 0.7 1 1.2 1.8 2.6 3.4 4.3 4.9 5.2 0 0 0.0979896 0.233138 0.0135189 0.275722 0.228975 0.115444 0.0350597 0.00896209 2.03781e-13 0 0 0 0.156536 0.0987517 0.223942 0.106534 0.254034 0.105169 0.0393894 0.0192699 9.33142e-13 0 0 0
656.602 2.73584 340.958 258.935 1.00692 1.18824 0.3 0.8 1.1 1.4 2 2.7 3.4 4.3 5.2 5.2 0 0 0.110088 0.318225 7.73714e-13 0.286938 0.162339 0.0925054 0.0277357 0.00909226 4.52755e-09 0 0 0 0.153241 0.242335 0.0672527 0.228934 0.201815 0.113577 0.0907203 0.0743998 0.0159671 0 0 0
443.586 1.84828 239.381 157.359 1.0087 0.997426 0.3 0.5 0.9 1.3 1.7 2.4 3.1 3.8 4.6 5.2 0 0 0.0767411 0.106005 0.268128 0.149836 0.213648 0.12644 0.0459661 0.0177644 0.00417468 0 0 0 0.165362 0.0144646 0.262399 0.170107 0.179118 0.144945 0.034566 0.0264635 1.84588e-08 0 0 0
467.865 1.94944 253.183 171.16 1.00853 0.979432 0.2 0.4 0.9 1.1 1.7 2.5 3.3 3.9 4.2 5.2 0 0 0.00378915 0.174883 0.202681 0.181188 0.267807 0.126275 0.0413698 2.90124e-10 0.0105404 0 0 0 0.0663998 0.124264 0.165506 0.209141 0.23619 0.132439 0.0197674 0.0257237 1.44585e-09 0 0 0
447.381 1.86409 241.588 159.565 1.00767 1.08405 0.3 0.7 1 1.2 1.6 2.3 3 3.9 4.9 5.2 0 0 0.100347 0.207883 0.132203 0.103801 0.245397 0.139136 0.0573355 0.0202053 0.00136194 0 0 0 0.169807 0.0543093 0.30595 0.0067968 0.243417 0.153236 0.0767685 0.0578543 0.0159062 0 0 0
532.007 2.2167 286.459 204.436 1.00773 0.98269 0.1 0.5 1 1.1 1.7 2.3 3.1 3.4 4.5 5.2 0 0 0.0715719 0.143369 0.00417087 0.357415 0.264142 0.0706634 0.0717585 0.0246418 2.94986e-13 0 0 0 0.0566665 0.179071 0.243489 0.072494 0.247254 0.102736 0.0719616 5.88921e-09 0.00901772 0 0 0
740.244 3.08435 372.012 289.989 1.01206 0.913294 0.2 0.5 1 1.2 1.7 2.5 2.7 4 4.9 5.2 0 0 0.0869028 0.0933742 0.264587 0.17469 0.193061 0.111175 0.0566366 0.0316359 1.14573e-10 0 0 0 0.0810472 0.153592 0.206523 0.129412 0.21761 0.0954192 0.0131387 0.00843843 0.00811233 0 0 0
446.232 1.8593 240.922 158.899 1.00832 0.997094 0.2 0.5 0.9 1.2 1.7 2.4 3.1 3.8 4.4 5.2 0 0 0.0393378 0.165091 0.202602 0.177888 0.2325 0.122521 0.0486416 0.0147769 0.00495854 0 0 0 0.0937931 0.10936 0.203817 0.177842 0.211511 0.130759 0.0406198 0.022428 0.00696379 0 0 0
526.177 2.1924 283.605 201.582 1.01094 1.02558 0.2 0.3 0.9 1.2 1.7 2.4 3.2 3.6 5 5.2 0 0 0.0493483 0.108377 0.210791 0.213353 0.262384 0.0743858 0.0849564 0.000387156 0.00695859 0 0 0 1.06359e-13 0.170581 0.269647 0.135586 0.223439 0.137404 0.0330949 0.0314045 0.0244257 0 0 0
454.148 1.89228 245.476 163.453 1.00844 0.978842 0.1 0.6 1.1 1.2 1.7 2.4 3.1 3.8 4.5 5.2 0 0 0.0390264 0.258395 0.173431 0.11998 0.224121 0.126466 0.0467627 0.0160029 0.00425334 0 0 0 0.074902 0.219867 0.157973 0.139502 0.194376 0.132137 0.0323844 0.0239596 0.00374247 0 0 0
777.408 3.2392 384.699 302.677 1.01194 1.11139 0.3 0.9 1.1 1.4 1.8 2.6 3.5 4 4.8 5.2 0 0 0.154332 0.134626 0.293828 0.0764701 0.168033 0.15167 6.43929e-15 0.0329848 1.34448e-13 0 0 0 0.172728 0.294215 0.00058942 0.194296 0.180185 0.158881 0.0487888 0.0353834 0.0263235 0 0 0
446.736 1.8614 241.214 159.191 1.00668 0.979795 0.3 0.6 0.9 1 1.5 2.2 2.9 3.7 3.9 5.2 0 0 0.0952457 0.106671 0.25033 0.0194153 0.293122 0.151127 0.0659596 0.0248054 4.90528e-10 0 0 0 0.170305 5.51559e-13 0.255863 0.0583481 0.251934 0.149829 0.0627703 0.00175802 0.0289873 0 0 0
471.975 1.96656 255.448 173.425 1.00853 0.963831 0.3 0.4 0.9 1 1.6 2.4 3.2 4 4.7 5.2 0 0 0.0279346 0.138616 0.2324 0.11369 0.291324 0.142037 0.0489047 0.0117226 0.0018998 0 0 0 0.172358 7.22422e-13 0.186875 0.159261 0.264159 0.143069 0.0238967 0.0142122 2.81386e-13 0 0 0
446.176 1.85907 240.889 158.866 1.00845 1.01564 0.3 0.6 1 1.5 1.7 2.4 3.2 4 4.6 5.2 0 0 0.0896224 0.148261 0.282034 0.12369 0.167452 0.133472 0.0494068 0.0114608 0.003055 0 0 0 0.163585 0.0493057 0.316144 0.114317 0.146472 0.150036 0.0462194 0.0295567 2.11448e-08 0 0 0
518.159 2.159 279.628 197.605 1.00731 1.3192 0.3 0.7 1.1 1.4 1.8 2.5 3.2 4 4.8 5.2 0 0 0.0987831 0.225663 0.189694 0.137652 0.184064 0.115021 0.0406571 0.0113756 0.00440141 0 0 0 0.155053 0.135014 0.311147 0.00330525 0.273452 0.147292 0.131051 0.106751 0.0561388 0 0 0
508.559 2.119 274.784 192.761 1.00881 1.00359 0.3 0.7 1 1.2 1.8 2.6 3.4 4.3 4.4 5.2 0 0 0.0979915 0.233127 0.013546 0.2757 0.228982 0.115443 0.0350586 0.00896132 9.05817e-09 0 0 0 0.156536 0.098746 0.223949 0.106524 0.254026 0.105157 0.0393839 0.0192707 2.28721e-09 0 0 0
471.975 1.96656 255.448 173.425 1.00853 0.963835 0.3 0.4 0.9 1 1.6 2.4 3.2 4 4.7 5.2 0 0 0.0279344 0.138617 0.232399 0.11369 0.291324 0.142037 0.0489047 0.0117226 0.00189976 0 0 0 0.172358 6.14564e-13 0.186876 0.15926 0.26416 0.14307 0.0238978 0.0142128 3.19245e-13 0 0 0
508.559 2.119 274.784 192.761 1.00881 1.00359 0.3 0.7 1 1.2 1.8 2.6 3.4 4.3 4.4 5.2 0 0 0.0979915 0.233127 0.013546 0.2757 0.228982 0.115443 0.0350586 0.00896132 9.05816e-09 0 0 0 0.156536 0.098746 0.223949 0.106524 0.254026 0.105157 0.0393839 0.0192707 2.28721e-09 0 0 0
482.7 2.01125 261.268 179.245 1.00792 1.03271 0.1 0.6 1 1.1 1.6 2.3 3 3.8 4.5 5.2 0 0 0.0398605 0.251348 0.0296446 0.223357 0.244603 0.141203 0.0558086 0.0186932 0.00339687 0 0 0 0.0758272 0.213115 0.00736318 0.252317 0.216463 0.146337 0.0604996 0.0433451 0.0174473 0 0 0
500.475 2.08531 270.634 188.611 1.0073 1.22178 0.3 0.6 1 1.2 1.7 2.4 3.2 4 4.9 5.2 0 0 0.0861726 0.162173 0.214653 0.115105 0.240831 0.123239 0.0518146 0.0120013 0.00131065 0 0 0 0.163273 0.0527572 0.298954 0.0668704 0.240121 0.171528 0.0987145 0.0834939 0.0460655 0 0 0
483.896 2.01623 261.909 179.886 1.00914 0.963054 0.3 0.7 1 1.2 1.7 2.5 3.4 3.8 4.4 5.2 0 0 0.101625 0.199626 0.132972 0.140606 0.252274 0.131745 0.0428388 6.6802e-10 0.00745517 0 0 0 0.170189 0.0473305 0.298253 0.0482065 0.237844 0.130358 0.0117776 0.019096 8.1848e-11 0 0 0
483.896 2.01623 261.909 179.886 1.00915 0.963047 0.3 0.7 1 1.2 1.7 2.5 3.4 3.8 4.4 5.2 0 0 0.101625 0.199626 0.132972 0.140606 0.252273 0.131746 0.0428378 1.17205e-09 0.00745855 0 0 0 0.170189 0.0473307 0.298253 0.0482065 0.237843 0.130358 0.0117757 0.0190915 3.03984e-10 0 0 0
593.595 2.47331 314.83 232.807 1.00819 1.20662 0.2 0.6 1 1.4 2 2.6 3.3 4 4.9 5.2 0 0 0.0532459 0.221309 0.186476 0.245824 0.165327 0.0841066 0.0377614 0.0102537 0.00388943 0 0 0 0.102287 0.161819 0.20828 0.240879 0.169623 0.128436 0.0730002 0.0822468 0.0400488 0 0 0
525.945 2.19144 283.491 201.468 1.00781 1.21225 0.2 0.6 1.1 1.3 1.8 2.5 3.3 4 5 5.2 0 0 0.0512205 0.237343 0.231154 0.106518 0.214627 0.113161 0.040423 0.0115889 0.0017711 0 0 0 0.0979477 0.186794 0.23444 0.122967 0.198037 0.171192 0.0806098 0.0822272 0.0380318 0 0 0
457.349 1.90562 247.295 165.272 1.00668 1.00684 0.2 0.5 0.7 1.2 1.5 2.2 2.9 3.7 3.9 5.2 0 0 0.0645666 1.49754e-11 0.309461 0.140497 0.24459 0.158359 0.0635136 0.0248738 0.000823827 0 0 0 0.107652 6.32048e-10 0.242876 0.19698 0.187576 0.165879 0.067047 0.00518979 0.0336404 0 0 0
789.923 3.29134 388.836 306.813 1.01152 0.89256 0.2 0.6 1.1 1.3 1.7 2.5 2.6 4 4.9 5.2 0 0 0.0944109 0.123632 0.391887 0.006171 0.198103 0.0697239 0.0965966 0.0309952 4.50917e-13 0 0 0 0.0952924 0.185528 0.22043 0.0786025 0.178726 0.0944551 1.95094e-11 0.0213099 0.0182161 0 0 0
453.457 1.8894 245.081 163.059 1.0083 1.01159 0.2 0.5 0.9 1 1.6 2.3 3 3.7 4.4 5.2 0 0 0.0382703 0.171989 0.0551455 0.258735 0.269419 0.133609 0.0572995 0.0180623 0.00577316 0 0 0 0.0921955 0.1178 0.0506531 0.265799 0.248789 0.140258 0.0557629 0.0252336 0.0150951 0 0 0
489.152 2.03813 264.707 182.684 1.00832 1.04022 0.3 0.7 1 1.5 2 2.5 3.3 4.1 4.3 5.2 0 0 0.100521 0.197468 0.189438 0.258173 0.102938 0.102611 0.0470465 0.000170991 0.00995632 0 0 0 0.164694 0.0725609 0.279544 0.204523 0.119478 0.117129 0.0512944 0.0309946 6.32661e-13 0 0 0
730.801 3.045 368.687 286.664 1.0106 1.28778 0.2 0.5 1 1.3 1.8 2.6 3.3 4 4.9 5.2 0 0 0.0872532 0.0916655 0.297316 0.188054 0.161811 0.152196 1.4605e-13 0.0323075 2.30996e-11 0 0 0 0.0828696 0.156357 0.235975 0.161798 0.237064 0.176113 0.0820698 0.0962718 0.0592649 0 0 0
865.204 3.60502 412.412 330.39 1.01036 1.03214 0.2 0.7 1.1 1.3 1.9 2.3 2.9 4 3.9 5.2 0 0 0.0729285 0.255025 0.176163 0.134008 0.243844 0.00627662 0.100823 0.0212932 8.93284e-11 0 0 0 0.109538 0.23961 0.0404728 0.298739 0.125772 0.114379 0.069943 0.00836258 0.0253202 0 0 0
816.876 3.40365 397.526 315.503 1.01125 0.898093 0.2 0.6 1.1 1.4 1.7 2.5 2.6 4 4.9 5.2 0 0 0.0944656 0.123496 0.394051 0.00446177 0.19842 0.0684933 0.0981192 0.029747 1.44329e-15 0 0 0 0.095121 0.183695 0.23714 0.0726687 0.160588 0.0907616 3.39173e-14 0.0306414 0.0274776 0 0 0
443.033 1.84597 239.058 157.035 1.00678 1.00645 0.3 0.5 0.9 1.3 1.6 2.3 3 3.7 3.9 5.2 0 0 0.0793365 0.098362 0.287023 0.0874184 0.237894 0.140142 0.0543834 0.017594 0.00462256 0 0 0 0.170948 0.000184306 0.285886 0.113014 0.19555 0.151888 0.0547826 1.78135e-08 0.0341936 0 0 0
497.004 2.07085 268.832 186.809 1.00689 1.27688 0.3 0.5 1 1.4 1.7 2.5 3.3 4 5 5.2 0 0 0.0662719 0.140932 0.333578 0.0307907 0.257881 0.127627 0.0383003 0.0103689 0.00114203 0 0 0 0.150677 0.0587843 0.324536 0.0685427 0.225694 0.194256 0.0774159 0.114048 0.0629234 0 0 0
470.757 1.96149 254.779 172.756 1.00748 1.05699 0.3 0.4 0.9 1.1 1.7 2.5 3.3 4 5.2 5.2 0 0 0.00961896 0.168032 0.205305 0.179689 0.267643 0.127011 0.0395092 0.0106678 6.5889e-11 0 0 0 0.161819 0.0174574 0.195729 0.192435 0.243943 0.147871 0.0327641 0.0464836 0.01849 0 0 0
446.736 1.8614 241.214 159.191 1.00667 0.979798 0.3 0.6 0.9 1 1.5 2.2 2.9 3.7 3.9 5.2 0 0 0.0952454 0.106672 0.250326 0.0194192 0.293122 0.151126 0.0659599 0.0248047 1.79978e-09 0 0 0 0.170305 4.12398e-12 0.255864 0.0583464 0.251935 0.149831 0.0627724 0.00176218 0.0289839 0 0 0
470.757 1.96149 254.779 172.756 1.00748 1.05699 0.3 0.4 0.9 1.1 1.7 2.5 3.3 4 5.2 5.2 0 0 0.00961896 0.168032 0.205305 0.179689 0.267643 0.127011 0.0395092 0.0106678 6.5889e-11 0 0 0 0.161819 0.0174574 0.195729 0.192435 0.243943 0.147871 0.0327641 0.0464836 0.01849 0 0 0
520.141 2.16725 280.616 198.593 1.00829 0.934903 0.3 0.6 1 1.1 1.7 2.4 3.1 3.9 4.1 5.2 0 0 0.0854551 0.167205 0.117189 0.200262 0.251561 0.115449 0.0540993 0.014206 0.00286466 0 0 0 0.160933 0.0440899 0.349585 2.93841e-11 0.245149 0.112767 0.0223792 2.19051e-11 1.02623e-12 0 0 0
472.762 1.96984 255.88 173.857 1.00838 1.0051 0.2 0.6 1 1.1 1.7 2.4 3.1 3.8 4.4 5.2 0 0 0.0527524 0.228753 5.17497e-11 0.294273 0.243477 0.119908 0.0490923 0.0152093 0.00491896 0 0 0 0.101177 0.16422 0.0534061 0.256139 0.226248 0.129651 0.0446576 0.0225291 0.00707614 0 0 0
957.192 3.9883 438.582 356.559 1.01628 1.06468 0.2 0.6 1.1 1.4 1.8 2.5 3.3 4 5 5.2 0 0 0.0699272 0.221967 0.204816 0.112656 0.272427 0.0290187 0.0993061 2.60847e-12 0.00616051 0 0 0 0.0990301 0.186307 0.240989 0.132013 0.164409 0.135922 0.0463154 0.0245532 0.0351452 0 0 0
467.865 1.94944 253.183 171.16 1.00853 0.979432 0.2 0.4 0.9 1.1 1.7 2.5 3.3 3.9 4.2 5.2 0 0 0.00378915 0.174883 0.202681 0.181188 0.267807 0.126275 0.0413698 2.90047e-10 0.0105404 0 0 0 0.0663998 0.124264 0.165506 0.209141 0.23619 0.132439 0.0197674 0.0257237 1.44582e-09 0 0 0
453.79 1.89079 245.272 163.249 1.00796 1.00383 0.2 0.6 1 1.1 1.6 2.3 3 3.7 4.3 5.2 0 0 0.0541035 0.218074 0.124766 0.139303 0.25438 0.138211 0.055716 0.0180007 0.00540587 0 0 0 0.102855 0.151448 0.185015 0.0961245 0.2363 0.141747 0.0532352 0.02304 0.0140702 0 0 0
556.133 2.31722 297.945 215.922 1.0137 1.01344 0.2 0.6 1.1 1.4 1.8 2.5 3.3 3.8 5.1 5.2 0 0 0.110082 0.120513 0.309921 0.100122 0.222068 0.0627756 0.0805779 2.14828e-14 0.00763823 0 0 0 0.0964861 0.187559 0.241684 0.126099 0.152114 0.131935 0.0207139 0.0318154 0.0250343 0 0 0
475.122 1.97968 257.17 175.147 1.00828 1.08113 0.3 0.6 1 1.3 1.7 2.4 3.2 4.1 4.2 5.2 0 0 0.0873522 0.157332 0.249232 0.0949461 0.227819 0.125411 0.0526066 0.00170208 0.0118777 0 0 0 0.163334 0.0525305 0.30507 0.0677021 0.221562 0.153122 0.0753431 0.0424711 3.93867e-10 0 0 0
471.975 1.96656 255.448 173.425 1.00853 0.963835 0.3 0.4 0.9 1 1.6 2.4 3.2 4 4.7 5.2 0 0 0.0279344 0.138617 0.232399 0.11369 0.291324 0.142037 0.0489047 0.0117226 0.00189979 0 0 0 0.172358 6.2722e-13 0.186876 0.15926 0.26416 0.14307 0.023898 0.0142129 3.0731e-13 0 0 0
446.185 1.85911 240.895 158.872 1.00666 0.982404 0.3 0.7 0.9 1 1.5 2.2 2.9 3.7 3.9 5.2 0 0 0.100992 0.187457 0.0562923 0.131399 0.2878 0.152321 0.0655107 0.0248932 8.36664e-13 0 0 0 0.170428 3.94784e-12 0.254787 0.0595825 0.252144 0.150393 0.0634844 0.00287947 0.0287048 0 0 0
482.7 2.01125 261.268 179.245 1.00791 1.03271 0.1 0.6 1 1.1 1.6 2.3 3 3.8 4.5 5.2 0 0 0.0398606 0.251349 0.0296377 0.223363 0.244602 0.141204 0.0558085 0.0186893 0.00339805 0 0 0 0.0758272 0.213115 0.00736123 0.252319 0.216461 0.146333 0.0604983 0.043346 0.0174462 0 0 0
471.975 1.96656 255.448 173.425 1.00853 0.963831 0.3 0.4 0.9 1 1.6 2.4 3.2 4 4.7 5.2 0 0 0.0279346 0.138616 0.2324 0.11369 0.291324 0.142037 0.0489047 0.0117226 0.0018998 0 0 0 0.172358 7.22367e-13 0.186875 0.159261 0.264159 0.143069 0.0238967 0.0142122 2.81442e-13 0 0 0
443.543 1.84809 239.356 157.333 1.00761 1.0929 0.3 0.7 0.9 1.1 1.6 2.3 3 3.9 4.9 5.2 0 0 0.0996412 0.216262 0.0123838 0.210427 0.251656 0.138139 0.0575993 0.0201441 0.00136068 0 0 0 0.171211 0.023179 0.196162 0.151565 0.237479 0.155907 0.0785984 0.0614655 0.0173352 0 0 0
466.951 1.94563 252.677 170.654 1.00838 1.06276 0.3 0.6 1 1.4 1.7 2.4 3.1 3.9 4.7 5.2 0 0 0.0889061 0.151234 0.271939 0.0931042 0.209871 0.124774 0.0493896 0.0149996 0.00416088 0 0 0 0.148948 0.0806866 0.300392 0.0505503 0.227321 0.137446 0.0629198 0.0440425 0.0104534 0 0 0
543.947 2.26645 292.207 210.184 1.00824 1.10505 0.3 0.7 1.1 1.2 1.7 2.5 3.3 4 4.3 5.2 0 0 0.100091 0.215711 0.207954 0.0492601 0.254012 0.127821 0.040557 0.00217718 0.0106578 0 0 0 0.161386 0.117144 0.309671 4.52705e-12 0.239774 0.17921 0.0450975 0.0527692 3.60294e-10 0 0 0
486.154 2.02564 263.115 181.092 1.00733 1.17907 0.3 0.7 1.1 1.4 1.8 2.5 3.3 4.2 4.9 5.2 0 0 0.0987377 0.224969 0.193065 0.132845 0.187163 0.117362 0.043548 0.00879408 0.000848236 0 0 0 0.152091 0.146173 0.271491 0.0402552 0.239353 0.128642 0.102457 0.0664865 0.0321228 0 0 0
465.347 1.93895 251.785 169.762 1.00876 1.03153 0.3 0.5 1 1.4 1.7 2.5 3.3 4 4.3 5.2 0 0 0.0663712 0.141028 0.332336 0.0326999 0.255682 0.126595 0.0421714 0.00110898 0.0107667 0 0 0 0.163853 0.030811 0.360843 0.0108388 0.255036 0.146776 0.0372577 0.0261096 1.09231e-08 0 0 0
443.543 1.84809 239.356 157.333 1.00761 1.0929 0.3 0.7 0.9 1.1 1.6 2.3 3 3.9 4.9 5.2 0 0 0.0996412 0.216262 0.0123838 0.210427 0.251656 0.138139 0.0575993 0.0201441 0.00136068 0 0 0 0.171211 0.023179 0.196162 0.151565 0.237479 0.155907 0.0785984 0.0614655 0.0173352 0 0 0
446.368 1.85987 241.001 158.978 1.00808 1.0188 0.3 0.7 1 1.2 1.7 2.4 3.1 3.8 4.4 5.2 0 0 0.0984142 0.22594 0.05364 0.215665 0.221158 0.126071 0.0468085 0.0165052 0.00387972 0 0 0 0.157501 0.0880358 0.285185 0.0186284 0.262818 0.114746 0.0577333 0.0182891 0.0158611 0 0 0
463.741 1.93225 250.89 168.867 1.00832 0.989024 0.3 0.4 0.9 1.2 1.7 2.5 3.3 3.9 4.2 5.2 0 0 0.0186958 0.153046 0.263271 0.138972 0.253639 0.129002 0.0407683 2.30414e-09 0.0109287 0 0 0 0.171496 0.0010146 0.257782 0.145074 0.226966 0.139166 0.019327 0.0281992 1.56706e-09 0 0 0
533.779 2.22408 287.32 205.297 1.00906 1.03187 0.1 0.5 0.7 0.9 1.4 2.2 3 3.9 4.8 5.2 0 0 0.0472037 0.0205177 0.313017 0.0151001 0.349373 0.17848 0.0632525 0.0189704 0.0031492 0 0 0 0.0714651 0.103325 0.0916087 0.151507 0.309542 0.181642 0.0709449 0.045063 0.00677603 0 0 0
503.091 2.09621 271.984 189.961 1.0089 0.984068 0.3 0.6 1 1.4 1.7 2.4 3.2 4 4.8 5.2 0 0 0.08791 0.153112 0.269894 0.0934392 0.209464 0.127007 0.0528611 0.0141326 0.0010754 0 0 0 0.161735 0.0449432 0.35401 2.56239e-13 0.255787 0.130768 0.0368246 7.8515e-13 2.47136e-13 0 0 0
469.083 1.95451 253.857 171.834 1.00861 0.978395 0.2 0.4 0.9 1.1 1.7 2.5 3.4 3.9 4.3 5.2 0 0 0.00373139 0.174623 0.203419 0.180908 0.267102 0.129191 0.0422414 3.83313e-11 0.00739863 0 0 0 0.0661754 0.124675 0.164271 0.210689 0.234547 0.13465 0.0208165 0.0225712 4.46854e-11 0 0 0
488.745 2.03644 264.491 182.468 1.00808 0.998565 0.3 0.7 1 1.5 1.7 2.4 3.2 3.9 4.4 5.2 0 0 0.102508 0.188106 0.207152 0.181931 0.127123 0.139534 0.0476134 0.0104086 0.00370519 0 0 0 0.157423 0.0870853 0.292602 0.0190634 0.250507 0.11085 0.0573442 0.000343328 0.0233467 0 0 0
443.543 1.84809 239.356 157.333 1.00761 1.09289 0.3 0.7 0.9 1.1 1.6 2.3 3 3.9 4.9 5.2 0 0 0.0996409 0.216264 0.0123811 0.210428 0.251657 0.138139 0.0576004 0.0201435 0.00135894 0 0 0 0.17121 0.0231791 0.196161 0.151564 0.237478 0.155904 0.0785973 0.0614635 0.0173334 0 0 0
467.688 1.9487 253.085 171.062 1.00752 1.15731 0.3 0.6 1 1.3 1.7 2.4 3.2 4 4.9 5.2 0 0 0.087425 0.15705 0.249816 0.0950877 0.227098 0.126771 0.0510123 0.0118733 0.00138226 0 0 0 0.164731 0.0487123 0.312772 0.0619455 0.225107 0.160701 0.0828954 0.0658923 0.0345495 0 0 0
471.975 1.96656 255.448 173.425 1.00853 0.963831 0.3 0.4 0.9 1 1.6 2.4 3.2 4 4.7 5.2 0 0 0.0279346 0.138616 0.2324 0.11369 0.291324 0.142037 0.0489047 0.0117226 0.0018998 0 0 0 0.172358 7.22311e-13 0.186875 0.159261 0.264159 0.143069 0.0238967 0.0142122 2.81442e-13 0 0 0
659.679 2.74866 342.169 260.146 1.00941 1.11022 0.3 0.8 1.2 1.3 1.7 2.4 3.1 3.9 4.6 5.2 0 0 0.11027 0.31328 3.43428e-11 0.182327 0.208594 0.123335 0.0500108 0.0124625 0.00913395 0 0 0 0.157221 0.226686 0.204874 2.51437e-09 0.22424 0.15464 0.0765042 0.0590029 0.00705294 0 0 0
443.82 1.84925 239.518 157.495 1.00758 1.10299 0.3 0.6 0.9 1.2 1.6 2.3 3 3.9 4.9 5.2 0 0 0.0936351 0.119833 0.215795 0.113986 0.24684 0.138522 0.0573904 0.0201702 0.00140889 0 0 0 0.172146 0.00218868 0.267927 0.109802 0.226432 0.15956 0.0804417 0.0657832 0.0187127 0 0 0
922.213 3.84255 428.939 346.916 1.01136 1.13911 0.2 0.6 1 1.2 1.7 2.5 3.1 3.8 5.2 5.2 0 0 0.0806847 0.210552 0.0360998 0.229904 0.31102 0.0316795 0.102714 2.2593e-13 0.0087075 0 0 0 0.102767 0.1646 0.146223 0.187318 0.222781 0.177715 0.021041 0.0709106 0.0457549 0 0 0
865.753 3.6073 412.577 330.554 1.01432 1.02235 0.2 0.6 1 1.3 1.7 2.4 2.9 3.7 5.2 5.2 0 0 0.0868771 0.193073 0.0973093 0.21448 0.272082 0.00877543 0.114039 0.0149368 0.0127486 0 0 0 0.0997685 0.169917 0.158902 0.202139 0.144351 0.151041 0.0229639 0.053386 0.0198823 0 0 0
466.457 1.94357 252.402 170.379 1.00862 1.02903 0.3 0.7 0.9 1.4 1.5 2.2 3 3.7 4.5 5.2 0 0 0.102205 0.159586 0.188366 0.0811555 0.229431 0.157773 0.0687784 0.0136213 0.00770285 0 0 0 0.166426 7.19869e-13 0.313889 0.0351701 0.221023 0.180076 0.062057 0.0351983 0.0151868 0 0 0
554.751 2.31146 297.301 215.278 1.00923 0.931322 0.2 0.5 0.8 0.9 1.4 2 3 3.5 4.9 5.2 0 0 0.112689 0.0452746 0.0343477 0.214682 0.322322 0.168765 0.0840514 0.0255822 0.00151851 0 0 0 0.0824055 0.123438 3.10633e-10 0.241746 0.221884 0.182773 0.067272 5.35602e-11 0.0118036 0 0 0
489.152 2.03813 264.707 182.684 1.00832 1.04022 0.3 0.7 1 1.5 2 2.5 3.3 4.1 4.3 5.2 0 0 0.100521 0.197468 0.189438 0.258173 0.102938 0.102611 0.0470465 0.000170991 0.00995632 0 0 0 0.164694 0.0725609 0.279544 0.204523 0.119478 0.117129 0.0512944 0.0309946 6.32716e-13 0 0 0
453.93 1.89137 245.352 163.329 1.00854 1.01195 0.3 0.7 1 1.3 1.7 2.4 3.2 4 4.6 5.2 0 0 0.0998657 0.209355 0.139667 0.157718 0.205454 0.132137 0.0499053 0.011206 0.00323658 0 0 0 0.166757 0.0729441 0.254258 0.1031 0.198296 0.14388 0.0470862 0.0256333 8.69851e-11 0 0 0
454.766 1.89486 245.828 163.805 1.0083 1.02135 0.3 0.4 0.9 1 1.6 2.3 2.9 3.5 4.3 5.2 0 0 0.0174782 0.154824 0.187093 0.159649 0.276588 0.127333 0.0505305 0.0269301 0.0078709 0 0 0 0.172493 5.92526e-13 0.187438 0.162215 0.257864 0.136558 0.0520564 0.0316469 0.0210825 0 0 0
674.683 2.81118 347.993 265.97 1.00736 1.23104 0.3 0.8 1.1 1.4 1.9 2.7 3.5 4.3 5.1 5.2 0 0 0.110573 0.310521 0.0257748 0.242104 0.174671 0.110178 0.0260579 0.00748285 4.86816e-10 0 0 0 0.160652 0.186528 0.204891 0.092546 0.251776 0.139024 0.0914763 0.0743418 0.0298094 0 0 0
1046.07 4.35861 461.578 379.555 1.01404 0.998276 0.2 0.5 1 1.1 1.7 2.4 3.2 4 4.9 5.2 0 0 0.057212 0.179576 0.143818 0.142945 0.346254 0.0334247 0.104544 4.38671e-12 0.00626592 0 0 0 0.0769086 0.148472 0.310401 0.0174825 0.261301 0.127141 0.0565691 3.39334e-10 2.90844e-09 0 0 0
534.488 2.22703 287.663 205.64 1.012 1.11701 0.2 0.5 1 1.4 1.8 2.5 3.2 4 5.1 5.2 0 0 0.105731 0.0826715 0.286882 0.186428 0.197707 0.062542 0.0794107 4.04932e-12 0.0106253 0 0 0 0.0762757 0.159045 0.273268 0.126634 0.202337 0.126124 0.0740273 0.0527605 0.0265415 0 0 0
469.414 1.95589 254.039 172.016 1.00735 1.06921 0.3 0.7 1 1.3 1.8 2.5 3.2 4.3 3.9 5.2 0 0 0.0990789 0.218406 0.106552 0.218754 0.194254 0.113953 0.0393888 4.13582e-10 0.016968 0 0 0 0.158691 0.0892406 0.274065 0.0746356 0.258994 0.105121 0.072901 0.0355564 3.30536e-12 0 0 0
466.086 1.94202 252.196 170.173 1.00864 1.03556 0.3 0.6 1 1.1 1.7 2.5 3.3 4 4.3 5.2 0 0 0.087284 0.163289 0.125332 0.192025 0.259942 0.126501 0.0423096 0.00146705 0.0104873 0 0 0 0.168312 0.0364657 0.309747 0.0496006 0.258668 0.147831 0.0386259 0.0243561 0.00195753 0 0 0
463.741 1.93225 250.89 168.867 1.00832 0.989031 0.3 0.4 0.9 1.2 1.7 2.5 3.3 3.9 4.2 5.2 0 0 0.0186957 0.153047 0.263271 0.138972 0.253639 0.129001 0.0407679 8.64437e-10 0.0109288 0 0 0 0.171495 0.00101577 0.257783 0.145074 0.226967 0.139168 0.0193274 0.0282016 1.33147e-10 0 0 0
453.93 1.89137 245.352 163.329 1.00855 1.01209 0.3 0.7 1 1.3 1.7 2.4 3.2 4 4.6 5.2 0 0 0.0998658 0.209354 0.139672 0.157707 0.20546 0.132135 0.0499043 0.0112046 0.00324185 0 0 0 0.166757 0.0729484 0.254264 0.103097 0.198317 0.143912 0.0471301 0.0256604 1.26283e-07 0 0 0
443.543 1.84809 239.356 157.333 1.00761 1.0929 0.3 0.7 0.9 1.1 1.6 2.3 3 3.9 4.9 5.2 0 0 0.0996412 0.216262 0.0123838 0.210427 0.251656 0.138139 0.0575993 0.0201441 0.00136068 0 0 0 0.171211 0.023179 0.196162 0.151565 0.237479 0.155907 0.0785984 0.0614655 0.0173351 0 0 0
470.44 1.96017 254.604 172.582 1.00771 1.10588 0.2 0.6 1.1 1.4 1.8 2.5 3.2 3.9 5 5.2 0 0 0.0516159 0.234808 0.260282 0.0911735 0.201416 0.11233 0.0388752 0.0159621 0.0012443 0 0 0 0.0966147 0.18827 0.254652 0.114155 0.17266 0.154348 0.0407197 0.0622346 0.0222251 0 0 0
530.404 2.21001 285.677 203.654 1.01315 1.0604 0.2 0.4 1 1.1 1.7 2.4 3.2 4 5.2 5.2 0 0 0.082262 0.099121 0.173104 0.209539 0.283743 0.0682193 0.0849231 1.30834e-12 0.0122389 0 0 0 0.0399455 0.169562 0.337698 0.00758272 0.267714 0.132686 0.0858677 0.0193444 2.62495e-10 0 0 0
849.942 3.54143 407.803 325.78 1.01476 1.05171 0.3 0.9 1.1 1.5 1.8 2.5 3.3 3.9 5.1 5.2 0 0 0.174336 0.0966427 0.282135 0.106394 0.199075 0.0675288 0.0802972 2.32592e-14 0.00834696 0 0 0 0.175392 0.225807 0.145553 0.11383 0.170293 0.134161 0.0394623 0.022275 0.0249355 0 0 0
463.378 1.93074 250.687 168.664 1.00859 1.02272 0.2 0.5 0.7 1.2 1.5 2.2 2.9 3.8 4.7 5.2 0 0 0.0647242 1.32422e-11 0.309345 0.139666 0.244553 0.157768 0.0641747 0.0249936 0.00336269 0 0 0 0.107844 5.04027e-10 0.244036 0.194891 0.192683 0.169482 0.0727489 0.0410401 1.43451e-11 0 0 0
486.154 2.02564 263.115 181.092 1.00733 1.17907 0.3 0.7 1.1 1.4 1.8 2.5 3.3 4.2 4.9 5.2 0 0 0.0987377 0.224969 0.193065 0.132845 0.187163 0.117362 0.043548 0.00879408 0.000848234 0 0 0 0.152091 0.146173 0.271491 0.0402552 0.239353 0.128642 0.102457 0.0664865 0.0321228 0 0 0
457.032 1.9043 247.116 165.093 1.00728 1.14812 0.3 0.4 0.9 1.1 1.6 2.3 3 3.9 4.9 5.2 0 0 0.0254403 0.142205 0.271603 0.0841072 0.271256 0.132156 0.0593817 0.0198626 0.00126452 0 0 0 0.165934 0.0118157 0.23101 0.132122 0.246093 0.162803 0.0923118 0.0773153 0.028711 0 0 0
520.141 2.16725 280.616 198.593 1.00829 0.934945 0.3 0.6 1 1.1 1.7 2.4 3.1 3.9 4.1 5.2 0 0 0.0854553 0.167206 0.117184 0.200267 0.251561 0.115447 0.0541027 0.0141864 0.00288225 0 0 0 0.160933 0.0440901 0.349588 1.21737e-11 0.245154 0.11278 0.0223904 9.77231e-06 1.01015e-11 0 0 0
715.966 2.98319 363.375 281.352 1.01149 1.07641 0.2 0.6 1.1 1.6 1.8 2.6 3.4 4 4.8 5.2 0 0 0.0955044 0.121641 0.390722 0.103454 0.110946 0.157156 4.05231e-15 0.0320687 2.22045e-16 0 0 0 0.0977724 0.184447 0.284215 0.119249 0.152693 0.145485 0.0382497 0.0343157 0.0199824 0 0 0
451.939 1.88308 244.213 162.19 1.00798 1.01558 0.1 0.4 0.8 1.1 1.6 2.3 3 3.8 4.4 5.2 0 0 0.014274 0.135714 0.205825 0.177779 0.258142 0.136524 0.0576168 0.0181529 0.00394795 0 0 0 0.0540027 0.115867 0.170787 0.198668 0.23206 0.14298 0.058701 0.0313085 0.0112095 0 0 0
1135.2 4.73001 482.757 400.734 1.01417 1.29924 0.3 0.4 1 1.6 1.7 2.5 3.3 4 5 5.2 0 0 0.0461531 0.154289 0.314872 6.76421e-10 0.356426 0.0435642 0.09476 1.05133e-11 0.00410866 0 0 0 0.132565 0.0695838 0.340318 0.179559 0.108372 0.192469 0.0892438 0.098647 0.0884816 0 0 0
471.975 1.96656 255.448 173.425 1.00853 0.963835 0.3 0.4 0.9 1 1.6 2.4 3.2 4 4.7 5.2 0 0 0.0279344 0.138617 0.232399 0.11369 0.291324 0.142037 0.0489047 0.0117226 0.00189976 0 0 0 0.172358 6.14453e-13 0.186876 0.15926 0.26416 0.14307 0.0238978 0.0142128 3.19411e-13 0 0 0
444.835 1.85348 240.11 158.087 1.00763 1.0874 0.3 0.7 1 1.1 1.6 2.3 3 3.9 4.9 5.2 0 0 0.099611 0.217605 0.0229547 0.197676 0.252682 0.137869 0.0577634 0.0201423 0.00132946 0 0 0 0.169857 0.0543301 0.302401 0.00958611 0.24472 0.153598 0.0776935 0.0585901 0.0166243 0 0 0
466.951 1.94563 252.677 170.654 1.00838 1.06276 0.3 0.6 1 1.4 1.7 2.4 3.1 3.9 4.7 5.2 0 0 0.0889061 0.151234 0.271939 0.0931042 0.209871 0.124774 0.0493896 0.0149996 0.00416088 0 0 0 0.148948 0.0806866 0.300392 0.0505503 0.227321 0.137446 0.0629198 0.0440425 0.0104534 0 0 0
508.559 2.119 274.784 192.761 1.00881 1.00359 0.3 0.7 1 1.2 1.8 2.6 3.4 4.3 4.4 5.2 0 0 0.0979915 0.233127 0.013546 0.2757 0.228982 0.115443 0.0350586 0.00896132 9.05815e-09 0 0 0 0.156536 0.098746 0.223949 0.106524 0.254026 0.105157 0.0393839 0.0192707 2.28722e-09 0 0 0
438.312 1.8263 236.284 154.261 1.00807 1.04495 0.3 0.6 0.9 1.1 1.6 2.3 3 3.6 4.4 5.2 0 0 0.0912804 0.133133 0.156694 0.151379 0.259644 0.135836 0.0547956 0.0180988 0.00720434 0 0 0 0.159528 0.0157365 0.303574 0.028895 0.275637 0.138213 0.0621799 0.033822 0.0273677 0 0 0
447.381 1.86409 241.588 159.565 1.00767 1.08405 0.3 0.7 1 1.2 1.6 2.3 3 3.9 4.9 5.2 0 0 0.100347 0.207883 0.132203 0.103801 0.245397 0.139136 0.0573355 0.0202053 0.00136194 0 0 0 0.169807 0.0543093 0.30595 0.0067968 0.243417 0.153236 0.0767685 0.0578543 0.0159062 0 0 0
471.975 1.96656 255.448 173.425 1.00853 0.963835 0.3 0.4 0.9 1 1.6 2.4 3.2 4 4.7 5.2 0 0 0.0279344 0.138617 0.232399 0.11369 0.291324 0.142037 0.0489047 0.0117226 0.00189976 0 0 0 0.172358 6.14897e-13 0.186876 0.15926 0.26416 0.14307 0.0238978 0.0142128 3.18912e-13 0 0 0
500.475 2.08531 270.634 188.611 1.0073 1.22178 0.3 0.6 1 1.2 1.7 2.4 3.2 4 4.9 5.2 0 0 0.0861726 0.162173 0.214653 0.115105 0.240831 0.123239 0.0518146 0.0120013 0.00131065 0 0 0 0.163273 0.0527572 0.298954 0.0668704 0.240121 0.171528 0.0987145 0.0834939 0.0460655 0 0 0
500.475 2.08531 270.634 188.611 1.0073 1.22178 0.3 0.6 1 1.2 1.7 2.4 3.2 4 4.9 5.2 0 0 0.0861726 0.162173 0.214653 0.115105 0.240831 0.123239 0.0518146 0.0120013 0.00131064 0 0 0 0.163273 0.0527572 0.298954 0.0668704 0.240121 0.171528 0.0987145 0.0834939 0.0460655 0 0 0
502.431 2.09346 271.644 189.621 1.00806 1.13227 0.3 0.6 1 1.4 1.8 2.5 3.4 4.4 4.5 5.2 0 0 0.0874757 0.156265 0.257039 0.146311 0.189696 0.118093 0.0447986 0.00837861 1.37113e-14 0 0 0 0.161979 0.04898 0.336352 0.0707353 0.233129 0.143778 0.0946606 0.0276094 0.0150436 0 0 0
659.679 2.74866 342.169 260.146 1.00941 1.11022 0.3 0.8 1.2 1.3 1.7 2.4 3.1 3.9 4.6 5.2 0 0 0.11027 0.31328 3.99233e-11 0.182327 0.208594 0.123335 0.0500108 0.0124625 0.00913398 0 0 0 0.157221 0.226685 0.204874 5.00193e-09 0.22424 0.15464 0.0765039 0.0590026 0.00705254 0 0 0
523.692 2.18205 282.379 200.356 1.01107 1.05921 0.1 0.3 0.9 1.2 1.7 2.4 3.2 3.7 5 5.2 0 0 0.0248107 0.134366 0.207415 0.216077 0.260869 0.0750148 0.0844736 0.000513524 0.00753222 0 0 0 9.57993e-11 0.170629 0.272726 0.134495 0.227959 0.144672 0.0448672 0.0358838 0.0279732 0 0 0
471.975 1.96656 255.448 173.425 1.00853 0.963835 0.3 0.4 0.9 1 1.6 2.4 3.2 4 4.7 5.2 0 0 0.0279344 0.138617 0.232399 0.11369 0.291324 0.142037 0.0489047 0.0117226 0.00189979 0 0 0 0.172358 6.2722e-13 0.186876 0.15926 0.26416 0.14307 0.023898 0.0142129 3.0731e-13 0 0 0
542.768 2.26153 291.645 209.622 1.00896 1.09585 0.3 0.8 1.1 1.4 1.8 2.4 3.1 3.9 4.6 5.2 0 0 0.109084 0.323349 2.54187e-11 0.256029 0.128275 0.121785 0.0499422 0.0135664 0.00692384 0 0 0 0.156795 0.221979 0.118826 0.155397 0.172109 0.134055 0.0769703 0.0476142 0.0121032 0 0 0
486.154 2.02564 263.115 181.092 1.00733 1.17907 0.3 0.7 1.1 1.4 1.8 2.5 3.3 4.2 4.9 5.2 0 0 0.0987377 0.224969 0.193065 0.132845 0.187163 0.117362 0.043548 0.00879408 0.000848235 0 0 0 0.152091 0.146173 0.271491 0.0402552 0.239353 0.128642 0.102457 0.0664865 0.0321228 0 0 0
453.93 1.89137 245.352 163.329 1.00854 1.01195 0.3 0.7 1 1.3 1.7 2.4 3.2 4 4.6 5.2 0 0 0.0998657 0.209355 0.139666 0.157718 0.205454 0.132137 0.0499055 0.011206 0.00323653 0 0 0 0.166757 0.0729444 0.254257 0.103101 0.198296 0.143879 0.0470847 0.0256316 1.66932e-10 0 0 0
472.762 1.96984 255.88 173.857 1.00838 1.0051 0.2 0.6 1 1.1 1.7 2.4 3.1 3.8 4.4 5.2 0 0 0.0527524 0.228753 5.1751e-11 0.294273 0.243477 0.119908 0.0490923 0.0152093 0.00491896 0 0 0 0.101177 0.16422 0.0534061 0.256139 0.226248 0.129651 0.0446576 0.0225291 0.00707614 0 0 0
453.79 1.89079 245.272 163.249 1.00796 1.00386 0.2 0.6 1 1.1 1.6 2.3 3 3.7 4.3 5.2 0 0 0.0541034 0.218076 0.124752 0.139316 0.254378 0.138211 0.0557168 0.0179977 0.00541061 0 0 0 0.102855 0.151448 0.185013 0.0961275 0.236302 0.141749 0.0532457 0.0230464 0.0140781 0 0 0
453.93 1.89137 245.352 163.329 1.00855 1.01209 0.3 0.7 1 1.3 1.7 2.4 3.2 4 4.6 5.2 0 0 0.0998658 0.209354 0.139672 0.157707 0.20546 0.132135 0.0499043 0.0112046 0.00324185 0 0 0 0.166757 0.0729484 0.254264 0.103097 0.198317 0.143912 0.0471301 0.0256604 1.26221e-07 0 0 0
657.186 2.73828 341.188 259.165 1.00615 1.31255 0.3 0.8 1.1 1.4 2 2.7 3.4 4.2 5.1 5.2 0 0 0.110082 0.318385 5.55112e-17 0.286191 0.163719 0.0911175 0.0272564 0.00912384 0.000275709 0 0 0 0.154548 0.241882 0.0705399 0.234235 0.212882 0.140894 0.116591 0.103228 0.0377535 0 0 0
442.51 1.84379 238.752 156.73 1.0084 0.992467 0.2 0.5 0.9 1.3 1.8 2.5 3.3 4 4.2 5.2 0 0 0.0399134 0.161366 0.227387 0.209581 0.200084 0.115451 0.0440553 4.6271e-09 0.0105598 0 0 0 0.0945945 0.105253 0.228127 0.207375 0.177493 0.126585 0.0302458 0.0227923 1.06253e-09 0 0 0
457.032 1.9043 247.116 165.093 1.00728 1.14812 0.3 0.4 0.9 1.1 1.6 2.3 3 3.9 4.9 5.2 0 0 0.0254403 0.142205 0.271603 0.0841072 0.271256 0.132156 0.0593817 0.0198626 0.00126452 0 0 0 0.165934 0.0118157 0.23101 0.132122 0.246093 0.162803 0.0923118 0.0773153 0.028711 0 0 0
469.414 1.95589 254.039 172.016 1.00736 1.06921 0.3 0.7 1 1.3 1.8 2.5 3.2 4.3 3.9 5.2 0 0 0.0990788 0.218406 0.106553 0.218754 0.194254 0.113953 0.0393888 1.10073e-11 0.0169697 0 0 0 0.158691 0.0892404 0.274066 0.0746362 0.258995 0.105121 0.0729001 0.0355565 7.9891e-11 0 0 0
607.618 2.53174 320.877 238.854 1.00623 1.36475 0.3 0.7 1.1 1.5 1.9 2.6 3.4 4.2 5 5.2 0 0 0.0993403 0.220726 0.214687 0.16695 0.153857 0.108274 0.036322 0.00512737 0.000947929 0 0 0 0.151625 0.149807 0.266549 0.107287 0.211432 0.155776 0.134608 0.11874 0.0689284 0 0 0
480.119 2.00049 259.879 177.856 1.00769 1.19064 0.3 0.7 1 1.4 1.9 2.5 3.2 4.1 5 5.2 0 0 0.099229 0.212675 0.144073 0.238538 0.152479 0.100758 0.0449128 0.0144394 0.000587724 0 0 0 0.157331 0.100888 0.25289 0.149732 0.213537 0.108466 0.107188 0.0749707 0.0256348 0 0 0
450.378 1.87657 243.317 161.294 1.00785 0.95373 0.3 0.7 0.9 1.2 1.6 2.3 3.1 3.9 4.4 5.2 0 0 0.100606 0.188401 0.112047 0.15006 0.23733 0.144658 0.0589652 0.0157677 1.80633e-05 0 0 0 0.160407 0.0185737 0.304447 0.0212673 0.26633 0.124091 0.0468108 0.000409858 0.0113937 0 0 0
460.089 1.91704 248.842 166.819 1.00776 1.06704 0.2 0.6 0.7 1 1.5 2.2 2.9 3.7 4.4 5.2 0 0 0.0574901 0.159874 0.0708414 0.192669 0.281154 0.153422 0.0652137 0.0224115 0.00469017 0 0 0 0.107464 0.0721302 0.104196 0.204318 0.261609 0.161673 0.0829593 0.0486349 0.0240595 0 0 0
531.232 2.21347 286.081 204.058 1.0081 1.10948 0.2 0.6 1.1 1.3 1.8 2.5 3.2 4 4.8 5.2 0 0 0.051554 0.23559 0.238708 0.0986292 0.217639 0.107891 0.0425461 0.0132503 0.00228742 0 0 0 0.0888845 0.205928 0.236555 0.0858364 0.22659 0.128798 0.0716281 0.0508682 0.014392 0 0 0
442.216 1.84257 238.58 156.557 1.00669 1.00821 0.3 0.4 0.9 1.3 1.6 2.3 3 3.7 3.9 5.2 0 0 0.0312162 0.131882 0.310913 0.0705218 0.247094 0.137952 0.0549701 0.0182499 0.00389474 0 0 0 0.17088 0.000210531 0.28663 0.111713 0.197041 0.152367 0.0554855 2.23683e-09 0.0338852 0 0 0
453.93 1.89137 245.352 163.329 1.00854 1.01194 0.3 0.7 1 1.3 1.7 2.4 3.2 4 4.6 5.2 0 0 0.0998657 0.209355 0.139666 0.157719 0.205453 0.132137 0.0499056 0.011206 0.00323642 0 0 0 0.166757 0.0729446 0.254256 0.103101 0.198295 0.143878 0.0470827 0.0256298 3.30614e-10 0 0 0
483.896 2.01623 261.909 179.886 1.00914 0.96305 0.3 0.7 1 1.2 1.7 2.5 3.4 3.8 4.4 5.2 0 0 0.101625 0.199626 0.132972 0.140605 0.252274 0.131745 0.0428395 1.31011e-09 0.00745552 0 0 0 0.170189 0.0473301 0.298253 0.0482061 0.237843 0.130357 0.0117767 0.0190959 1.08208e-11 0 0 0
656.602 2.73584 340.958 258.935 1.00692 1.18824 0.3 0.8 1.1 1.4 2 2.7 3.4 4.3 5.2 5.2 0 0 0.110088 0.318225 7.73714e-13 0.286938 0.162339 0.0925054 0.0277357 0.00909226 4.52755e-09 0 0 0 0.153241 0.242335 0.0672527 0.228934 0.201815 0.113577 0.0907203 0.0743998 0.0159671 0 0 0
443.82 1.84925 239.518 157.495 1.00758 1.10299 0.3 0.6 0.9 1.2 1.6 2.3 3 3.9 4.9 5.2 0 0 0.0936351 0.119833 0.215795 0.113986 0.24684 0.138522 0.0573904 0.0201702 0.00140889 0 0 0 0.172146 0.00218868 0.267927 0.109802 0.226432 0.15956 0.0804417 0.0657832 0.0187127 0 0 0
457.015 1.90423 247.106 165.083 1.00836 1.0206 0.2 0.6 0.7 1.1 1.6 2.3 3 3.8 4.5 5.2 0 0 0.0567907 0.155075 0.0978385 0.232668 0.246832 0.139754 0.0555026 0.0199755 0.00392328 0 0 0 0.0998981 0.156533 0.0289464 0.270475 0.212744 0.15368 0.0567074 0.0351208 0.00649117 0 0 0
440.923 1.83718 237.822 155.799 1.00822 1.00774 0.2 0.6 1 1.3 1.8 2.5 3.3 4 4.2 5.2 0 0 0.0531314 0.222748 0.165754 0.197128 0.198726 0.115617 0.0442218 0.00108453 0.00981227 0 0 0 0.102259 0.157277 0.200044 0.173035 0.189559 0.130111 0.0350116 0.0201849 0.000257584 0 0 0
674.683 2.81118 347.993 265.97 1.00736 1.23104 0.3 0.8 1.1 1.4 1.9 2.7 3.5 4.3 5.1 5.2 0 0 0.110573 0.310521 0.0257748 0.242104 0.174671 0.110178 0.0260579 0.00748285 4.86815e-10 0 0 0 0.160652 0.186528 0.204891 0.092546 0.251776 0.139024 0.0914763 0.0743418 0.0298094 0 0 0
465.321 1.93884 251.771 169.748 1.00859 1.03389 0.3 0.6 1 1.1 1.7 2.5 3.3 3.9 4.3 5.2 0 0 0.0873162 0.16326 0.125291 0.192106 0.259913 0.126708 0.0422075 0.00118007 0.0106055 0 0 0 0.168251 0.0366163 0.307974 0.0511155 0.257622 0.146788 0.0364559 0.0208458 0.00822579 0 0 0
465.347 1.93895 251.785 169.762 1.00876 1.03153 0.3 0.5 1 1.4 1.7 2.5 3.3 4 4.3 5.2 0 0 0.0663712 0.141028 0.332336 0.0326999 0.255682 0.126595 0.0421714 0.00110898 0.0107667 0 0 0 0.163853 0.030811 0.360843 0.0108388 0.255036 0.146776 0.0372577 0.0261096 1.09232e-08 0 0 0
457.032 1.9043 247.116 165.093 1.00728 1.14812 0.3 0.4 0.9 1.1 1.6 2.3 3 3.9 4.9 5.2 0 0 0.0254403 0.142205 0.271603 0.0841072 0.271256 0.132156 0.0593817 0.0198626 0.00126452 0 0 0 0.165934 0.0118157 0.23101 0.132122 0.246093 0.162803 0.0923118 0.0773153 0.028711 0 0 0
467.688 1.9487 253.085 171.062 1.00752 1.15731 0.3 0.6 1 1.3 1.7 2.4 3.2 4 4.9 5.2 0 0 0.087425 0.15705 0.249816 0.0950877 0.227098 0.126771 0.0510123 0.0118733 0.00138226 0 0 0 0.164731 0.0487123 0.312772 0.0619455 0.225107 0.160701 0.0828954 0.0658923 0.0345495 0 0 0
450.378 1.87657 243.317 161.294 1.00785 0.95373 0.3 0.7 0.9 1.2 1.6 2.3 3.1 3.9 4.4 5.2 0 0 0.100606 0.188401 0.112047 0.15006 0.23733 0.144658 0.0589652 0.0157677 1.80629e-05 0 0 0 0.160407 0.0185737 0.304447 0.0212673 0.26633 0.124091 0.0468108 0.000409858 0.0113937 0 0 0
443.543 1.84809 239.356 157.333 1.00761 1.09289 0.3 0.7 0.9 1.1 1.6 2.3 3 3.9 4.9 5.2 0 0 0.0996409 0.216264 0.0123809 0.210429 0.251656 0.138139 0.0576004 0.0201435 0.00135895 0 0 0 0.17121 0.0231791 0.196161 0.151564 0.237478 0.155904 0.0785973 0.0614635 0.0173334 0 0 0
443.82 1.84925 239.518 157.495 1.00758 1.10299 0.3 0.6 0.9 1.2 1.6 2.3 3 3.9 4.9 5.2 0 0 0.0936351 0.119833 0.215795 0.113986 0.24684 0.138522 0.0573904 0.0201702 0.00140889 0 0 0 0.172146 0.00218868 0.267927 0.109802 0.226432 0.15956 0.0804417 0.0657832 0.0187127 0 0 0
543.947 2.26645 292.207 210.184 1.00824 1.10505 0.3 0.7 1.1 1.2 1.7 2.5 3.3 4 4.3 5.2 0 0 0.100091 0.215711 0.207954 0.0492601 0.254012 0.127821 0.040557 0.00217718 0.0106578 0 0 0 0.161386 0.117144 0.309671 4.52705e-12 0.239774 0.17921 0.0450975 0.0527692 3.60294e-10 0 0 0
934.811 3.89504 432.454 350.431 1.01511 1.20278 0.2 0.4 0.9 1.2 1.7 2.3 3.3 4.6 5 5.2 0 0 0.0245653 0.162176 0.231779 0.114391 0.319932 0.0596186 0.0971372 9.26204e-13 0.00551349 0 0 0 0.0552417 0.139221 0.234739 0.153137 0.226239 0.155568 0.149948 0.0886808 2.73226e-11 0 0 0
609.288 2.5387 321.588 239.565 1.00593 1.19578 0.3 0.8 1.2 1.4 1.9 2.6 3.4 4.1 4.9 5.2 0 0 0.109295 0.319809 0.015448 0.24976 0.162778 0.108137 0.0364451 0.00321499 0.00104553 0 0 0 0.156986 0.231941 0.137117 0.139883 0.190597 0.132073 0.0857831 0.0739342 0.0474623 0 0 0
1001.03 4.17094 450.179 368.156 1.01156 1.14758 0.2 0.5 1 1.1 1.7 2.5 3.2 3.9 5.1 5.2 0 0 0.0586071 0.178214 0.133421 0.155054 0.34639 0.0361408 0.0997923 1.05471e-15 0.00393819 0 0 0 0.0920722 0.134057 0.181794 0.170201 0.258298 0.161704 0.0494532 0.0539114 0.0460856 0 0 0
469.18 1.95492 253.91 171.887 1.00838 0.977828 0.2 0.4 0.9 1 1.6 2.4 3.2 4 4.6 5.2 0 0 0.01167 0.157125 0.222257 0.122209 0.290908 0.142361 0.0482106 0.0112835 0.00236007 0 0 0 0.0707437 0.114831 0.127815 0.206896 0.259184 0.145606 0.0307903 0.0219626 1.00017e-10 0 0 0
480.119 2.00049 259.879 177.856 1.00769 1.19064 0.3 0.7 1 1.4 1.9 2.5 3.2 4.1 5 5.2 0 0 0.0992289 0.212675 0.144073 0.238538 0.152479 0.100758 0.0449129 0.0144395 0.00058746 0 0 0 0.157331 0.100888 0.25289 0.149732 0.213537 0.108466 0.107188 0.0749712 0.0256353 0 0 0
443.586 1.84828 239.381 157.359 1.00871 0.997436 0.3 0.5 0.9 1.3 1.7 2.4 3.1 3.8 4.6 5.2 0 0 0.0767407 0.106005 0.268127 0.149839 0.213644 0.126439 0.045965 0.017766 0.00418087 0 0 0 0.165363 0.0144628 0.2624 0.17011 0.179122 0.144951 0.0345704 0.0264567 2.35171e-09 0 0 0
444.835 1.85348 240.11 158.087 1.00763 1.0874 0.3 0.7 1 1.1 1.6 2.3 3 3.9 4.9 5.2 0 0 0.099611 0.217605 0.0229547 0.197676 0.252682 0.137869 0.0577634 0.0201423 0.00132946 0 0 0 0.169857 0.0543301 0.302401 0.00958611 0.24472 0.153598 0.0776935 0.0585901 0.0166243 0 0 0
466.457 1.94357 252.402 170.379 1.00862 1.02903 0.3 0.7 0.9 1.4 1.5 2.2 3 3.7 4.5 5.2 0 0 0.102205 0.159586 0.188366 0.0811555 0.229431 0.157773 0.0687784 0.0136213 0.00770285 0 0 0 0.166426 7.20202e-13 0.313889 0.0351701 0.221023 0.180076 0.062057 0.0351983 0.0151868 0 0 0
446.176 1.85907 240.889 158.866 1.00846 1.0156 0.3 0.6 1 1.5 1.7 2.4 3.2 4 4.6 5.2 0 0 0.089622 0.148262 0.282033 0.123686 0.167458 0.13347 0.0494105 0.0114593 0.00305378 0 0 0 0.163584 0.0493097 0.316139 0.114316 0.146476 0.150024 0.0462102 0.0295417 1.27743e-08 0 0 0
442.216 1.84257 238.58 156.557 1.00669 1.00821 0.3 0.4 0.9 1.3 1.6 2.3 3 3.7 3.9 5.2 0 0 0.0312162 0.131882 0.310913 0.0705216 0.247094 0.137952 0.0549703 0.01825 0.00389456 0 0 0 0.170879 0.00021111 0.286629 0.111713 0.197041 0.152365 0.0554836 2.23024e-09 0.033883 0 0 0
468.284 1.95118 253.415 171.392 1.00834 0.989365 0.2 0.4 0.9 1.2 1.7 2.5 3.3 3.9 4.2 5.2 0 0 0.00751687 0.165627 0.260388 0.140947 0.253105 0.129279 0.0405152 4.74447e-08 0.0109589 0 0 0 0.0702118 0.114085 0.233722 0.160623 0.221187 0.140486 0.0182236 0.0308249 1.10673e-09 0 0 0
537.21 2.23838 288.979 206.956 1.00772 0.978117 0.2 0.4 0.9 1 1.6 2.2 3.1 3.5 4.6 5.2 0 0 0.0898432 0.0815188 6.9772e-12 0.343099 0.297785 0.0961662 0.0840033 0.0153096 1.68314e-10 0 0 0 0.0506364 0.142804 0.152426 0.170161 0.243569 0.132602 0.0744194 4.47429e-11 0.0114988 0 0 0
466.992 1.9458 252.699 170.677 1.00838 1.07291 0.1 0.4 0.9 0.8 1.5 2.2 3 3.8 4.6 5.2 0 0 0.0134618 0.140657 0.244441 0.0712146 0.294101 0.153387 0.0699129 0.0165002 0.00470196 0 0 0 0.0411794 0.138701 0.240084 0.0509481 0.281046 0.172691 0.0850903 0.0407646 0.0224053 0 0 0
550.529 2.29387 295.322 213.299 1.01006 1.2703 0.2 0.4 1 1.4 1.8 2.5 3.2 3.9 5 5.2 0 0 0.0862878 0.0900148 0.311818 0.16351 0.211216 0.057474 0.0816229 5.5838e-11 0.00812265 0 0 0 0.057414 0.148631 0.325508 0.119587 0.204043 0.173112 0.0842962 0.0979782 0.0597271 0 0 0
469.18 1.95492 253.91 171.887 1.00838 0.977834 0.2 0.4 0.9 1 1.6 2.4 3.2 4 4.6 5.2 0 0 0.0116692 0.157127 0.222251 0.122216 0.290906 0.142361 0.0482099 0.011285 0.0023572 0 0 0 0.0707435 0.114831 0.127816 0.206897 0.259184 0.145607 0.0307903 0.021966 1.31489e-12 0 0 0
442.968 1.8457 239.02 156.998 1.00869 0.990337 0.2 0.6 1.1 1.2 1.7 2.4 3.1 3.8 4.6 5.2 0 0 0.0519999 0.233032 0.251065 0.0467524 0.234257 0.122787 0.0472506 0.0174467 0.0040975 0 0 0 0.097445 0.184531 0.208046 0.104514 0.197713 0.139937 0.0342928 0.0238585 1.69397e-07 0 0 0
775.873 3.23281 384.188 302.165 1.01141 1.17648 0.2 0.4 1 1.4 1.7 2.5 3.2 4 4.9 5.2 0 0 0.0688314 0.0908455 0.372011 0.117314 0.154198 0.16351 0.00835314 0.0363497 5.31408e-13 0 0 0 0.0518201 0.158579 0.323947 0.0585871 0.248145 0.16729 0.0741119 0.0672254 0.0267782 0 0 0
493.076 2.05448 266.776 184.753 1.00823 1.11837 0.3 0.4 0.9 1.1 1.7 2.5 3.3 4.3 5.5 5.2 0 0 0.00900398 0.16866 0.206672 0.177642 0.268175 0.125439 0.0426575 0.00997788 1.59633e-12 0 0 0 0.131299 0.0528952 0.227494 0.139855 0.277136 0.138225 0.0750692 0.0579683 0.0184266 0 0 0
446.176 1.85907 240.889 158.866 1.00846 1.01562 0.3 0.6 1 1.5 1.7 2.4 3.2 4 4.6 5.2 0 0 0.0896224 0.148261 0.282034 0.123688 0.167455 0.13347 0.0494088 0.0114604 0.00305639 0 0 0 0.163585 0.0493073 0.316141 0.114319 0.146474 0.150034 0.0462159 0.0295427 1.15611e-10 0 0 0
471.975 1.96656 255.448 173.425 1.00853 0.963835 0.3 0.4 0.9 1 1.6 2.4 3.2 4 4.7 5.2 0 0 0.0279344 0.138617 0.232399 0.11369 0.291324 0.142037 0.0489047 0.0117226 0.00189976 0 0 0 0.172358 6.14786e-13 0.186876 0.15926 0.26416 0.14307 0.0238978 0.0142128 3.19023e-13 0 0 0
556.937 2.32057 298.32 216.297 1.00822 0.907063 0.2 0.6 0.9 1.3 1.7 2.1 3 3.4 4.6 5.2 0 0 0.114812 0.0782253 0.184332 0.265975 0.152481 0.105725 0.0746974 0.031977 1.24743e-10 0 0 0 0.0960175 0.141526 0.192466 0.162098 0.141254 0.108353 0.0576685 5.09466e-10 0.00767926 0 0 0
568.586 2.36911 303.681 221.658 1.01467 1.05318 0.2 0.5 1 1.2 1.8 2.6 3.3 4.5 5.2 5.2 0 0 0.0995991 0.101654 0.16849 0.247282 0.253765 0.0591342 0.0740071 1.95582e-11 0.0107421 0 0 0 0.0780134 0.152502 0.266707 0.0887808 0.272958 0.104822 0.0685855 0.0208101 1.98331e-10 0 0 0
554.512 2.31047 297.189 215.166 1.01118 1.28903 0.2 0.5 1 1.3 1.8 2.6 3.3 3.9 5 5.2 0 0 0.103572 0.0887428 0.253043 0.186251 0.237068 0.0642404 0.0718829 0 0.00637585 0 0 0 0.0817663 0.155044 0.237678 0.161813 0.221229 0.18235 0.055509 0.114808 0.0788302 0 0 0
740.244 3.08435 372.012 289.989 1.01206 0.913294 0.2 0.5 1 1.2 1.7 2.5 2.7 4 4.9 5.2 0 0 0.0869028 0.0933742 0.264587 0.17469 0.193061 0.111175 0.0566366 0.0316359 1.14574e-10 0 0 0 0.0810472 0.153592 0.206523 0.129412 0.21761 0.0954192 0.0131387 0.00843843 0.00811233 0 0 0
852.333 3.55139 408.531 326.508 1.00814 1.03278 0.3 0.7 1 1.5 1.9 2.3 3.2 3.4 4.4 5.2 0 0 0.134925 0.0424895 0.384129 0.138766 0.0965957 0.150667 3.80896e-08 0.0605641 4.09139e-11 0 0 0 0.151726 0.116434 0.23759 0.169424 0.133317 0.0779283 0.0903355 2.8306e-10 0.0560285 0 0 0
730.801 3.045 368.687 286.664 1.0106 1.28778 0.2 0.5 1 1.3 1.8 2.6 3.3 4 4.9 5.2 0 0 0.0872532 0.0916655 0.297316 0.188054 0.161811 0.152196 1.44551e-13 0.0323075 2.29394e-11 0 0 0 0.0828696 0.156357 0.235975 0.161798 0.237064 0.176113 0.0820698 0.0962718 0.0592649 0 0 0
545.696 2.27373 293.039 211.016 1.0075 0.976121 0.2 0.4 0.9 1 1.6 2.2 3.1 3.4 4.5 5.2 0 0 0.0898464 0.0815405 4.06059e-12 0.343086 0.297815 0.0969052 0.0783366 0.0199713 1.88986e-10 0 0 0 0.063268 0.116187 0.238976 0.0908225 0.250208 0.128074 0.0748581 2.18991e-12 0.0137268 0 0 0
477.766 1.99069 258.607 176.584 1.00809 1.08811 0.3 0.7 1 1.5 2 2.5 3.2 4.2 4.3 5.2 0 0 0.100878 0.19835 0.186289 0.261447 0.102538 0.0982243 0.0464802 0.0138808 6.96239e-10 0 0 0 0.15734 0.0956386 0.26781 0.185146 0.166523 0.0788809 0.0888807 0.044386 0.00350352 0 0 0
466.086 1.94202 252.196 170.173 1.00864 1.03556 0.3 0.6 1 1.1 1.7 2.5 3.3 4 4.3 5.2 0 0 0.087284 0.163289 0.125332 0.192026 0.259942 0.126501 0.0423096 0.00146691 0.0104875 0 0 0 0.168312 0.0364657 0.309747 0.0496006 0.258668 0.147831 0.038626 0.024356 0.00195791 0 0 0
674.683 2.81118 347.993 265.97 1.00736 1.23104 0.3 0.8 1.1 1.4 1.9 2.7 3.5 4.3 5.1 5.2 0 0 0.110573 0.310521 0.0257748 0.242104 0.174671 0.110178 0.0260579 0.00748285 4.86816e-10 0 0 0 0.160652 0.186528 0.204891 0.092546 0.251776 0.139024 0.0914763 0.0743418 0.0298094 0 0 0
473.06 1.97108 256.043 174.02 1.00737 1.1208 0.1 0.6 1.1 1.2 1.6 2.3 3 3.9 5.1 5.2 0 0 0.0395507 0.255014 0.253344 3.13232e-11 0.239469 0.141954 0.0557034 0.0222051 0.000132352 0 0 0 0.0741792 0.227324 0.145883 0.134439 0.192778 0.176274 0.0779222 0.0711036 0.0208977 0 0 0
471.975 1.96656 255.448 173.425 1.00853 0.963835 0.3 0.4 0.9 1 1.6 2.4 3.2 4 4.7 5.2 0 0 0.0279344 0.138617 0.232399 0.11369 0.291324 0.142037 0.0489047 0.0117226 0.00189976 0 0 0 0.172358 6.14508e-13 0.186876 0.15926 0.26416 0.14307 0.0238978 0.0142128 3.193e-13 0 0 0
520.141 2.16725 280.616 198.593 1.00829 0.934903 0.3 0.6 1 1.1 1.7 2.4 3.1 3.9 4.1 5.2 0 0 0.0854551 0.167206 0.117187 0.200265 0.251561 0.115449 0.0541003 0.0142004 0.00286908 0 0 0 0.160933 0.0440899 0.349585 6.39711e-13 0.245149 0.112767 0.0223795 6.56409e-10 1.30291e-11 0 0 0
443.586 1.84828 239.381 157.359 1.0087 0.99749 0.3 0.5 0.9 1.3 1.7 2.4 3.1 3.8 4.6 5.2 0 0 0.0767397 0.106007 0.268125 0.149841 0.213643 0.126441 0.0459622 0.0177686 0.00417825 0 0 0 0.165364 0.0144625 0.262404 0.170109 0.179131 0.144964 0.0345869 0.0264693 5.11753e-09 0 0 0
469.18 1.95492 253.91 171.887 1.00838 0.977828 0.2 0.4 0.9 1 1.6 2.4 3.2 4 4.6 5.2 0 0 0.01167 0.157125 0.222257 0.12221 0.290908 0.142361 0.0482106 0.0112835 0.00236007 0 0 0 0.0707437 0.114831 0.127815 0.206896 0.259184 0.145606 0.0307903 0.0219626 7.31818e-11 0 0 0
467.688 1.9487 253.085 171.062 1.00752 1.15731 0.3 0.6 1 1.3 1.7 2.4 3.2 4 4.9 5.2 0 0 0.087425 0.15705 0.249816 0.0950877 0.227098 0.126771 0.0510123 0.0118733 0.00138226 0 0 0 0.164731 0.0487123 0.312772 0.0619455 0.225107 0.160701 0.0828954 0.0658923 0.0345495 0 0 0
443.543 1.84809 239.356 157.333 1.00761 1.0929 0.3 0.7 0.9 1.1 1.6 2.3 3 3.9 4.9 5.2 0 0 0.0996412 0.216262 0.0123838 0.210427 0.251656 0.138139 0.0575993 0.0201441 0.00136068 0 0 0 0.171211 0.023179 0.196162 0.151565 0.237479 0.155907 0.0785984 0.0614655 0.0173352 0 0 0
496.981 2.07075 268.819 186.797 1.00745 1.07208 0.2 0.6 1 1.1 1.7 2.5 3.4 4 5.1 5.2 0 0 0.0530879 0.227736 2.14004e-07 0.294029 0.251632 0.133279 0.0404979 0.00556094 0.00162963 0 0 0 0.100266 0.170679 0.00777917 0.301227 0.227951 0.159385 0.0360919 0.0478791 0.0208246 0 0 0
830.204 3.45918 401.717 319.694 1.00897 1.04176 0.3 0.7 1.1 1.4 1.7 2.6 3.4 4 4.4 5.2 0 0 0.10326 0.202707 0.26018 1.54652e-10 0.272188 0.131312 0.0273944 8.87739e-10 0.0119301 0 0 0 0.154835 0.120571 0.287891 0.00753132 0.204433 0.161556 0.009052 0.0958862 3.66972e-11 0 0 0
470.44 1.96017 254.604 172.582 1.00771 1.10588 0.2 0.6 1.1 1.4 1.8 2.5 3.2 3.9 5 5.2 0 0 0.0516159 0.234808 0.260282 0.0911735 0.201416 0.11233 0.0388752 0.0159621 0.0012443 0 0 0 0.0966147 0.18827 0.254652 0.114155 0.17266 0.154348 0.0407197 0.0622346 0.0222251 0 0 0
524.756 2.18648 282.904 200.881 1.01405 0.955539 0.2 0.6 1.1 1.5 1.8 2.6 3.3 3.4 5.2 5.2 0 0 0.111497 0.115815 0.332215 0.094287 0.211731 0.067354 0.0715109 9.80138e-12 0.00963932 0 0 0 0.0910164 0.192412 0.289966 0.0218592 0.234151 0.0925108 0.027866 0.00575736 3.92757e-09 0 0 0
480.119 2.00049 259.879 177.856 1.00769 1.19064 0.3 0.7 1 1.4 1.9 2.5 3.2 4.1 5 5.2 0 0 0.099229 0.212675 0.144073 0.238538 0.152479 0.100758 0.0449128 0.0144394 0.000587709 0 0 0 0.157331 0.100888 0.25289 0.149732 0.213537 0.108466 0.107188 0.0749707 0.0256349 0 0 0
561.244 2.33852 300.315 218.292 1.0078 1.00462 0.2 0.3 0.9 1 1.6 2.2 3.1 3.5 4.7 5.2 0 0 0.0306434 0.135188 5.15807e-10 0.351581 0.29335 0.0980634 0.0794312 0.0195469 3.19082e-10 0 0 0 2.55962e-13 0.164701 0.297079 0.045345 0.257065 0.137854 0.0869756 6.07277e-11 0.0156036 0 0 0
1002.17 4.1757 450.474 368.451 1.01133 1.3444 0.3 0.7 1.1 1.4 1.8 2.5 3.3 4.1 4.7 5.2 0 0 0.12481 0.18973 0.171849 0.125928 0.271213 0.0300499 0.0972031 2.52909e-13 0.000549264 0 0 0 0.154106 0.149051 0.274409 0.0362199 0.271108 0.149051 0.170338 0.0487416 0.0913725 0 0 0
469.129 1.9547 253.882 171.859 1.00744 1.06085 0.3 0.7 1 1.3 1.8 2.5 3.2 3.9 4.4 5.2 0 0 0.0991033 0.218473 0.1062 0.218998 0.194527 0.113361 0.0402572 0.01652 2.13353e-10 0 0 0 0.159012 0.0888285 0.272916 0.0740267 0.259497 0.0994844 0.0712921 0.000298021 0.0354949 0 0 0
466.951 1.94563 252.677 170.654 1.00838 1.06276 0.3 0.6 1 1.4 1.7 2.4 3.1 3.9 4.7 5.2 0 0 0.0889061 0.151234 0.271939 0.0931042 0.209871 0.124774 0.0493896 0.0149996 0.00416088 0 0 0 0.148948 0.0806866 0.300392 0.0505503 0.227321 0.137446 0.0629198 0.0440425 0.0104534 0 0 0
506.482 2.11034 273.724 191.701 1.00808 1.02722 0.3 0.7 1 1.4 1.8 2.5 3.2 4.2 4.3 5.2 0 0 0.101676 0.198139 0.174036 0.188511 0.171626 0.117374 0.0427387 0.0139766 1.08651e-11 0 0 0 0.158207 0.0844698 0.291454 0.0714404 0.236056 0.103906 0.0557277 0.0259545 1.51166e-09 0 0 0
508.559 2.119 274.784 192.761 1.00881 1.00363 0.3 0.7 1 1.2 1.8 2.6 3.4 4.3 4.9 5.2 0 0 0.0979896 0.233138 0.0135189 0.275722 0.228975 0.115444 0.0350597 0.00896209 2.0367e-13 0 0 0 0.156536 0.0987517 0.223942 0.106534 0.254034 0.105169 0.0393894 0.0192699 9.32865e-13 0 0 0
469.778 1.95741 254.24 172.217 1.00764 1.16388 0.3 0.6 1 1.4 1.8 2.5 3.3 4.3 4.4 5.2 0 0 0.0874962 0.15723 0.254109 0.149822 0.189178 0.114953 0.0442166 0.0106315 4.49398e-10 0 0 0 0.157712 0.0585926 0.332802 0.0565921 0.25428 0.126487 0.111969 0.0288887 0.0365601 0 0 0
465.24 1.9385 251.726 169.703 1.00878 1.03431 0.3 0.5 1 1.3 1.7 2.5 3.3 4 4.3 5.2 0 0 0.0657494 0.14247 0.326537 0.0314993 0.262702 0.125703 0.0423298 0.00112823 0.0106659 0 0 0 0.163616 0.0312542 0.359328 0.00957417 0.25769 0.146523 0.03905 0.026281 0.000996353 0 0 0
506.482 2.11034 273.724 191.701 1.00808 1.02725 0.3 0.7 1 1.4 1.8 2.5 3.2 4.2 4.3 5.2 0 0 0.101676 0.198139 0.174036 0.188512 0.171626 0.117371 0.0427415 0.0139749 1.314e-10 0 0 0 0.158208 0.0844712 0.291455 0.0714453 0.236061 0.103916 0.0557316 0.0259577 2.65457e-09 0 0 0
472.762 1.96984 255.88 173.857 1.00838 1.00511 0.2 0.6 1 1.1 1.7 2.4 3.1 3.8 4.4 5.2 0 0 0.0527524 0.228753 5.55112e-16 0.294273 0.243477 0.119907 0.0490936 0.0152082 0.00491952 0 0 0 0.101177 0.16422 0.0534059 0.256139 0.226248 0.12965 0.0446592 0.02253 0.00708009 0 0 0
586.601 2.44417 311.76 229.737 1.01394 1.16574 0.2 0.4 1 1.5 1.8 2.5 3.3 3.9 5.1 5.2 0 0 0.0888224 0.084154 0.331391 0.188073 0.160281 0.0721871 0.0776892 1.16573e-15 0.0113463 0 0 0 0.054273 0.153318 0.329723 0.153132 0.15364 0.178465 0.0658438 0.0486886 0.0286593 0 0 0
438.312 1.8263 236.283 154.26 1.00807 1.04482 0.3 0.6 0.9 1.1 1.6 2.3 3 3.6 4.4 5.2 0 0 0.0912732 0.133164 0.15662 0.151446 0.259624 0.135843 0.0547953 0.0180997 0.00720031 0 0 0 0.159526 0.0157406 0.303555 0.0289112 0.275615 0.138189 0.0621502 0.0337892 0.027346 0 0 0
438.095 1.82539 236.155 154.132 1.0078 1.00135 0.3 0.5 0.9 1.3 1.7 2.4 3.2 4 4.3 5.2 0 0 0.0761731 0.107025 0.266796 0.151851 0.212245 0.130137 0.0501454 0.0134278 5.55184e-07 0 0 0 0.154961 0.0201689 0.301331 0.0911815 0.238204 0.119736 0.0562188 1.38741e-08 0.019546 0 0 0
471.975 1.96656 255.448 173.425 1.00853 0.963835 0.3 0.4 0.9 1 1.6 2.4 3.2 4 4.7 5.2 0 0 0.0279344 0.138617 0.232399 0.11369 0.291324 0.142037 0.0489047 0.0117226 0.00189976 0 0 0 0.172358 6.14619e-13 0.186876 0.15926 0.26416 0.14307 0.0238978 0.0142128 3.19189e-13 0 0 0
471.976 1.96657 255.449 173.426 1.00853 0.963984 0.3 0.4 0.9 1 1.6 2.4 3.2 4 4.7 5.2 0 0 0.0278459 0.138757 0.231998 0.114077 0.291269 0.142044 0.0488997 0.011733 0.00190611 0 0 0 0.172364 1.88212e-10 0.18683 0.159319 0.264182 0.143128 0.0239389 0.0142224 4.04037e-11 0 0 0
446.736 1.8614 241.214 159.191 1.00668 0.979779 0.3 0.6 0.9 1 1.5 2.2 2.9 3.7 3.9 5.2 0 0 0.0952453 0.106672 0.250328 0.0194173 0.293122 0.151127 0.0659591 0.0248061 3.43073e-10 0 0 0 0.170305 8.32667e-15 0.255862 0.0583477 0.251933 0.149826 0.0627676 0.00174837 0.0289896 0 0 0
446.368 1.85987 241.001 158.978 1.00808 1.0188 0.3 0.7 1 1.2 1.7 2.4 3.1 3.8 4.4 5.2 0 0 0.0984142 0.22594 0.05364 0.215665 0.221158 0.126071 0.0468085 0.0165052 0.00387972 0 0 0 0.157501 0.0880358 0.285185 0.0186284 0.262818 0.114746 0.0577333 0.0182891 0.0158611 0 0 0
959.527 3.99803 439.212 357.19 1.01647 1.02493 0.2 0.6 1.1 1.4 1.8 2.5 3.3 3.9 5 5.2 0 0 0.0699281 0.221869 0.205372 0.111799 0.272952 0.0288041 0.0996128 2.49195e-12 0.00613 0 0 0 0.0987536 0.186376 0.239414 0.132047 0.161393 0.129629 0.0354108 0.0140507 0.0278521 0 0 0
747.518 3.11466 374.545 292.522 1.01231 1.01776 0.3 0.8 1 1.4 1.8 2.6 3.4 4.1 4.5 5.2 0 0 0.156235 2.01117e-13 0.369281 0.15372 0.145036 0.1556 8.02802e-13 0.032442 1.51879e-13 0 0 0 0.173085 0.0800931 0.255301 0.119688 0.196581 0.12606 0.0380258 0.0216146 0.00730754 0 0 0
777.408 3.2392 384.699 302.677 1.01194 1.11139 0.3 0.9 1.1 1.4 1.8 2.6 3.5 4 4.8 5.2 0 0 0.154332 0.134625 0.293831 0.0764675 0.168034 0.151669 0 0.0329848 2.60902e-15 0 0 0 0.172729 0.294206 0.000604937 0.194286 0.180189 0.158881 0.0487891 0.0353826 0.0263258 0 0 0
740.244 3.08435 372.012 289.989 1.01206 0.913287 0.2 0.5 1 1.2 1.7 2.5 2.7 4 4.9 5.2 0 0 0.0869028 0.0933741 0.264587 0.174691 0.193061 0.111175 0.0566364 0.0316359 1.08136e-13 0 0 0 0.0810471 0.153592 0.206523 0.129412 0.21761 0.0954189 0.0131379 0.00843585 0.0081104 0 0 0
451.137 1.87974 243.753 161.73 1.00801 1.01249 0.2 0.4 0.8 1.1 1.6 2.3 3 3.8 4.4 5.2 0 0 0.0225595 0.124973 0.210101 0.175455 0.258719 0.136247 0.0578064 0.0182618 0.0038872 0 0 0 0.0855576 0.0748356 0.18776 0.18932 0.235059 0.142161 0.0579301 0.0292794 0.0105854 0 0 0
438.312 1.8263 236.284 154.261 1.00807 1.04495 0.3 0.6 0.9 1.1 1.6 2.3 3 3.6 4.4 5.2 0 0 0.0912804 0.133133 0.156694 0.151379 0.259644 0.135836 0.0547956 0.0180988 0.00720434 0 0 0 0.159528 0.0157365 0.303574 0.028895 0.275637 0.138213 0.0621799 0.033822 0.0273677 0 0 0
516.916 2.15381 279.005 196.982 1.01318 1.05269 0.2 0.4 1 1.2 1.7 2.4 3.2 4 5.2 5.2 0 0 0.0849344 0.093113 0.275393 0.117629 0.274848 0.0705047 0.0845859 1.16498e-11 0.0121682 0 0 0 0.0401994 0.169234 0.340789 0.00464998 0.267537 0.131207 0.0826149 0.0164553 2.33936e-10 0 0 0
471.975 1.96656 255.448 173.425 1.00853 0.963831 0.3 0.4 0.9 1 1.6 2.4 3.2 4 4.7 5.2 0 0 0.0279346 0.138616 0.2324 0.11369 0.291324 0.142037 0.0489047 0.0117226 0.0018998 0 0 0 0.172358 7.22367e-13 0.186875 0.159261 0.264159 0.143069 0.0238967 0.0142122 2.81442e-13 0 0 0
447.381 1.86409 241.588 159.565 1.00767 1.08405 0.3 0.7 1 1.2 1.6 2.3 3 3.9 4.9 5.2 0 0 0.100347 0.207883 0.132203 0.103801 0.245397 0.139136 0.0573355 0.0202053 0.00136194 0 0 0 0.169807 0.0543093 0.30595 0.0067968 0.243417 0.153236 0.0767685 0.0578543 0.0159062 0 0 0
475.122 1.97968 257.17 175.147 1.00828 1.08113 0.3 0.6 1 1.3 1.7 2.4 3.2 4.1 4.2 5.2 0 0 0.0873522 0.157332 0.249232 0.0949461 0.227819 0.125411 0.0526066 0.00170208 0.0118777 0 0 0 0.163334 0.0525305 0.30507 0.0677021 0.221562 0.153122 0.0753431 0.0424711 3.93867e-10 0 0 0
455.4 1.8975 246.189 164.166 1.00842 0.98508 0.2 0.5 1 1.1 1.7 2.5 3.3 3.9 4.2 5.2 0 0 0.0348024 0.187685 0.219344 0.123011 0.264484 0.127025 0.04134 5.61509e-11 0.010733 0 0 0 0.0882674 0.134794 0.198493 0.145012 0.236952 0.135511 0.0202396 0.0258109 1.88373e-11 0 0 0
449.041 1.871 242.547 160.524 1.00848 1.01887 0.2 0.5 0.9 1.2 1.6 2.3 3 3.8 4.5 5.2 0 0 0.0418814 0.154649 0.237976 0.10753 0.247901 0.138416 0.0560653 0.0198702 0.00419463 0 0 0 0.0905287 0.119227 0.19623 0.156371 0.206263 0.154209 0.0562219 0.033975 0.00584075 0 0 0
469.18 1.95492 253.91 171.887 1.00838 0.977834 0.2 0.4 0.9 1 1.6 2.4 3.2 4 4.6 5.2 0 0 0.0116692 0.157127 0.222251 0.122216 0.290906 0.142361 0.0482099 0.011285 0.0023572 0 0 0 0.0707435 0.114831 0.127816 0.206897 0.259184 0.145607 0.0307903 0.021966 1.31567e-12 0 0 0
939.357 3.91399 433.71 351.687 1.01143 0.892591 0.2 0.4 1 1.1 1.6 2.5 3 4 3.6 5.2 0 0 0.0668991 0.0948873 0.328659 0.0729709 0.236586 0.169107 0.0102497 0.0320739 4.4964e-15 0 0 0 0.0532357 0.148187 0.308311 1.20559e-12 0.232299 0.119438 3.4715e-12 0.0154916 0.0156287 0 0 0
453.132 1.88805 244.896 162.873 1.0085 1.01689 0.2 0.6 1 1.4 1.9 2.6 3.4 3.9 4.3 5.2 0 0 0.0540809 0.216837 0.199086 0.217196 0.16911 0.106395 0.0359678 1.85282e-08 0.00982624 0 0 0 0.102611 0.153767 0.224731 0.19672 0.160864 0.125996 0.0216866 0.0305113 1.22647e-08 0 0 0
457.032 1.9043 247.116 165.093 1.00728 1.14812 0.3 0.4 0.9 1.1 1.6 2.3 3 3.9 4.9 5.2 0 0 0.0254403 0.142205 0.271603 0.0841072 0.271256 0.132156 0.0593817 0.0198626 0.00126452 0 0 0 0.165934 0.0118157 0.23101 0.132122 0.246093 0.162803 0.0923118 0.0773153 0.028711 0 0 0
508.559 2.119 274.784 192.761 1.00881 1.00363 0.3 0.7 1 1.2 1.8 2.6 3.4 4.3 4.9 5.2 0 0 0.0979896 0.233138 0.0135189 0.275722 0.228975 0.115444 0.0350597 0.00896209 1.7597e-13 0 0 0 0.156536 0.0987517 0.223942 0.106534 0.254034 0.105169 0.0393894 0.0192699 8.4116e-13 0 0 0
442.216 1.84257 238.58 156.557 1.00669 1.00821 0.3 0.4 0.9 1.3 1.6 2.3 3 3.7 3.9 5.2 0 0 0.0312162 0.131882 0.310913 0.0705216 0.247094 0.137952 0.0549703 0.0182502 0.00389444 0 0 0 0.17088 0.000210679 0.28663 0.111713 0.197041 0.152366 0.0554845 2.70883e-09 0.0338836 0 0 0
470.44 1.96017 254.604 172.582 1.00771 1.10588 0.2 0.6 1.1 1.4 1.8 2.5 3.2 3.9 5 5.2 0 0 0.0516159 0.234808 0.260282 0.0911735 0.201416 0.11233 0.0388752 0.0159621 0.0012443 0 0 0 0.0966147 0.18827 0.254652 0.114155 0.17266 0.154348 0.0407197 0.0622346 0.0222251 0 0 0
465.321 1.93884 251.771 169.748 1.00859 1.03389 0.3 0.6 1 1.1 1.7 2.5 3.3 3.9 4.3 5.2 0 0 0.0873162 0.16326 0.125291 0.192106 0.259913 0.126708 0.0422075 0.00118007 0.0106055 0 0 0 0.168251 0.0366163 0.307974 0.0511155 0.257622 0.146788 0.0364559 0.0208458 0.00822579 0 0 0
469.414 1.95589 254.039 172.016 1.00735 1.06921 0.3 0.7 1 1.3 1.8 2.5 3.2 4.3 3.9 5.2 0 0 0.0990789 0.218406 0.106552 0.218754 0.194254 0.113953 0.0393888 4.13563e-10 0.016968 0 0 0 0.158691 0.0892406 0.274065 0.0746356 0.258994 0.105121 0.072901 0.0355564 3.3053e-12 0 0 0
496.981 2.07075 268.819 186.797 1.00745 1.07211 0.2 0.6 1 1.1 1.7 2.5 3.4 4 5.1 5.2 0 0 0.0530884 0.227735 1.64548e-06 0.294026 0.251632 0.133281 0.0404953 0.00556151 0.00163099 0 0 0 0.100266 0.170677 0.00778436 0.301222 0.227948 0.159386 0.0360947 0.0478947 0.0208349 0 0 0
874.787 3.64494 415.265 333.242 1.01237 0.903854 0.2 0.6 1 1.1 1.5 2.3 2.8 4 4.9 5.2 0 0 0.0963692 0.101133 0.280188 0.0412356 0.255088 0.134668 0.0752489 0.0284365 5.55112e-17 0 0 0 0.0993098 0.163555 0.175813 0.0348764 0.255773 0.116163 0.0251926 0.0170363 0.0161348 0 0 0
517.463 2.1561 279.279 197.257 1.01414 1.00906 0.2 0.4 1 1.1 1.7 2.5 3.3 3.7 5.2 5.2 0 0 0.0833958 0.0965304 0.184089 0.197385 0.289877 0.0763739 0.0774235 2.70173e-13 0.00906497 0 0 0 0.060358 0.140494 0.300087 0.0619784 0.247919 0.135848 0.0197232 0.0225906 0.0200659 0 0 0
443.189 1.84662 239.149 157.126 1.00694 0.99922 0.3 0.6 0.9 1.1 1.5 2.2 2.8 3.4 3.9 5.2 0 0 0.0957167 0.104279 0.263809 0.00719132 0.294717 0.145185 0.0584188 0.0267532 0.0108719 0 0 0 0.170883 3.77476e-15 0.27851 0.0403041 0.253506 0.147884 0.0665372 0.00970107 0.0318946 0 0 0
488.956 2.03732 264.603 182.58 1.00725 1.23763 0.3 0.6 1 1.2 1.7 2.5 3.3 4 5 5.2 0 0 0.0886507 0.155037 0.232454 0.0957884 0.256024 0.128776 0.0381239 0.0105666 0.00183296 0 0 0 0.159898 0.0675507 0.251994 0.107907 0.241858 0.188984 0.0712586 0.0985574 0.0496168 0 0 0
483.896 2.01623 261.909 179.886 1.00914 0.963052 0.3 0.7 1 1.2 1.7 2.5 3.4 3.8 4.4 5.2 0 0 0.101626 0.199623 0.132972 0.140609 0.252273 0.131744 0.0428397 2.05362e-10 0.00745641 0 0 0 0.17019 0.0473263 0.298257 0.0482059 0.237841 0.13036 0.0117809 0.0190919 5.20057e-11 0 0 0
453.736 1.89057 245.241 163.218 1.0067 1.0043 0.1 0.6 1 1.3 1.5 2.2 2.9 3.7 3.9 5.2 0 0 0.0408719 0.23882 0.198286 0.00900003 0.275336 0.153729 0.0652372 0.0254187 4.07162e-09 0 0 0 0.0745205 0.216732 0.137495 0.139565 0.167179 0.16695 0.0658163 0.00307707 0.0329682 0 0 0
597.116 2.48798 316.361 234.339 1.01233 0.926436 0.2 0.6 1.1 1.5 1.9 2.6 3.2 4 5.2 5.2 0 0 0.110348 0.122132 0.310879 0.16421 0.1704 0.0479012 0.0770611 7.59393e-13 0.0093944 0 0 0 0.0882546 0.202051 0.247791 0.119397 0.15892 0.0654556 0.0361901 0.0083763 4.01597e-10 0 0 0
472.762 1.96984 255.88 173.857 1.00838 1.0051 0.2 0.6 1 1.1 1.7 2.4 3.1 3.8 4.4 5.2 0 0 0.0527524 0.228753 5.17493e-11 0.294273 0.243477 0.119908 0.0490923 0.0152093 0.00491896 0 0 0 0.101177 0.16422 0.0534061 0.256139 0.226248 0.129651 0.0446576 0.0225291 0.00707614 0 0 0
1001.03 4.17094 450.179 368.156 1.01156 1.14758 0.2 0.5 1 1.1 1.7 2.5 3.2 3.9 5.1 5.2 0 0 0.0586071 0.178214 0.133421 0.155054 0.34639 0.0361408 0.0997923 1.05471e-15 0.00393819 0 0 0 0.0920722 0.134057 0.181794 0.170201 0.258298 0.161704 0.0494532 0.0539114 0.0460856 0 0 0
443.543 1.84809 239.356 157.333 1.00761 1.09289 0.3 0.7 0.9 1.1 1.6 2.3 3 3.9 4.9 5.2 0 0 0.0996409 0.216264 0.0123809 0.210429 0.251656 0.138139 0.0576004 0.0201435 0.00135895 0 0 0 0.17121 0.0231791 0.196161 0.151564 0.237478 0.155904 0.0785973 0.0614635 0.0173334 0 0 0
508.559 2.119 274.784 192.761 1.00881 1.00363 0.3 0.7 1 1.2 1.8 2.6 3.4 4.3 4.9 5.2 0 0 0.0979896 0.233138 0.0135189 0.275722 0.228975 0.115444 0.0350597 0.00896209 1.7597e-13 0 0 0 0.156536 0.0987517 0.223942 0.106534 0.254034 0.105169 0.0393894 0.0192699 8.41105e-13 0 0 0
457.032 1.9043 247.116 165.093 1.00728 1.14812 0.3 0.4 0.9 1.1 1.6 2.3 3 3.9 4.9 5.2 0 0 0.0254403 0.142205 0.271603 0.0841072 0.271256 0.132156 0.0593817 0.0198626 0.00126452 0 0 0 0.165934 0.0118157 0.23101 0.132122 0.246093 0.162803 0.0923118 0.0773153 0.028711 0 0 0
470.097 1.95874 254.416 172.393 1.00841 0.996101 0.2 0.4 0.9 1.2 1.7 2.5 3.4 3.9 4.3 5.2 0 0 0.0075756 0.165121 0.261409 0.140413 0.252466 0.132006 0.0413222 6.62882e-10 0.0080993 0 0 0 0.0700062 0.114697 0.233022 0.162117 0.221076 0.145283 0.0222161 0.027684 2.96453e-08 0 0 0
446.736 1.8614 241.214 159.191 1.00667 0.979804 0.3 0.6 0.9 1 1.5 2.2 2.9 3.7 3.9 5.2 0 0 0.0952455 0.106671 0.250327 0.0194183 0.293122 0.151126 0.0659593 0.0248046 7.13646e-10 0 0 0 0.170305 1.58762e-13 0.255863 0.0583487 0.251935 0.149833 0.0627739 0.00176426 0.0289818 0 0 0
442.216 1.84257 238.58 156.557 1.00669 1.00817 0.3 0.4 0.9 1.3 1.6 2.3 3 3.7 3.9 5.2 0 0 0.0312164 0.131882 0.310913 0.0705213 0.247095 0.13795 0.0549719 0.0182485 0.00389597 0 0 0 0.170877 0.000213828 0.286626 0.111713 0.197037 0.152357 0.0554717 5.11558e-09 0.0338701 0 0 0
483.896 2.01623 261.909 179.886 1.00915 0.963047 0.3 0.7 1 1.2 1.7 2.5 3.4 3.8 4.4 5.2 0 0 0.101625 0.199626 0.132972 0.140606 0.252273 0.131746 0.0428378 1.17205e-09 0.00745855 0 0 0 0.170189 0.0473307 0.298253 0.0482065 0.237843 0.130358 0.0117757 0.0190915 3.03982e-10 0 0 0
461.077 1.92115 249.398 167.375 1.00797 1.22364 0.3 0.6 1 1.4 1.8 2.5 3.3 4.3 5.5 5.2 0 0 0.0874386 0.157459 0.254206 0.149626 0.187909 0.116691 0.0427593 0.0118831 2.77994e-12 0 0 0 0.155911 0.060423 0.335521 0.0584808 0.248988 0.137687 0.108851 0.0822627 0.0355132 0 0 0
486.154 2.02564 263.115 181.092 1.00733 1.17907 0.3 0.7 1.1 1.4 1.8 2.5 3.3 4.2 4.9 5.2 0 0 0.0987377 0.224969 0.193065 0.132845 0.187163 0.117362 0.043548 0.00879408 0.000848235 0 0 0 0.152091 0.146173 0.271491 0.0402552 0.239353 0.128642 0.102457 0.0664865 0.0321228 0 0 0
454.291 1.89288 245.558 163.535 1.0085 0.964065 0.1 0.6 1.1 1.2 1.7 2.4 3.1 3.8 4.5 5.2 0 0 0.0390304 0.258404 0.173407 0.119996 0.224045 0.126634 0.0465396 0.0163639 0.0040842 0 0 0 0.0748622 0.219751 0.157007 0.14022 0.193052 0.130201 0.0286488 0.0203236 9.22929e-10 0 0 0
467.865 1.94944 253.183 171.16 1.00853 0.979476 0.2 0.4 0.9 1.1 1.7 2.5 3.3 3.9 4.2 5.2 0 0 0.00378931 0.174883 0.202683 0.181185 0.267808 0.126274 0.0413679 1.55941e-09 0.0105417 0 0 0 0.0663994 0.124265 0.165509 0.209138 0.236197 0.132451 0.019787 0.0257302 2.03565e-09 0 0 0
568.586 2.36911 303.681 221.658 1.01467 1.05317 0.2 0.5 1 1.2 1.8 2.6 3.3 4.5 5.2 5.2 0 0 0.0995991 0.101654 0.168489 0.247283 0.253765 0.0591343 0.0740075 4.19054e-13 0.0107403 0 0 0 0.0780134 0.152502 0.266708 0.0887807 0.272957 0.104821 0.0685821 0.0208056 3.08846e-10 0 0 0
685.751 2.8573 352.208 270.185 1.00587 1.48378 0.3 0.8 1 1.4 2 2.6 3.4 4.2 5.1 5.2 0 0 0.109564 0.319362 8.54283e-12 0.286794 0.154484 0.0901059 0.0384959 0.00474964 0.00231091 0 0 0 0.169899 0.142281 0.161486 0.251968 0.185162 0.179988 0.156698 0.15386 0.082435 0 0 0
523.692 2.18205 282.379 200.356 1.01107 1.05921 0.1 0.3 0.9 1.2 1.7 2.4 3.2 3.7 5 5.2 0 0 0.0248107 0.134366 0.207415 0.216077 0.260869 0.0750148 0.0844736 0.000513525 0.00753222 0 0 0 9.58369e-11 0.170629 0.272726 0.134495 0.227959 0.144672 0.0448672 0.0358838 0.0279732 0 0 0
603.907 2.51628 319.29 237.267 1.00644 1.16867 0.3 0.8 1.3 1.4 1.9 2.6 3.4 4.2 5 5.2 0 0 0.109849 0.318526 0.037606 0.227168 0.163456 0.108692 0.0354024 0.00573892 2.77996e-11 0 0 0 0.154517 0.244874 0.254638 5.29616e-11 0.204994 0.11968 0.085382 0.0689865 0.0355959 0 0 0
785.451 3.27271 387.365 305.342 1.0128 0.88132 0.2 0.3 0.9 1 1.6 2.4 2.8 4 4.9 5.2 0 0 0.0136536 0.137054 5.18786e-10 0.403747 0.2439 0.120782 0.0637228 0.0299378 2.88708e-11 0 0 0 3.1164e-13 0.173758 0.154403 0.180623 0.251967 0.105794 0.0114905 2.40836e-07 0.00328485 0 0 0
443.543 1.84809 239.356 157.333 1.00761 1.09289 0.3 0.7 0.9 1.1 1.6 2.3 3 3.9 4.9 5.2 0 0 0.0996409 0.216264 0.0123811 0.210428 0.251657 0.138139 0.0576004 0.0201435 0.00135894 0 0 0 0.17121 0.0231791 0.196161 0.151564 0.237478 0.155904 0.0785973 0.0614635 0.0173334 0 0 0
552.02 2.30009 296.023 214 1.00778 0.971074 0.2 0.6 0.8 1.2 1.7 2.2 3.1 3.5 4.5 5.2 0 0 0.11466 0.0669372 0.122254 0.302657 0.214879 0.0865949 0.0843415 0.0154521 7.84428e-13 0 0 0 0.0985964 0.110974 0.165451 0.204157 0.18785 0.114009 0.0740777 3.16505e-10 0.0159585 0 0 0
517.463 2.1561 279.279 197.257 1.01414 1.00906 0.2 0.4 1 1.1 1.7 2.5 3.3 3.7 5.2 5.2 0 0 0.0833958 0.0965304 0.184089 0.197385 0.289877 0.0763739 0.0774235 2.70173e-13 0.00906497 0 0 0 0.060358 0.140494 0.300087 0.0619784 0.247919 0.135848 0.0197232 0.0225906 0.0200659 0 0 0
730.801 3.045 368.687 286.664 1.0106 1.28778 0.2 0.5 1 1.3 1.8 2.6 3.3 4 4.9 5.2 0 0 0.0872532 0.0916655 0.297316 0.188054 0.161811 0.152196 1.44551e-13 0.0323075 2.29394e-11 0 0 0 0.0828696 0.156357 0.235975 0.161798 0.237064 0.176113 0.0820698 0.0962718 0.0592649 0 0 0
807.682 3.36534 394.594 312.571 1.0119 0.943656 0.2 0.5 0.9 1.3 1.7 2.4 2.8 4 4.9 5.2 0 0 0.0941465 0.0587931 0.257467 0.257744 0.128053 0.123701 0.06309 0.0289112 7.54952e-15 0 0 0 0.0872005 0.125759 0.198949 0.19561 0.166115 0.0966898 0.0304591 0.0213744 0.0214989 0 0 0
