Chi2   rChi2   BIC   AIC    Qichtot    Qimtot  R[0]  R[1]  R[2]  R[3]  R[4]  R[5]  R[6]  R[7]  R[8]  R[9]  R[10]  R[11]  Q0ch    Q1ch    Q2ch    Q3ch    Q4ch    Q5ch    Q6ch    Q7ch    Q8ch    Q9ch    Q10ch    Q11ch    Q0m    Q1m    Q2m    Q3m    Q4m    Q5m    Q6m    Q7m    Q8m    Q9m    Q10m    Q11m
457.279 1.92134 258.369 167.233 1.00673 1.25865 0.1 0.6 1 1.4 1.8 2.3 2.9 3.7 4.3 5.2 0 0 0.040421 0.243734 0.175311 0.22835 0.11685 0.116475 0.0574601 0.0244523 0.00367971 1.4831e-10 0 0 0.0768766 0.206906 0.17977 0.241081 0.0966493 0.160405 0.103148 0.0893896 0.060286 0.0441352 0 0
477.399 2.00588 269.522 178.385 1.00729 1.05045 0.2 0.7 1.3 1.8 2.2 2.6 3.3 4 5.1 5.5 0 0 0.0647018 0.310266 0.288006 0.150076 0.0623769 0.0834014 0.037134 0.0113302 1.60932e-11 9.82825e-13 0 0 0.106179 0.253187 0.321234 0.0850508 0.10831 0.0777518 0.0359764 0.0438193 0.0153757 0.00356973 0 0
446.264 1.87506 252.054 160.917 1.00675 1.11061 0.0001 0.6 0.7 1.3 1.7 2.2 2.9 3.7 4 5.1 0 0 0.0403747 0.11977 0.205609 0.296618 0.10954 0.141567 0.0684166 0.0220786 0.00277754 1.01635e-07 0 0 0.0701597 0.144536 0.13882 0.332825 0.0592642 0.175131 0.085892 0.0186761 0.056934 0.0283716 0 0
450.024 1.89086 254.227 163.091 1.00805 1.09396 0.2 0.6 1 1.4 1.9 2.5 3.1 3.8 4.8 4.7 0 0 0.0536464 0.21876 0.195377 0.222662 0.158815 0.0953874 0.0414738 0.0187506 1.94174e-07 0.00317793 0 0 0.0986181 0.173258 0.188813 0.238609 0.131448 0.13656 0.03927 0.062726 0.0246524 2.74288e-08 0 0
459.838 1.93209 259.814 168.678 1.00854 0.971108 0.2 0.6 1 1.5 1.9 2.4 3.1 3.9 4.6 4.4 0 0 0.0554164 0.20893 0.230756 0.239665 0.0884248 0.11615 0.0508971 0.0151401 0.00316154 4.60743e-15 0 0 0.103438 0.145872 0.251618 0.214321 0.0801733 0.118147 0.0365601 0.0209783 3.50703e-12 1.18239e-14 0 0
456.133 1.91653 257.719 166.583 1.0069 1.25648 0.2 0.6 1.1 1.6 2 2.5 3.1 3.9 5 6.1 0 0 0.0521836 0.2326 0.276367 0.196283 0.0938872 0.0932843 0.0431402 0.018872 0.000278155 9.03888e-12 0 0 0.0972666 0.188176 0.275926 0.216246 0.0661183 0.151851 0.0604989 0.0987563 0.0678936 0.033746 0 0
452.869 1.90281 255.859 164.723 1.00799 1.09835 0.1 0.6 1.1 1.6 1.9 2.4 3.1 3.8 4.5 5.8 0 0 0.0395432 0.253771 0.259801 0.211286 0.0539371 0.122331 0.0470335 0.016427 0.00386312 2.45731e-12 0 0 0.0684088 0.234239 0.255308 0.158152 0.116811 0.100008 0.079276 0.0282054 0.0387892 0.0191525 0 0
580.281 2.43816 320.068 228.931 1.01248 1.1766 0.0001 0.4 1 1.5 1.8 2.4 3.2 4 5 5.3 0 0 0.0502364 0.130836 0.314838 0.214766 0.133708 0.0730996 0.0846477 6.10068e-13 8.10805e-09 0.0103535 0 0 0.0336297 0.174069 0.326692 0.152785 0.131003 0.153264 0.0828709 0.068442 0.0538422 3.37081e-09 0 0
892.509 3.75004 431.573 340.437 1.01107 0.868673 0.2 0.6 1 1.4 2 2.4 3.3 3.7 4.6 5.1 0 0 0.077309 0.132428 0.317901 0.156457 0.184511 0.0727096 0.0630636 1.45712e-11 0.00669373 9.37583e-13 0 0 0.100204 0.15628 0.19631 0.226918 0.0887899 0.0839503 1.07137e-14 0.0162207 3.75816e-12 6.3197e-10 0 0
552.647 2.32205 307.431 216.294 1.00955 1.3644 0.1 0.6 1.1 1.5 2 2.5 3.1 3.9 4.7 5.5 0 0 0.0834491 0.168813 0.263151 0.229631 0.142928 0.017874 0.0919546 0.00459345 1.526e-13 0.00715898 0 0 0.0682901 0.243345 0.231086 0.179895 0.192346 0.0802292 0.139648 0.0997363 0.0849118 0.0449124 0 0
565.734 2.37704 313.492 222.356 1.01258 0.993493 0.2 0.7 1.2 1.4 1.9 2.2 3.1 3.7 4.4 5.2 0 0 0.11497 0.179161 0.252259 0.148684 0.161987 0.0442608 0.0952546 0.00688221 2.08167e-13 0.00912093 0 0 0.0990098 0.275309 0.102183 0.211436 0.0918872 0.118268 0.077375 3.65391e-09 0.0138706 0.00415428 0 0
524.584 2.20414 293.933 202.796 1.01357 1.01165 0.2 0.6 0.9 1.4 2 2.4 3.1 3.6 4.4 5.2 0 0 0.116285 0.0665021 0.220584 0.328156 0.155903 0.015444 0.0879181 0.0120445 5.14588e-14 0.010734 0 0 0.0936045 0.160857 0.1809 0.266232 0.160465 0.0599198 0.0772053 0.00371077 0.00875115 1.45147e-08 0 0
562.328 2.36272 311.928 220.792 1.00807 0.988871 0.2 0.7 1.2 1.7 2.1 2.9 3.3 4.2 4.7 5.6 0 0 0.116093 0.17079 0.32947 0.188122 0.0938575 0.053746 0.05599 6.05072e-15 1.97453e-13 1.22463e-10 0 0 0.10087 0.254289 0.231884 0.154589 0.119232 0.0579569 0.0206474 0.00439798 0.0221968 0.0228071 0 0
517.469 2.17424 290.396 199.259 1.01371 1.02674 0.1 0.6 1.1 1.4 1.8 2.3 3.1 3.5 5.2 4 0 0 0.083147 0.170498 0.242411 0.176083 0.170027 0.0645222 0.0793309 0.0165749 0.0111148 1.48986e-12 0 0 0.0667078 0.246284 0.198588 0.14331 0.152689 0.122128 0.081537 1.1447e-10 0.00184736 0.0136469 0 0
763.976 3.20998 391.299 300.162 1.0116 1.07238 0.3 0.9 1.1 1.6 1.7 2.5 2.8 4 4.1 5.4 0 0 0.153979 0.127275 0.327084 3.18587e-09 0.205266 0.133164 0.034677 0.0301345 1.8161e-05 3.38655e-11 0 0 0.169195 0.227682 0.141553 0.155527 0.0723784 0.148127 0.00990103 0.086352 0.00501359 0.0566558 0 0
562.419 2.3631 311.97 220.833 1.0131 1.07082 0.1 0.6 1.1 1.5 2.1 2.8 3.1 3.4 4.4 5.2 0 0 0.0827629 0.172357 0.250187 0.257078 0.141741 7.7617e-08 0.0845311 0.0130924 1.27716e-10 0.0113502 0 0 0.0668683 0.245879 0.208225 0.206713 0.18022 0.0559681 0.0231535 0.0463254 0.0274581 0.0100059 0 0
526.096 2.21049 294.678 203.542 1.01239 1.08073 0.0001 0.5 1 1.4 1.9 2.4 3.1 3.5 4.1 5.1 0 0 0.0666204 0.141355 0.239484 0.254943 0.167366 0.0370241 0.0799358 0.0164714 4.88498e-15 0.00919431 0 0 0.0490273 0.19684 0.253726 0.164112 0.193283 0.0789011 0.0944285 2.06932e-08 0.0333083 0.0170997 0 0
535.753 2.25106 299.389 208.253 1.01305 1.03261 0.2 0.5 1 1.5 1.9 2.3 3.1 3.5 4.2 5.2 0 0 0.106025 0.079726 0.303942 0.250734 0.108014 0.0587501 0.0782806 0.0180471 2.58793e-12 0.00952861 0 0 0.0788824 0.148857 0.299181 0.154461 0.147379 0.0856002 0.0901694 2.49245e-14 0.0211372 0.00694031 0 0
570.64 2.39765 315.729 224.592 1.01289 0.917026 0.2 0.7 1.2 1.7 2.1 3 3.4 4.6 5.3 5.5 0 0 0.115895 0.17121 0.32864 0.186771 0.0955726 0.0748057 0.0314133 7.00739e-12 0.00858274 6.65573e-12 0 0 0.100655 0.254014 0.226343 0.155148 0.109726 0.0614832 2.33993e-11 0.00850977 0.00114844 1.53505e-12 0 0
844.722 3.54925 417.321 326.185 1.01181 1.03079 0.2 0.6 1.1 1.7 2.2 2.5 3.4 3.8 4.8 5.1 0 0 0.0757407 0.158044 0.393171 0.121432 0.177446 0.0166255 0.0620644 1.88738e-15 0.00728969 9.84995e-12 0 0 0.10251 0.16476 0.314591 0.215435 0.00294524 0.147624 6.62405e-08 0.0558573 2.31519e-09 0.0270696 0 0
446.372 1.87551 252.116 160.98 1.00808 1.1062 0.2 0.6 1.1 1.6 1.8 2.4 3.1 3.9 4.7 5.5 0 0 0.0520913 0.231994 0.281185 0.153053 0.100681 0.12041 0.048968 0.0174623 0.00223526 2.77556e-16 0 0 0.0977293 0.181746 0.286532 0.17842 0.0527477 0.160845 0.0542317 0.0585815 0.0176552 0.017715 0 0
460.221 1.9337 260.03 168.893 1.00834 1.02941 0.2 0.6 1 1.5 1.8 2.3 3 3.6 4.5 4.6 0 0 0.0549591 0.209895 0.230392 0.233784 0.0673008 0.130989 0.0558302 0.01815 0.00704172 7.42998e-09 0 0 0.100308 0.150947 0.259971 0.189658 0.0764798 0.146518 0.0423108 0.0431133 4.84687e-08 0.0201026 0 0
461.01 1.93702 260.474 169.337 1.00717 1.28736 -0.0999 0.6 0.9 1.4 1.8 2.2 2.9 3.7 4.5 5.4 0 0 0.042114 0.220369 0.162016 0.291039 0.0567554 0.140545 0.067673 0.0225911 0.00406984 2.14463e-10 0 0 0.071256 0.201779 0.165879 0.265282 0.0847557 0.160812 0.120784 0.0957525 0.0797065 0.0413584 0 0
451.517 1.89713 255.085 163.948 1.00674 1.08938 0.0001 0.6 0.7 1.3 1.5 2.1 2.8 3.7 3.9 5.1 0 0 0.0408264 0.109581 0.219273 0.252324 0.110462 0.167097 0.0777586 0.0294129 1.3596e-10 6.10422e-09 0 0 0.0700556 0.150528 0.130149 0.336219 0.0245581 0.185418 0.099991 0.00819695 0.0609855 0.0232778 0 0
446.102 1.87438 251.96 160.824 1.00738 1.18053 0.2 0.6 0.9 1.4 1.8 2.3 3 3.7 4.5 5.5 0 0 0.0572176 0.185451 0.19288 0.263718 0.0998529 0.127935 0.0573846 0.0188439 0.00409937 1.41307e-09 0 0 0.0965765 0.142407 0.216192 0.21393 0.143332 0.128353 0.094272 0.0603644 0.0620743 0.0230241 0 0
468.116 1.96687 264.435 173.299 1.00817 1.05669 0.1 0.6 1.1 1.6 2 2.5 3.2 4.2 4.6 6 0 0 0.039788 0.253695 0.258925 0.215655 0.0764658 0.104676 0.0459256 0.0130435 4.31967e-10 2.12592e-11 0 0 0.0690639 0.232292 0.253055 0.17189 0.128158 0.0689142 0.0698896 0.00913478 0.0291451 0.0251484 0 0
757.975 3.18477 389.257 298.12 1.01117 1.29045 0.3 0.9 1.1 1.6 2.1 2.6 3.2 4 4.2 5.3 0 0 0.152762 0.144274 0.293436 0.179924 0.0697407 0.135823 4.51583e-13 0.0352134 3.90992e-10 4.43804e-10 0 0 0.172256 0.248963 0.130811 0.240971 0.0846403 0.168479 0.0432962 0.114021 0.0166022 0.0704114 0 0
456.713 1.91896 258.048 166.912 1.00792 1.08142 0.1 0.6 1.1 1.6 1.9 2.4 3.1 3.9 4.5 5.7 0 0 0.0395423 0.253847 0.259808 0.210817 0.0546438 0.121825 0.0485262 0.0168311 0.00207602 4.76701e-10 0 0 0.0684183 0.232571 0.259392 0.150329 0.11983 0.0990167 0.0759384 0.0290284 0.0292273 0.01767 0 0
452.869 1.90281 255.859 164.723 1.00799 1.09835 0.1 0.6 1.1 1.6 1.9 2.4 3.1 3.8 4.5 5.8 0 0 0.0395432 0.253771 0.259801 0.211286 0.0539371 0.122331 0.0470335 0.016427 0.00386312 2.45731e-12 0 0 0.0684088 0.234239 0.255308 0.158152 0.116811 0.100008 0.079276 0.0282054 0.0387892 0.0191525 0 0
467.926 1.96607 264.33 173.194 1.0079 1.15728 0.0001 0.6 1.1 1.6 2.1 2.5 3 3.7 4.5 5.7 0 0 0.036088 0.259735 0.254251 0.22611 0.0835808 0.0806636 0.0391369 0.0242144 0.00412418 5.2206e-12 0 0 0.0628197 0.24482 0.247273 0.197332 0.150159 0.0331565 0.0962825 0.0472758 0.0531506 0.0250136 0 0
454.712 1.91055 256.911 165.775 1.0081 1.14607 0.1 0.6 1 1.4 1.8 2.3 3 3.9 4.6 5.3 0 0 0.0402683 0.244304 0.173904 0.230094 0.114228 0.121706 0.0614654 0.0194367 0.00269171 7.73603e-10 0 0 0.0745526 0.216814 0.155409 0.271554 0.0603923 0.176409 0.0806399 0.0741091 0.0126718 0.0235214 0 0
468.116 1.96687 264.435 173.299 1.00817 1.05669 0.1 0.6 1.1 1.6 2 2.5 3.2 4.2 4.6 6 0 0 0.039788 0.253695 0.258925 0.215655 0.0764659 0.104676 0.0459256 0.0130435 4.30616e-10 2.28436e-11 0 0 0.0690639 0.232292 0.253055 0.17189 0.128158 0.068914 0.0698902 0.00913549 0.0291449 0.0251479 0 0
455.263 1.91287 257.225 166.088 1.00822 1.00762 0.2 0.6 1 1.5 1.9 2.4 3.1 4 4.3 4.7 0 0 0.055227 0.209575 0.229461 0.241681 0.0869624 0.115884 0.0518716 0.0165061 7.63499e-10 0.00104727 0 0 0.09466 0.165862 0.250376 0.177908 0.138835 0.0899473 0.0639254 0.0152396 0.010863 1.69198e-09 0 0
455.14 1.91235 257.155 166.018 1.00907 0.98281 0.0001 0.6 0.7 1.3 1.7 2.2 2.9 3.7 4.6 5.2 0 0 0.0405562 0.116884 0.209001 0.294168 0.11095 0.141 0.0670634 0.0245957 0.00485699 5.55112e-17 0 0 0.0692582 0.156261 0.125728 0.326744 0.0623728 0.162198 0.058259 0.0219877 1.69309e-14 2.94209e-15 0 0
462.198 1.94201 261.141 170.004 1.00799 1.14571 0.2 0.6 1 1.5 1.7 2.3 3 3.9 4.7 5.3 0 0 0.0555272 0.20826 0.233053 0.210377 0.0825189 0.138421 0.0570609 0.0207342 0.00203991 1.48997e-10 0 0 0.100781 0.160421 0.23128 0.269259 0.00840053 0.185148 0.0782329 0.0775429 0.0126678 0.0219778 0 0
483.118 2.02991 272.606 181.469 1.00854 0.968861 0.0001 0.6 1.1 1.5 1.9 2.5 3.2 4.2 4.5 5.7 0 0 0.0358411 0.262347 0.237946 0.173913 0.133244 0.106555 0.0460088 0.0126843 2.7004e-12 7.77156e-16 0 0 0.0600986 0.248832 0.21846 0.147814 0.140442 0.0855755 0.029809 0.00564205 0.0132 0.0189868 0 0
477.399 2.00588 269.522 178.385 1.00729 1.04994 0.2 0.7 1.3 1.8 2.2 2.6 3.3 4 5.1 5.5 0 0 0.0647012 0.310268 0.288008 0.150074 0.0623826 0.0833944 0.0371473 0.0113176 5.21259e-11 2.25525e-11 0 0 0.106175 0.253174 0.3212 0.085009 0.108289 0.077646 0.0358784 0.0436906 0.0153042 0.00357257 0 0
918.738 3.86024 439.075 347.939 1.01551 0.93818 0.2 0.6 1 1.5 1.9 2.4 2.9 3.8 4.5 5.4 0 0 0.0894619 0.1795 0.155896 0.355525 0.0839286 0.00938238 0.112891 0.0175068 5.47018e-12 0.0114149 0 0 0.0916493 0.174037 0.235745 0.17603 0.144284 0.0483154 0.0479066 6.12138e-11 0.0026615 0.0175512 0 0
461.487 1.93902 260.742 169.605 1.00806 1.05125 0.2 0.7 1.3 1.7 2 2.5 3.2 4 4.6 5.1 0 0 0.0645687 0.311316 0.278757 0.102855 0.0923041 0.0989705 0.0443619 0.0129732 0.00195626 8.33444e-13 0 0 0.106856 0.2523 0.323457 0.0312121 0.126593 0.109075 0.0474313 0.0422623 3.78934e-11 0.0120646 0 0
921.712 3.87274 439.912 348.776 1.01704 0.980519 0.2 0.6 1 1.5 1.8 2.3 3 3.9 4.4 5.3 0 0 0.0879642 0.182013 0.157908 0.332472 0.0887648 0.0347227 0.10774 0.0104815 3.95345e-12 0.0149781 0 0 0.0923368 0.174391 0.245053 0.154696 0.145311 0.0995258 0.0667235 7.80813e-10 0.00248174 5.13849e-10 0 0
867.714 3.64586 424.276 333.14 1.01665 0.966016 0.1 0.6 1 1.4 1.8 2.1 2.9 3.8 4.4 5.3 0 0 0.0653495 0.233117 0.0777405 0.326401 0.156715 0.0095223 0.116654 0.0173547 9.2204e-14 0.013794 0 0 0.0689381 0.223239 0.180692 0.185937 0.108801 0.117829 0.0743321 1.80934e-09 0.000545114 0.00570322 0 0
458.452 1.92627 259.033 167.896 1.00839 1.02024 0.3 0.7 0.9 1.4 1.8 2.4 3.1 3.9 4.6 5.2 0 0 0.102953 0.161426 0.177653 0.243452 0.131548 0.123618 0.0480748 0.0168774 0.00278287 6.7979e-13 0 0 0.169749 0.0104759 0.275896 0.224729 0.113959 0.141897 0.042269 0.0359903 1.09479e-08 0.00527147 0 0
496.066 2.08431 279.456 188.319 1.00611 1.41519 0.0001 0.6 0.9 1.3 1.7 2.3 2.9 3.7 4.4 5.3 0 0 0.0376076 0.238682 0.122038 0.238676 0.157713 0.129393 0.0536855 0.0250043 0.00331195 7.23193e-10 0 0 0.0693977 0.218639 0.105001 0.273017 0.13798 0.185779 0.12329 0.13347 0.0995079 0.0691104 0 0
469.895 1.97435 265.418 174.281 1.00766 1.14108 0.1 0.6 1 1.4 1.9 2.5 3.1 3.7 4.5 5.4 0 0 0.0404358 0.243655 0.174369 0.237383 0.150625 0.100122 0.0383695 0.0179266 0.00477482 7.32747e-15 0 0 0.0749276 0.214311 0.160824 0.254458 0.124486 0.144757 0.034458 0.0672664 0.0439581 0.0216343 0 0
844.722 3.54925 417.321 326.185 1.01181 1.03079 0.2 0.6 1.1 1.7 2.2 2.5 3.4 3.8 5.1 4.8 0 0 0.0757409 0.158043 0.393172 0.121431 0.17745 0.0166228 0.0620641 5.43487e-12 4.21934e-11 0.00728896 0 0 0.102509 0.164761 0.314587 0.215433 0.00293695 0.147629 2.97177e-08 0.0558638 0.027072 1.97498e-09 0 0
450.935 1.89468 254.751 163.614 1.00831 1.08905 0.1 0.5 1 1.6 2.1 2.5 3.2 4.2 4.3 5.6 0 0 0.0259503 0.195621 0.30747 0.256132 0.0666626 0.0958212 0.046532 0.0141158 5.58775e-12 9.24855e-12 0 0 0.0586249 0.1722 0.305726 0.218722 0.120607 0.0674358 0.0805812 8.63172e-11 0.0466439 0.0185077 0 0
563.972 2.36963 312.684 221.548 1.0123 1.15038 0.1 0.4 1 1.5 1.8 2.4 3.2 4 5 5.2 0 0 0.0576921 0.12158 0.31831 0.210583 0.137039 0.0720866 0.0850472 5.78981e-14 2.97961e-10 0.00996258 0 0 0.0382616 0.168177 0.328712 0.147295 0.134168 0.147621 0.0772985 0.0604355 0.0484148 1.11571e-10 0 0
464.644 1.95229 262.507 171.371 1.00748 1.12653 0.1 0.6 1.1 1.6 2 2.5 3.2 4 4.5 5.7 0 0 0.0396348 0.253607 0.260116 0.213505 0.0779881 0.105764 0.0418709 0.0149913 2.96659e-08 1.28797e-12 0 0 0.0695499 0.230317 0.261957 0.163788 0.141134 0.0778343 0.090148 0.0213128 0.0469887 0.0235037 0 0
439.519 1.84672 248.109 156.973 1.00675 1.08645 0.0001 0.5 0.7 1.3 1.7 2.1 2.8 3.6 3.9 5.1 0 0 0.0363895 0.0700308 0.258264 0.306958 0.0768842 0.147771 0.0809445 0.0246008 0.00448996 0.000420968 0 0 0.0666632 0.0763202 0.211465 0.339355 0.0234382 0.178477 0.100758 0.00149424 0.0652588 0.0232228 0 0
455.878 1.91545 257.575 166.438 1.00798 1.16002 0.2 0.6 1 1.4 1.8 2.4 3.1 3.9 4.7 5.5 0 0 0.0540573 0.216075 0.204443 0.196859 0.149595 0.11779 0.0495746 0.0172197 0.0023625 2.90323e-14 0 0 0.099708 0.167236 0.204774 0.21749 0.117244 0.163144 0.0664094 0.071951 0.029355 0.0227056 0 0
456.065 1.91624 257.681 166.544 1.00697 1.25195 0.1 0.6 1 1.4 1.8 2.3 2.9 3.8 4.5 5.3 0 0 0.0406192 0.243122 0.176394 0.22673 0.118294 0.114998 0.0599965 0.0250966 0.00172235 3.17801e-13 0 0 0.0771576 0.204706 0.184551 0.234405 0.101427 0.153681 0.105969 0.102867 0.0453181 0.0418726 0 0
448.394 1.88401 253.287 162.15 1.00683 1.23718 0.1 0.6 1 1.4 1.9 2.4 3 3.9 4.9 5.9 0 0 0.0401181 0.245483 0.169823 0.244468 0.137328 0.0924149 0.0570281 0.0199904 0.000171757 2.0739e-13 0 0 0.0733055 0.224935 0.142751 0.279734 0.104815 0.14176 0.0848044 0.099556 0.0595731 0.0259404 0 0
603.72 2.53664 330.324 239.187 1.01243 0.988763 0.0001 0.4 1 1.5 1.7 2.2 3.1 3.5 4.8 5.2 0 0 0.0499758 0.131093 0.314199 0.207859 0.10189 0.103077 0.0785848 0.0176227 4.35434e-11 0.00813252 0 0 0.0267886 0.181069 0.336505 0.0381035 0.194148 0.118578 0.0798401 1.40638e-12 0.013731 6.6589e-12 0 0
461.997 1.94116 261.028 169.891 1.00794 1.05884 0.1 0.6 1.1 1.6 1.9 2.4 3.1 4 4.6 5.8 0 0 0.0396141 0.253753 0.259921 0.21078 0.0547605 0.121278 0.0503602 0.0168278 0.000641627 3.17299e-10 0 0 0.0683399 0.232047 0.258803 0.147989 0.119787 0.0933545 0.0699033 0.0255174 0.0222225 0.0208751 0 0
464.644 1.95229 262.507 171.371 1.00748 1.12653 0.1 0.6 1.1 1.6 2 2.5 3.2 4 4.5 5.7 0 0 0.0396348 0.253607 0.260116 0.213505 0.0779881 0.105764 0.0418709 0.0149913 2.96716e-08 1.2868e-12 0 0 0.0695499 0.230317 0.261957 0.163788 0.141134 0.0778343 0.090148 0.0213128 0.0469887 0.0235037 0 0
835.214 3.5093 414.389 323.253 1.01014 1.07741 0.3 0.9 1.1 1.5 2.2 2.5 3.3 3.9 4.9 5 0 0 0.134562 0.288167 0.123795 0.183146 0.210127 3.39639e-12 0.0640313 1.84108e-12 0.0063099 6.66378e-12 0 0 0.172811 0.275492 0.0365637 0.275072 0.0928373 0.106632 0.0339728 0.0542236 5.78083e-08 0.0298022 0 0
556.355 2.33763 309.162 218.026 1.01133 1.17936 0.2 0.7 1.2 1.7 2 2.4 3.1 3.9 4.6 5.3 0 0 0.116486 0.170131 0.33072 0.177344 0.0758001 0.0361868 0.0908024 0.00385901 2.70617e-13 0.0100038 0 0 0.102568 0.25802 0.238985 0.171583 0.0871162 0.0906904 0.108247 0.0548679 0.0401405 0.0271462 0 0
542.348 2.27877 302.558 211.422 1.01134 1.15023 0.2 0.7 1.2 1.7 2.1 2.7 3.2 4 4.6 5.4 0 0 0.116291 0.170735 0.328342 0.190777 0.0858419 0.0315599 0.0793973 5.80783e-09 1.69e-08 0.00839214 0 0 0.102395 0.255371 0.242747 0.161677 0.136195 0.0593054 0.0850008 0.0402739 0.039463 0.0278005 0 0
526.242 2.2111 294.75 203.614 1.01051 1.23807 0.0001 0.6 1.2 1.8 2.2 2.8 3.3 4 4.7 5.5 0 0 0.0744782 0.193575 0.36725 0.221088 0.032682 0.0537153 0.0618832 8.69171e-12 2.24316e-11 0.00584401 0 0 0.0600189 0.26612 0.306671 0.189519 0.108053 0.0844386 0.07784 0.0534695 0.0574406 0.0344995 0 0
701.375 2.94696 369.156 278.02 1.01428 1.06682 0.2 0.7 1.3 1.7 2.1 2.6 3.2 4.6 5.2 5.6 0 0 0.112418 0.198054 0.384547 0.0638001 0.146637 0.0028286 0.0951878 1.5099e-14 0.0108119 2.33868e-13 0 0 0.0989948 0.281162 0.275849 0.0953477 0.147436 0.0536397 0.0642965 0.0255139 2.45105e-09 0.0245766 0 0
540.379 2.2705 301.616 210.48 1.01305 0.991827 0.2 0.7 1.1 1.4 1.9 2.4 3.1 3.5 4.6 5.2 0 0 0.116926 0.160295 0.195941 0.225097 0.172802 0.035597 0.0801617 0.0165638 3.53779e-11 0.0096684 0 0 0.102319 0.252718 0.127061 0.184955 0.175002 0.0727433 0.0712479 3.20095e-10 0.00578131 4.90891e-12 0 0
517.469 2.17424 290.396 199.259 1.01371 1.02673 0.1 0.6 1.1 1.4 1.8 2.3 3.1 3.5 4 5.2 0 0 0.0831471 0.170498 0.242411 0.176083 0.170028 0.0645202 0.079331 0.0165758 1.66533e-16 0.0111141 0 0 0.0667081 0.246284 0.198588 0.143311 0.152686 0.122127 0.0815349 1.5649e-11 0.0136463 0.00184594 0 0
556.436 2.33797 309.2 218.063 1.01218 1.00405 0.2 0.7 1.2 1.7 2.1 2.8 3.2 4.1 4.7 5.2 0 0 0.116112 0.171175 0.328559 0.188178 0.0908151 0.0338565 0.0733318 4.07641e-12 2.08505e-12 0.0101524 0 0 0.101488 0.254446 0.234595 0.156983 0.126075 0.0468358 0.0549601 0.0169474 0.0117232 3.33596e-08 0 0
743.213 3.12274 384.163 293.026 1.01178 1.34813 0.2 0.6 1.1 1.6 2 2.6 3.3 4 4.7 5.7 0 0 0.0929801 0.126979 0.384591 0.151606 0.0767264 0.144074 2.12524e-12 0.0348239 2.84217e-14 2.41019e-11 0 0 0.0865669 0.206821 0.289008 0.153463 0.160695 0.130858 0.0883095 0.0802231 0.0747047 0.0774815 0 0
676.812 2.84375 359.923 268.786 1.00887 1.07727 0.3 0.8 1.2 1.6 2.1 2.6 3.3 4.2 4.5 5.8 0 0 0.11215 0.301542 0.130418 0.235891 0.0860896 0.0933987 0.0356598 0.000878076 0.0128394 2.4758e-14 0 0 0.152916 0.240367 0.167987 0.184498 0.124692 0.0800836 0.0646416 0.0420604 1.61581e-09 0.020026 0 0
844.722 3.54925 417.321 326.185 1.01181 1.03079 0.2 0.6 1.1 1.7 2.2 2.5 3.4 3.8 4.8 5.1 0 0 0.0757407 0.158044 0.393171 0.121432 0.177446 0.0166255 0.0620644 1.88738e-15 0.00728969 9.8499e-12 0 0 0.10251 0.16476 0.314591 0.215435 0.00294524 0.147624 6.62405e-08 0.0558573 2.31519e-09 0.0270696 0 0
472.063 1.98346 266.61 175.474 1.00756 1.26541 0.2 0.6 0.8 1.4 1.9 2.3 3 3.9 4.7 5.4 0 0 0.0616404 0.123912 0.226477 0.311136 0.083101 0.118465 0.0616626 0.0195504 0.00161531 1.29622e-09 0 0 0.107098 0.075629 0.228662 0.335661 0.0403665 0.187835 0.102032 0.108551 0.0421934 0.0373842 0 0
788.145 3.31154 399.366 308.229 1.00887 1.84084 -0.0999 0.6 1.1 1.5 2 2.6 3.3 4 4.7 5.6 0 0 0.0698436 0.169293 0.33301 0.166304 0.0977904 0.140242 5.97855e-14 0.0323849 4.44089e-16 3.49145e-08 0 0 0.0654939 0.251843 0.244305 0.18576 0.213744 0.186078 0.189862 0.189478 0.181493 0.13278 0 0
719.407 3.02272 375.731 284.594 1.00785 1.10309 0.2 0.7 1.3 1.5 2 2.6 3.2 4.1 4.7 5.6 0 0 0.112797 0.196759 0.388278 0.0196686 0.178635 0.019851 0.0918645 1.20443e-10 1.58445e-12 2.22182e-10 0 0 0.0989877 0.281524 0.253093 0.0697655 0.179368 0.0724283 0.0639848 0.0183151 0.0307648 0.0348629 0 0
479.736 2.0157 270.786 179.65 1.00783 1.12715 0.3 0.7 1 1.5 2 2.5 3.3 4.1 4.3 5.2 0 0 0.101001 0.196251 0.190285 0.25834 0.102462 0.103288 0.0466248 0.00348454 0.00609612 7.32193e-10 0 0 0.165809 0.0699048 0.281111 0.21092 0.11295 0.131259 0.057681 0.0602306 0.00284974 0.0344306 0 0
562.328 2.36272 311.928 220.792 1.00807 0.988861 0.2 0.7 1.2 1.7 2.1 2.9 3.3 4.2 4.7 5.6 0 0 0.116093 0.17079 0.32947 0.188121 0.0938581 0.0537443 0.0559912 5.16254e-15 7.21645e-16 1.67316e-11 0 0 0.10087 0.25429 0.231884 0.154591 0.119233 0.0579588 0.0206455 0.00439485 0.0221932 0.0228005 0 0
883.656 3.71284 428.992 337.855 1.00792 1.13571 0.2 0.6 1.1 1.6 1.9 2.3 3.2 3.4 4.4 5.5 0 0 0.077047 0.155219 0.395702 0.0566692 0.119401 0.141872 0.0001758 0.0618328 5.66863e-12 2.14779e-11 0 0 0.0880136 0.203288 0.273947 0.131179 0.122053 0.0968409 0.107234 9.82082e-09 0.0809036 0.0322545 0 0
553.061 2.32379 307.625 216.488 1.01273 1.00114 0.2 0.6 1 1.4 1.9 2.3 3.1 3.6 4.4 5.2 0 0 0.112627 0.101897 0.232533 0.256013 0.1618 0.0385167 0.0887673 0.0115419 1.0555e-11 0.0090359 0 0 0.0913188 0.184965 0.197871 0.19462 0.154305 0.0797688 0.0775194 3.07021e-12 0.0150899 0.00567707 0 0
449.659 1.88933 254.017 162.881 1.00726 1.2007 0.1 0.6 1 1.4 1.8 2.3 3 3.7 4.5 5.5 0 0 0.040207 0.24441 0.173887 0.230623 0.113997 0.122656 0.0590023 0.0182369 0.00423647 3.25817e-12 0 0 0.0694551 0.224568 0.179892 0.189969 0.151921 0.127649 0.0993932 0.0653755 0.0680588 0.0244237 0 0
473.084 1.98775 267.17 176.033 1.00701 1.24281 0.0001 0.6 1.1 1.6 2.1 2.5 3.1 3.8 4.5 5.5 0 0 0.0359127 0.260365 0.253431 0.227253 0.0820071 0.0850764 0.0428362 0.0183574 0.00177265 8.4403e-12 0 0 0.0636181 0.241971 0.254909 0.193588 0.152486 0.0553393 0.107317 0.0550205 0.0780946 0.0404695 0 0
458.766 1.92759 259.21 168.073 1.00815 1.076 0.1 0.6 1.1 1.6 1.9 2.3 3 3.7 4.6 5.2 0 0 0.0391898 0.254889 0.257825 0.220426 0.0270144 0.12706 0.0583171 0.0183243 0.00510762 3.08465e-11 0 0 0.0734803 0.218591 0.269639 0.185086 0.0361488 0.148094 0.0568132 0.0551248 0.0276066 0.00541948 0 0
448.394 1.88401 253.287 162.15 1.00683 1.23718 0.1 0.6 1 1.4 1.9 2.4 3 3.9 4.9 5.9 0 0 0.0401181 0.245483 0.169823 0.244468 0.137328 0.0924149 0.0570281 0.0199904 0.00017176 1.62148e-13 0 0 0.0733055 0.224935 0.142751 0.279734 0.104815 0.14176 0.0848044 0.0995561 0.0595732 0.0259404 0 0
453.051 1.90357 255.963 164.827 1.00671 1.35555 0.2 0.6 1 1.5 2.1 2.7 3.3 4.1 4.8 5.8 0 0 0.0551824 0.210946 0.224295 0.260258 0.137115 0.0745745 0.0321135 0.0122212 8.42805e-10 6.03406e-13 0 0 0.0923457 0.185399 0.221104 0.252268 0.18367 0.0902694 0.11442 0.0814224 0.0824401 0.0522161 0 0
480.539 2.01907 271.219 180.083 1.00684 1.32068 0.2 0.6 1.1 1.6 2.1 2.6 3.3 4 4.8 5.6 0 0 0.0518416 0.233678 0.273661 0.208367 0.106017 0.0838968 0.037413 0.0105607 0.00140664 3.31994e-10 0 0 0.0997104 0.178964 0.297742 0.194517 0.123958 0.134372 0.0853403 0.101986 0.0667187 0.0373724 0 0
867.735 3.64595 424.283 333.146 1.01059 1.09622 0.2 0.6 1.1 1.6 2 2.4 3.3 3.9 4.8 5.6 0 0 0.0740074 0.162496 0.3904 0.0608309 0.17662 0.0763418 0.0629437 4.32987e-15 0.00695432 1.97528e-11 0 0 0.0992994 0.177499 0.283461 0.209766 0.011014 0.168314 0.0407981 0.0546573 0.0353936 0.0160213 0 0
516.331 2.16946 289.826 198.689 1.01319 1.01875 0.0001 0.6 1.2 1.7 2 2.4 3.1 3.5 4.4 5.2 0 0 0.0743576 0.195337 0.354841 0.16219 0.0844426 0.0361666 0.0793676 0.0166586 1.77311e-11 0.00983287 0 0 0.0597026 0.265179 0.289992 0.12622 0.105534 0.0730777 0.0691248 0.00991097 0.0140263 0.00598465 0 0
797.679 3.35159 402.48 311.344 1.01198 1.223 0.2 0.6 1.1 1.6 2 2.6 3.2 4 4.7 5.4 0 0 0.093723 0.126454 0.382004 0.157561 0.0744706 0.141065 0.00198 0.0313898 1.02506e-10 0.00333417 0 0 0.0930603 0.194592 0.289593 0.136862 0.194836 0.0625036 0.125593 0.0487012 0.0772633 8.07069e-10 0 0
523.282 2.19866 293.289 202.153 1.01362 1.10861 0.0001 0.6 1.2 1.7 2 2.5 3.2 4.1 4.7 5.2 0 0 0.0742788 0.195709 0.35417 0.160581 0.0906413 0.039601 0.0861421 1.33733e-10 1.45852e-08 0.0124962 0 0 0.0595303 0.267313 0.29589 0.120552 0.13102 0.0873891 0.0940258 0.033245 0.0149668 0.00467439 0 0
459.849 1.93214 259.821 168.684 1.00819 1.11074 0.1 0.6 1.1 1.6 1.8 2.3 3 3.7 4.6 5.2 0 0 0.0392218 0.254695 0.258557 0.211819 0.0316236 0.130955 0.0570745 0.0186334 0.00560922 1.10184e-12 0 0 0.0735751 0.21905 0.270985 0.179274 0.0391136 0.161523 0.0635102 0.0654132 0.0326391 0.00565634 0 0
452.624 1.90178 255.719 164.582 1.00703 1.24229 0.0001 0.6 0.9 1.3 1.8 2.3 2.9 3.8 4.4 5.3 0 0 0.036813 0.245876 0.104075 0.275448 0.150294 0.104754 0.0640866 0.0230845 0.00259581 8.89511e-13 0 0 0.0697533 0.214262 0.104523 0.287323 0.131097 0.14395 0.107052 0.0930736 0.0459947 0.0452628 0 0
461.805 1.94036 260.92 169.783 1.00755 1.05585 0.2 0.7 1.3 1.7 2 2.5 3.2 4 5.2 5.1 0 0 0.0645571 0.311335 0.279096 0.102243 0.0927895 0.0994346 0.0436663 0.0144307 6.22268e-11 2.99845e-11 0 0 0.106651 0.252424 0.324198 0.0296659 0.126098 0.110857 0.0451455 0.0451169 0.0156957 5.94639e-11 0 0
456.016 1.91603 257.653 166.516 1.00773 1.06413 0.1 0.6 1.1 1.6 1.9 2.4 3.1 3.7 4.5 4 0 0 0.0395554 0.25366 0.260111 0.210466 0.0555735 0.121186 0.0471726 0.0131603 0.0032443 0.00360497 0 0 0.0682339 0.235491 0.249283 0.168285 0.10502 0.102777 0.0691467 0.0294127 0.0364794 1.51824e-10 0 0
450.21 1.89164 254.334 163.197 1.00806 1.16443 0.2 0.6 1 1.5 2.1 2.7 3.2 3.9 4.6 5.8 0 0 0.0553171 0.210556 0.224393 0.26047 0.137124 0.0713998 0.0303154 0.0148081 0.00367455 1.92214e-11 0 0 0.0916526 0.184518 0.218435 0.243157 0.172387 0.0560984 0.0799496 0.0310997 0.0560343 0.0310962 0 0
521.813 2.19249 292.561 201.424 1.01368 1.00431 0.1 0.6 1.1 1.4 1.8 2.3 3.1 3.5 4.8 5.2 0 0 0.0830943 0.170662 0.241686 0.177129 0.169028 0.0652984 0.0772154 0.0191409 8.92995e-11 0.0104252 0 0 0.0667017 0.246755 0.196543 0.146025 0.151617 0.121631 0.0750353 2.5828e-10 7.29525e-09 3.66899e-10 0 0
446.605 1.87649 252.252 161.115 1.00807 1.00304 0.1 0.6 1.1 1.5 2 2.6 3.3 3.9 4.1 5.4 0 0 0.0388033 0.258477 0.235481 0.192067 0.143366 0.0903606 0.0369952 0.00084006 0.0116834 7.77156e-15 0 0 0.0749811 0.218109 0.24289 0.176958 0.130128 0.105593 0.0175081 0.0314482 1.94446e-11 0.00542567 0 0
477.399 2.00588 269.522 178.385 1.00729 1.0499 0.2 0.7 1.3 1.8 2.2 2.6 3.3 4 5.1 5.5 0 0 0.0647012 0.310268 0.288008 0.150073 0.062383 0.083394 0.0371476 0.0113176 1.33447e-10 2.81335e-11 0 0 0.106175 0.253173 0.321198 0.0850065 0.108288 0.0776382 0.0358717 0.0436804 0.0152986 0.00357317 0 0
454.553 1.90989 256.821 165.684 1.00697 1.18993 0.1 0.6 1 1.4 1.7 2.2 2.8 3.6 4.2 5.2 0 0 0.0404519 0.242985 0.178672 0.212079 0.101397 0.131063 0.0664883 0.0284597 0.00537379 4.36945e-09 0 0 0.076869 0.206125 0.18004 0.231828 0.0718124 0.160804 0.10614 0.0678483 0.0552174 0.0332451 0 0
452.924 1.90304 255.891 164.754 1.0082 1.08721 0.0001 0.6 1.1 1.6 2.1 2.4 3 3.7 4.5 6 0 0 0.0359648 0.260393 0.252031 0.232142 0.0603053 0.0911521 0.0503835 0.0209023 0.00493053 4.86278e-14 0 0 0.0629533 0.244249 0.243729 0.198083 0.137457 0.0298344 0.0899713 0.0299447 0.0341083 0.0168765 0 0
455.044 1.91195 257.1 165.964 1.00798 1.06575 0.0001 0.5 1 1.6 2.1 2.5 3.2 4.1 4.4 5.9 0 0 0.0234538 0.199448 0.304763 0.260007 0.0620907 0.0995949 0.0443841 0.0142375 6.03495e-09 1.86684e-13 0 0 0.0515601 0.184778 0.292903 0.225637 0.116411 0.0583099 0.0812323 3.27263e-09 0.0381845 0.016735 0 0
525.108 2.20634 294.192 203.055 1.01285 1.02738 0.1 0.5 0.9 1.3 1.8 2.3 3.1 3.5 4.4 5.3 0 0 0.0767646 0.114067 0.17833 0.291014 0.185131 0.0624007 0.0791126 0.0176155 1.02668e-11 0.00841528 0 0 0.0612376 0.154252 0.222803 0.181648 0.192523 0.0925898 0.0775218 0.00396489 0.0253784 0.0154605 0 0
477.399 2.00588 269.522 178.385 1.00729 1.05045 0.2 0.7 1.3 1.8 2.2 2.6 3.3 4 5.1 5.5 0 0 0.0647018 0.310266 0.288006 0.150076 0.0623769 0.0834014 0.037134 0.0113302 1.60931e-11 9.82103e-13 0 0 0.106179 0.253187 0.321234 0.0850508 0.10831 0.0777518 0.0359764 0.0438193 0.0153757 0.00356973 0 0
556.239 2.33714 309.108 217.972 1.01283 1.01003 0.1 0.4 0.9 1.4 1.9 2.2 3.1 3.6 4.3 5.2 0 0 0.0650514 0.097287 0.249092 0.309861 0.116509 0.0663879 0.0871472 0.0123675 3.19639e-12 0.00913109 0 0 0.039247 0.148127 0.274895 0.209638 0.128312 0.0979313 0.0911529 3.12878e-12 0.0187965 0.0019251 0 0
862.748 3.62499 422.79 331.653 1.01104 1.30811 0.2 0.6 1.1 1.7 2.2 2.9 3.3 4.1 4.7 5.7 0 0 0.0751526 0.159647 0.391856 0.119627 0.188348 8.06994e-10 0.0651231 3.04756e-14 0.0112837 2.17374e-10 0 0 0.0890194 0.204986 0.290552 0.225771 0.147054 0.0936514 0.0819638 0.0741017 0.0579967 0.0430176 0 0
743.859 3.12546 384.388 293.251 1.01468 1.01593 0.2 0.7 1.3 1.6 2.1 2.9 3.2 3.4 4.5 5.2 0 0 0.111776 0.200954 0.369176 0.0701437 0.155928 0.00751406 0.0876107 9.14222e-10 4.27697e-11 0.0115739 0 0 0.0979775 0.278702 0.243343 0.0950677 0.157487 0.0568351 2.05447e-13 0.0435624 0.0335405 0.00941691 0 0
526.096 2.21049 294.678 203.542 1.01239 1.08072 0.0001 0.5 1 1.4 1.9 2.4 3.1 3.5 4.1 5.1 0 0 0.0666205 0.141354 0.239489 0.254937 0.16737 0.0370222 0.0799288 0.016478 1.80411e-14 0.00919263 0 0 0.0490266 0.196835 0.253721 0.164102 0.193275 0.0789024 0.094443 1.7293e-08 0.0333204 0.0170957 0 0
445.262 1.87085 251.472 160.335 1.00724 1.12529 0.1 0.6 1 1.4 1.7 2.2 2.9 3.7 3.9 5 0 0 0.0401406 0.24433 0.17479 0.220684 0.0923365 0.140094 0.0687533 0.0238807 0.000494049 0.00173657 0 0 0.0756123 0.212452 0.160447 0.267099 0.0321971 0.179921 0.0936859 1.03752e-08 0.0765433 0.0273329 0 0
456.065 1.91624 257.681 166.544 1.00697 1.25198 0.1 0.6 1 1.4 1.8 2.3 2.9 3.8 4.5 5.3 0 0 0.0406191 0.243122 0.176395 0.22673 0.118294 0.114997 0.0599965 0.0250963 0.00172385 1.9873e-10 0 0 0.0771576 0.204706 0.184551 0.234407 0.101426 0.153684 0.105972 0.102873 0.0453239 0.041881 0 0
456.065 1.91624 257.681 166.544 1.00697 1.25198 0.1 0.6 1 1.4 1.8 2.3 2.9 3.8 4.5 5.3 0 0 0.0406191 0.243122 0.176395 0.22673 0.118294 0.114997 0.0599965 0.0250963 0.00172385 1.98732e-10 0 0 0.0771576 0.204706 0.184551 0.234407 0.101426 0.153684 0.105972 0.102873 0.0453239 0.041881 0 0
469.895 1.97435 265.418 174.281 1.00766 1.14108 0.1 0.6 1 1.4 1.9 2.5 3.1 3.7 4.5 5.4 0 0 0.0404358 0.243655 0.174369 0.237383 0.150625 0.100122 0.0383695 0.0179266 0.00477482 7.32747e-15 0 0 0.0749276 0.214311 0.160824 0.254458 0.124486 0.144757 0.034458 0.0672664 0.0439581 0.0216343 0 0
471.212 1.97988 266.143 175.006 1.00803 1.05871 0.2 0.7 1.3 1.8 2.1 2.5 3.2 4 4.6 5.1 0 0 0.0647454 0.310349 0.28683 0.151311 0.0345661 0.101873 0.0431377 0.0130462 0.00217 3.10862e-15 0 0 0.106728 0.252932 0.322303 0.0797633 0.0850168 0.104298 0.0498542 0.044886 3.80175e-09 0.0129312 0 0
466.243 1.959 263.397 172.261 1.00654 1.33687 0.0001 0.6 1 1.4 1.8 2.3 3 3.7 4.5 5.4 0 0 0.0365277 0.251732 0.167397 0.235416 0.111455 0.123137 0.0592603 0.0175861 0.00403418 5.33349e-09 0 0 0.0628085 0.24082 0.164562 0.212034 0.143046 0.152913 0.120541 0.0993619 0.0982263 0.0425571 0 0
477.399 2.00588 269.522 178.385 1.00729 1.05045 0.2 0.7 1.3 1.8 2.2 2.6 3.3 4 5.1 5.5 0 0 0.0647018 0.310266 0.288006 0.150076 0.0623769 0.0834014 0.037134 0.0113302 1.60926e-11 9.81992e-13 0 0 0.106179 0.253187 0.321234 0.0850508 0.10831 0.0777518 0.0359764 0.0438193 0.0153757 0.00356973 0 0
468.367 1.96793 264.574 173.438 1.008 1.08736 0.1 0.6 1.1 1.6 2 2.5 3.2 4.2 4.7 6 0 0 0.0398013 0.253609 0.259208 0.215002 0.0774509 0.104012 0.0459168 0.0130006 5.65546e-09 2.75846e-12 0 0 0.0695031 0.23102 0.256741 0.168002 0.13489 0.0699095 0.0801981 0.024405 0.0275393 0.0251484 0 0
460.745 1.9359 260.325 169.188 1.00849 0.983362 0.2 0.7 1.3 1.7 1.9 2.4 3.1 3.9 4.6 4 0 0 0.0645304 0.311572 0.278028 0.0924475 0.0786553 0.11312 0.0517506 0.015389 0.00299319 9.36529e-09 0 0 0.106521 0.251699 0.319498 0.0077735 0.117865 0.1152 0.0412308 0.0112988 4.12346e-10 0.0122759 0 0
462.219 1.9421 261.152 170.016 1.00816 1.19629 0.2 0.6 1 1.5 2.1 2.4 3 3.8 4.7 5.7 0 0 0.0543714 0.21298 0.221601 0.264607 0.112479 0.0584394 0.0606117 0.0192802 0.00379016 2.76925e-11 0 0 0.10022 0.164957 0.225806 0.274415 0.0788721 0.1228 0.0763953 0.0785189 0.0490987 0.0252039 0 0
456.713 1.91896 258.048 166.912 1.00792 1.08142 0.1 0.6 1.1 1.6 1.9 2.4 3.1 3.9 4.5 5.7 0 0 0.0395423 0.253847 0.259808 0.210817 0.0546438 0.121825 0.0485262 0.0168311 0.00207602 4.767e-10 0 0 0.0684183 0.232571 0.259392 0.150329 0.11983 0.0990167 0.0759384 0.0290284 0.0292273 0.01767 0 0
476.704 2.00296 269.144 178.008 1.00796 1.32178 -0.0999 0.5 0.8 1.4 1.9 2.3 3 3.8 4.7 5.7 0 0 0.0377125 0.116734 0.260905 0.304887 0.0883954 0.115102 0.0608843 0.0185029 0.00483365 3.48377e-10 0 0 0.0712311 0.11074 0.227939 0.339607 0.0527524 0.185727 0.114033 0.110995 0.0755725 0.0331837 0 0
515.139 2.16445 289.227 198.091 1.01292 1.15679 0.2 0.6 1.1 1.7 2.3 2.4 3.2 4 4.7 5.2 0 0 0.111569 0.11432 0.346335 0.272382 3.69915e-08 0.0732048 0.0835707 4.70844e-11 1.5809e-12 0.0115383 0 0 0.0899178 0.201882 0.28142 0.240673 0.085446 0.0585163 0.114386 0.043557 0.037377 0.00361428 0 0
530.544 2.22917 296.859 205.722 1.01321 1.02979 0.2 0.6 1.1 1.6 2 2.5 3.2 3.6 4.4 5.2 0 0 0.110585 0.119385 0.326293 0.216856 0.101971 0.0410202 0.0856973 0.00024024 2.71804e-11 0.0111675 0 0 0.0889607 0.203848 0.268573 0.169477 0.130026 0.077443 0.0718843 0.00170595 0.0161626 0.00170519 0 0
560.17 2.35365 310.932 219.796 1.01296 0.972261 0.2 0.7 1.2 1.7 2.1 2.9 3.3 4.1 4.7 5.2 0 0 0.116048 0.170897 0.328783 0.187442 0.092669 0.0530387 0.0547803 1.91652e-11 1.89504e-12 0.00930377 0 0 0.101148 0.253868 0.233531 0.153608 0.123843 0.0620385 0.0257488 0.00868533 0.00978984 1.09195e-11 0 0
529.139 2.22327 296.172 205.035 1.01358 1.01809 0.2 0.6 1 1.4 1.9 2.4 3.1 3.5 4.4 5.2 0 0 0.11267 0.102 0.232178 0.255065 0.167657 0.0368303 0.0789249 0.0174573 1.4988e-14 0.010792 0 0 0.0906975 0.189864 0.192037 0.203668 0.166786 0.0873002 0.0704904 0.00892347 0.00832567 3.07126e-08 0 0
535.753 2.25106 299.39 208.253 1.01305 1.03258 0.2 0.5 1 1.5 1.9 2.3 3.1 3.5 4.2 5.2 0 0 0.106026 0.0797249 0.303942 0.250731 0.108016 0.0587487 0.0782753 0.0180526 2.42262e-12 0.00953532 0 0 0.0788822 0.148855 0.29918 0.154461 0.147369 0.0856014 0.0901645 8.94169e-09 0.0211321 0.00693178 0 0
512.837 2.15478 288.067 196.931 1.01309 1.14694 0.2 0.6 1.1 1.7 2.3 2.4 3.2 4.1 4.8 5.2 0 0 0.111598 0.114248 0.34627 0.27256 3.63153e-05 0.0726686 0.0841098 1.34506e-11 1.62233e-10 0.0116015 0 0 0.0899056 0.201673 0.282038 0.23881 0.0955643 0.0474902 0.113922 0.045711 0.0301861 0.00163932 0 0
522.001 2.19328 292.655 201.518 1.01279 0.990204 0.2 0.5 0.9 1.3 1.7 2.2 3.1 3.5 4.4 5.2 0 0 0.110456 0.0576571 0.225449 0.23314 0.188289 0.0904236 0.0846438 0.0132969 2.26136e-12 0.00943901 0 0 0.0812726 0.129697 0.228569 0.163766 0.163942 0.129451 0.0776024 2.99878e-11 0.0131234 0.00278043 0 0
673.135 2.8283 358.512 267.375 1.01442 0.992454 0.2 0.7 1.3 1.7 2 2.3 3.2 3.1 4.5 5.2 0 0 0.112747 0.19675 0.392479 0.0299114 0.145227 0.0293654 0.0693235 0.026563 1.29036e-12 0.0120499 0 0 0.0987649 0.279164 0.267117 0.0994622 0.0688325 0.101367 0.0152655 0.0542007 0.00828048 7.9011e-09 0 0
514.723 2.1627 289.018 197.882 1.01351 0.991455 0.2 0.5 0.8 1.3 1.8 2.3 3.1 3.5 4.3 5.2 0 0 0.116758 0.0198547 0.21243 0.317013 0.176332 0.064778 0.0793848 0.0167767 1.64313e-14 0.0101807 0 0 0.0872206 0.0928018 0.216862 0.245753 0.162411 0.110998 0.0710563 0.000769367 0.00358235 4.7683e-08 0 0
521.904 2.19287 292.606 201.47 1.01253 1.15623 0.2 0.5 1 1.5 1.9 2.5 3.2 3.8 4.9 5.3 0 0 0.106718 0.0783578 0.306941 0.241642 0.13097 0.0550877 0.0820075 7.63961e-12 1.66147e-08 0.0108081 0 0 0.0847773 0.144599 0.282938 0.215183 0.107098 0.154941 0.0479482 0.0736682 0.0436523 0.0014233 0 0
556.436 2.33797 309.2 218.063 1.01218 1.00405 0.2 0.7 1.2 1.7 2.1 2.8 3.2 4.1 4.7 5.2 0 0 0.116112 0.171175 0.328559 0.188178 0.0908151 0.0338565 0.0733318 4.07474e-12 2.08406e-12 0.0101524 0 0 0.101488 0.254446 0.234595 0.156983 0.126075 0.0468358 0.0549601 0.0169474 0.0117232 3.33602e-08 0 0
669.424 2.81271 357.08 265.944 1.0067 1.23215 0.3 0.8 1.2 1.6 2.1 2.6 3.3 4.2 4.9 5.8 0 0 0.112048 0.301041 0.132358 0.23485 0.0861609 0.0945242 0.0344267 0.0112943 5.38219e-12 9.24261e-14 0 0 0.153167 0.243497 0.16671 0.192206 0.132398 0.0930361 0.0912193 0.0740098 0.0380932 0.047816 0 0
471.212 1.97988 266.143 175.006 1.00803 1.05869 0.2 0.7 1.3 1.8 2.1 2.5 3.2 4 4.6 5.1 0 0 0.0647454 0.310349 0.28683 0.151311 0.0345666 0.101873 0.043138 0.0130449 0.00217147 1.05291e-10 0 0 0.106728 0.252931 0.322302 0.0797605 0.0850196 0.104291 0.04985 0.0448789 1.23876e-09 0.0129289 0 0
462.806 1.94456 261.481 170.344 1.00826 1.00259 0.2 0.7 1.3 1.7 2.1 2.6 3.3 4 4.6 5.2 0 0 0.0644822 0.311588 0.276772 0.117098 0.104328 0.0826664 0.0389195 0.0100536 0.00235005 4.69431e-11 0 0 0.106492 0.252262 0.315808 0.0547706 0.129414 0.082739 0.0295044 0.0260136 6.42291e-11 0.00558409 0 0
580.281 2.43816 320.068 228.931 1.01248 1.1766 0.0001 0.4 1 1.5 1.8 2.4 3.2 4 5 5.3 0 0 0.0502364 0.130836 0.314838 0.214766 0.133708 0.0730996 0.0846477 6.10068e-13 8.1081e-09 0.0103535 0 0 0.0336297 0.174069 0.326692 0.152785 0.131003 0.153264 0.0828709 0.068442 0.0538422 3.37084e-09 0 0
468.367 1.96793 264.574 173.438 1.008 1.08736 0.1 0.6 1.1 1.6 2 2.5 3.2 4.2 4.7 6 0 0 0.0398013 0.253609 0.259208 0.215002 0.0774509 0.104012 0.0459168 0.0130006 5.65546e-09 2.75846e-12 0 0 0.0695031 0.23102 0.256741 0.168002 0.13489 0.0699095 0.0801981 0.024405 0.0275393 0.0251484 0 0
446.102 1.87438 251.96 160.824 1.00738 1.18053 0.2 0.6 0.9 1.4 1.8 2.3 3 3.7 4.5 5.5 0 0 0.0572176 0.185451 0.19288 0.263718 0.0998529 0.127935 0.0573846 0.0188439 0.00409937 1.41307e-09 0 0 0.0965765 0.142407 0.216192 0.21393 0.143332 0.128353 0.094272 0.0603644 0.0620743 0.0230241 0 0
442.737 1.86024 249.999 158.862 1.00804 1.0179 0.2 0.6 1 1.5 1.8 2.3 3 3.7 4.4 4.6 0 0 0.0549401 0.210321 0.228268 0.23984 0.0611617 0.133525 0.0558156 0.0197693 0.00439738 2.96996e-09 0 0 0.0941534 0.168695 0.247394 0.16365 0.1262 0.110082 0.0677766 0.0214244 0.0185229 2.649e-10 0 0
462.806 1.94456 261.481 170.344 1.00826 1.00256 0.2 0.7 1.3 1.7 2.1 2.6 3.3 4 4.6 5.2 0 0 0.0644821 0.311588 0.276772 0.117099 0.104327 0.0826678 0.0389185 0.0100561 0.00234595 1.22744e-11 0 0 0.106492 0.252261 0.315808 0.0547693 0.129415 0.0827341 0.0294992 0.0260036 1.38676e-11 0.00558143 0 0
456.897 1.91974 258.153 167.016 1.00823 1.12083 0.2 0.6 1 1.5 1.9 2.3 3 3.9 4.7 5.3 0 0 0.0548219 0.211403 0.224975 0.25362 0.0567785 0.12379 0.0603509 0.0201279 0.0023636 2.32334e-10 0 0 0.100858 0.159921 0.231742 0.269501 0.00987913 0.178714 0.0742486 0.068234 0.00938412 0.0183463 0 0
446.102 1.87438 251.96 160.824 1.00738 1.18053 0.2 0.6 0.9 1.4 1.8 2.3 3 3.7 4.5 5.5 0 0 0.0572176 0.185451 0.19288 0.263718 0.0998529 0.127935 0.0573846 0.0188439 0.00409937 1.41307e-09 0 0 0.0965765 0.142407 0.216192 0.21393 0.143332 0.128353 0.094272 0.0603644 0.0620743 0.0230241 0 0
447.094 1.87854 252.535 161.398 1.0085 0.983918 0.2 0.6 1 1.5 2 2.5 3.2 3.9 4.5 5.2 0 0 0.0551331 0.209886 0.228159 0.249972 0.107874 0.0973739 0.0445606 0.0113625 0.00417652 4.44644e-14 0 0 0.103362 0.147208 0.249045 0.226821 0.0977866 0.108068 0.0285123 0.0231154 6.0783e-12 7.99616e-12 0 0
455.653 1.91451 257.446 166.31 1.00672 1.17714 0.1 0.6 1 1.4 1.7 2.2 2.8 3.7 4.3 5.2 0 0 0.0405576 0.242854 0.178469 0.212866 0.100795 0.130906 0.0685359 0.0303547 0.00138231 2.10046e-11 0 0 0.0769717 0.205496 0.179976 0.231191 0.07175 0.156574 0.106787 0.0770627 0.0389321 0.0324036 0 0
452.624 1.90178 255.719 164.582 1.00703 1.24229 0.0001 0.6 0.9 1.3 1.8 2.3 2.9 3.8 4.4 5.3 0 0 0.036813 0.245876 0.104075 0.275448 0.150294 0.104755 0.0640865 0.0230848 0.00259555 4.92439e-13 0 0 0.0697533 0.214262 0.104523 0.287323 0.131097 0.14395 0.107052 0.0930741 0.0459942 0.045262 0 0
468.116 1.96687 264.435 173.299 1.00817 1.05669 0.1 0.6 1.1 1.6 2 2.5 3.2 4.2 4.6 6 0 0 0.039788 0.253695 0.258925 0.215655 0.0764659 0.104676 0.0459256 0.0130435 4.30523e-10 2.30215e-11 0 0 0.0690639 0.232292 0.253055 0.17189 0.128158 0.068914 0.0698903 0.00913557 0.0291449 0.0251479 0 0
479.06 2.01286 270.421 179.284 1.00744 1.12077 0.0001 0.6 1.1 1.6 2.1 2.5 3.1 3.9 4.5 5.5 0 0 0.0359639 0.260215 0.253711 0.226821 0.0829886 0.0838354 0.0453514 0.0185556 3.68276e-09 4.05764e-10 0 0 0.063233 0.240709 0.252224 0.186825 0.144603 0.0427492 0.0851833 0.0319276 0.0464229 0.0268924 0 0
471.641 1.98169 266.379 175.242 1.00737 1.06363 0.2 0.7 1.3 1.8 2.1 2.5 3.2 4 5.1 5.2 0 0 0.0647262 0.310372 0.287039 0.151285 0.0347099 0.102149 0.0428157 0.0142689 1.16573e-15 8.65974e-15 0 0 0.106714 0.2529 0.322265 0.0797797 0.0844933 0.105194 0.0496248 0.0471479 0.0155152 2.43454e-10 0 0
3384.71 14.2215 776.817 685.68 1.01525 2.68566 0.2 0.6 1 1.5 2 2.4 2.9 3.8 4.4 6.6 0 0 0.0583525 0.2095 0.228725 0.243175 0.0966099 0.0778456 0.0677728 0.0098344 1.24345e-14 0.0234306 0 0 0.0708582 0.119709 0.265636 0.389105 0.349514 0.057409 0.0320646 0.468222 0.549407 0.383732 0 0
462.806 1.94456 261.481 170.344 1.00826 1.00257 0.2 0.7 1.3 1.7 2.1 2.6 3.3 4 4.6 5.2 0 0 0.064482 0.311588 0.276772 0.117099 0.104327 0.0826679 0.0389184 0.0100575 0.00234608 2.04931e-12 0 0 0.106492 0.252262 0.315809 0.054769 0.129415 0.0827359 0.0294982 0.0260057 9.57645e-12 0.00558317 0 0
468.367 1.96793 264.574 173.438 1.008 1.08736 0.1 0.6 1.1 1.6 2 2.5 3.2 4.2 4.7 6 0 0 0.0398013 0.253609 0.259208 0.215002 0.0774509 0.104012 0.0459168 0.0130006 5.65545e-09 2.75852e-12 0 0 0.0695031 0.23102 0.256741 0.168002 0.13489 0.0699095 0.0801981 0.024405 0.0275393 0.0251484 0 0
448.671 1.88517 253.447 162.311 1.00791 1.14342 0.2 0.7 1.3 1.7 2 2.4 3.1 3.9 4.6 5.8 0 0 0.0645048 0.311644 0.275129 0.118608 0.0610865 0.106001 0.0526865 0.0160993 0.00214937 2.02505e-13 0 0 0.0993464 0.278768 0.28136 0.0648431 0.138636 0.0776285 0.0949294 0.0364505 0.0449985 0.0264624 0 0
464.644 1.95229 262.507 171.371 1.00748 1.12653 0.1 0.6 1.1 1.6 2 2.5 3.2 4 4.5 5.7 0 0 0.0396348 0.253607 0.260116 0.213505 0.0779881 0.105764 0.0418709 0.0149913 2.97271e-08 1.27554e-12 0 0 0.0695499 0.230317 0.261957 0.163788 0.141134 0.0778343 0.090148 0.0213128 0.0469887 0.0235037 0 0
580.281 2.43816 320.068 228.931 1.01249 1.17656 0.0001 0.4 1 1.5 1.8 2.4 3.2 4 5 5.3 0 0 0.0502362 0.130836 0.314839 0.214762 0.133713 0.0730974 0.0846464 4.73088e-12 9.95676e-11 0.0103587 0 0 0.0336295 0.174068 0.32669 0.152782 0.131 0.153258 0.0828662 0.0684359 0.0538335 1.15249e-11 0 0
517.211 2.17316 290.267 199.131 1.01324 0.992633 -0.0999 0.6 1.2 1.8 2 2.6 3.2 3.4 4.5 5.2 0 0 0.0817101 0.18237 0.37431 0.203809 0.0326688 0.0492921 0.0664432 0.0126621 1.37457e-12 0.00997198 0 0 0.0652871 0.25456 0.306571 0.135393 0.0982281 0.0714149 0.0467665 0.00739367 0.00701745 1.02101e-10 0 0
763.197 3.20671 391.035 299.898 1.01318 1.11422 0.2 0.6 1.1 1.6 2.1 2.7 3.5 4.1 5 5.8 0 0 0.0955273 0.124022 0.377128 0.175713 0.0798665 0.131359 1.29852e-12 0.0295639 2.59109e-12 2.16827e-12 0 0 0.087788 0.203864 0.278517 0.179414 0.149018 0.103622 0.0505297 0.035639 0.016386 0.00944609 0 0
841.414 3.53535 416.305 325.168 1.00759 1.01384 0.3 0.9 1.1 1.5 2.2 2.4 3.3 3.9 5.1 6.4 0 0 0.134373 0.288907 0.123017 0.185143 0.210762 9.87838e-12 0.065387 4.8328e-13 1.64178e-11 7.42573e-13 0 0 0.171427 0.272424 0.0348274 0.265696 0.0401519 0.121769 0.0121059 0.0406846 0.0363657 0.0183882 0 0
557.512 2.34249 309.701 218.564 1.01006 1.14652 0.2 0.7 1.2 1.7 2.1 2.8 3.3 4.1 4.7 5.5 0 0 0.116168 0.170368 0.329374 0.189374 0.0889658 0.047092 0.0656312 3.76682e-12 2.37466e-10 0.00309132 0 0 0.102085 0.253773 0.242587 0.153833 0.138304 0.0681779 0.0670509 0.0379187 0.0459889 0.0368026 0 0
564.389 2.37138 312.876 221.739 1.01395 1.12173 0.2 0.6 1.1 1.7 2 2.6 3.3 4.4 5.3 5.2 0 0 0.111974 0.112715 0.348678 0.257103 0.0339107 0.0658219 0.0729657 4.70362e-11 1.26913e-07 0.0107815 0 0 0.0915392 0.198148 0.29446 0.204444 0.0972909 0.111831 0.073617 0.0325117 0.0178922 1.86427e-08 0 0
721.856 3.03301 376.611 285.474 1.01277 1.06554 0.2 0.6 1.1 1.7 2.3 2.6 3.1 4 4.6 5.7 0 0 0.0941213 0.122927 0.397134 0.195758 0.0245467 0.143087 2.15387e-11 0.0351936 1.96931e-12 6.13748e-12 0 0 0.0864128 0.203098 0.289467 0.21463 0.12249 0.0211652 0.0503364 0.0251448 0.015043 0.037755 0 0
721.856 3.03301 376.611 285.474 1.01277 1.06554 0.2 0.6 1.1 1.7 2.3 2.6 3.1 4 4.6 5.7 0 0 0.0941213 0.122927 0.397134 0.195758 0.0245472 0.143086 2.16528e-11 0.0351937 1.96976e-12 6.16773e-12 0 0 0.0864128 0.203098 0.289467 0.21463 0.12249 0.0211648 0.0503362 0.0251445 0.0150429 0.037755 0 0
522.914 2.19712 293.107 201.971 1.01337 1.02782 0.1 0.5 1 1.4 1.8 2.2 3 3.4 4.1 5.2 0 0 0.0748852 0.127677 0.254521 0.225959 0.147492 0.0692551 0.0683991 0.0351728 1.10627e-11 0.0100036 0 0 0.0552184 0.185587 0.265166 0.136628 0.153153 0.11137 0.0865847 0.00812735 0.01858 0.00740416 0 0
460.638 1.93545 260.265 169.128 1.00705 1.21065 0.2 0.6 0.9 1.4 1.9 2.4 3 3.9 4.9 5.7 0 0 0.0571831 0.186468 0.190331 0.273256 0.12517 0.0996904 0.0534392 0.0215115 4.10376e-08 1.16963e-10 0 0 0.101354 0.14343 0.185775 0.293247 0.0949755 0.150372 0.075776 0.0967878 0.0465198 0.0224101 0 0
523.454 2.19939 293.375 202.238 1.01367 1.02143 0.1 0.6 1.1 1.5 2 2.4 3.1 3.6 4.7 5.2 0 0 0.083126 0.169497 0.260264 0.233351 0.134077 0.0238007 0.0842646 0.0148832 5.03486e-14 0.0104062 0 0 0.0667457 0.246558 0.212717 0.193779 0.144939 0.0720342 0.0786901 0.00194166 0.0040299 1.18602e-10 0 0
829.112 3.48366 412.49 321.354 1.01127 1.03253 0.2 0.6 1.1 1.7 2.2 2.5 3.3 3.8 4.8 5.1 0 0 0.0747087 0.160872 0.391103 0.12036 0.187501 0.00216385 0.0657585 5.93969e-15 0.00879848 1.11022e-16 0 0 0.102522 0.164453 0.316834 0.214395 0.00620214 0.148776 0.00352962 0.0546995 0.000120318 0.0209929 0 0
738.862 3.10446 382.642 291.505 1.00856 1.15913 0.2 0.7 1.3 1.8 2.2 2.6 3.2 4.1 4.7 5.6 0 0 0.112518 0.197831 0.38781 0.106528 0.109288 1.20337e-12 0.0945882 2.44512e-10 2.7573e-11 7.44543e-11 0 0 0.0989739 0.28112 0.28656 0.133415 0.115908 0.049335 0.0793556 0.0278236 0.0399247 0.0467122 0 0
447.215 1.87906 252.605 161.469 1.00816 1.03991 0.1 0.5 1 1.6 1.9 2.4 3.1 3.8 4.5 4.6 0 0 0.0261405 0.19502 0.3084 0.250416 0.0352857 0.125963 0.0463516 0.0166127 0.00396889 7.57455e-12 0 0 0.0565815 0.177861 0.297489 0.203202 0.0873161 0.106011 0.0651253 0.0244877 0.021834 8.21898e-13 0 0
525.108 2.20634 294.192 203.055 1.01285 1.02738 0.1 0.5 0.9 1.3 1.8 2.3 3.1 3.5 4.4 5.3 0 0 0.0767646 0.114067 0.17833 0.291014 0.185131 0.0624007 0.0791126 0.0176155 1.02668e-11 0.00841528 0 0 0.0612376 0.154252 0.222803 0.181648 0.192523 0.0925898 0.0775218 0.00396489 0.0253784 0.0154605 0 0
525.663 2.20867 294.465 203.329 1.01317 0.999789 0.1 0.5 1 1.4 1.8 2.3 3.1 3.5 4.3 5.2 0 0 0.0750879 0.126683 0.258387 0.217434 0.164276 0.0655114 0.0802499 0.0158021 1.80411e-14 0.0097391 0 0 0.0540726 0.188624 0.260521 0.132652 0.174151 0.101397 0.0760074 6.13322e-10 0.00945676 0.00290858 0 0
457.761 1.92337 258.642 167.505 1.00686 1.19568 0.2 0.6 1 1.5 2 2.3 3 3.9 4 5.1 0 0 0.0546039 0.212415 0.222074 0.263473 0.0622704 0.108708 0.0636058 0.0197129 2.68566e-09 4.12577e-08 0 0 0.102091 0.156247 0.240087 0.266861 0.0223289 0.178352 0.0940751 0.0415676 0.0552866 0.0387808 0 0
447.094 1.87854 252.535 161.398 1.0085 0.983918 0.2 0.6 1 1.5 2 2.5 3.2 3.9 4.5 5.2 0 0 0.0551331 0.209886 0.228159 0.249972 0.107874 0.0973739 0.0445606 0.0113625 0.00417653 1.02085e-13 0 0 0.103362 0.147208 0.249045 0.226821 0.0977867 0.108068 0.0285124 0.0231155 6.05022e-12 4.2438e-11 0 0
476.807 2.00339 269.2 178.063 1.00807 1.04466 0.2 0.7 1.3 1.8 2.2 2.6 3.3 4 4.6 5.1 0 0 0.064706 0.310258 0.287796 0.149995 0.0622932 0.0830309 0.0376762 0.00958917 0.00272699 2.05946e-14 0 0 0.106282 0.253117 0.321188 0.0854378 0.109164 0.0762199 0.0380432 0.0413204 2.06551e-12 0.0138836 0 0
477.399 2.00588 269.522 178.385 1.00729 1.05045 0.2 0.7 1.3 1.8 2.2 2.6 3.3 4 5.1 5.5 0 0 0.0647018 0.310266 0.288006 0.150076 0.0623769 0.0834014 0.0371339 0.0113302 1.60992e-11 9.83824e-13 0 0 0.106179 0.253187 0.321234 0.0850508 0.10831 0.0777518 0.0359764 0.0438193 0.0153758 0.00356973 0 0
459.508 1.9307 259.628 168.492 1.00776 1.21321 0.1 0.6 1 1.4 1.7 2.3 3 3.9 4.7 5.4 0 0 0.0409049 0.240465 0.18666 0.189458 0.135168 0.134528 0.0584211 0.0201435 0.00201342 2.96563e-11 0 0 0.0744596 0.217183 0.158438 0.25796 0.0684408 0.1901 0.0905601 0.0952986 0.0296683 0.0310974 0 0
1029.62 4.32615 468.588 377.451 1.01599 1.21907 0.3 0.8 1.2 1.6 2 2.5 3.3 4.1 4.8 5.6 0 0 0.134071 0.264555 0.0971383 0.286291 0.11255 0.0108318 0.105081 3.26589e-12 0.00546923 3.7868e-12 0 0 0.154854 0.239096 0.191461 0.159097 0.128197 0.125699 0.0883658 0.0399117 0.044387 0.0480032 0 0
513.337 2.15688 288.32 197.183 1.01329 1.07147 0.1 0.4 0.9 1.3 1.8 2.4 3.2 3.6 4.3 5.2 0 0 0.0618292 0.106822 0.215444 0.266584 0.204386 0.0589785 0.0876045 8.4984e-10 3.0842e-12 0.0116379 0 0 0.0332828 0.163185 0.249281 0.178916 0.209444 0.113635 0.0896766 4.74948e-10 0.0273984 0.00664936 0 0
540.735 2.272 301.787 210.65 1.01291 1.02301 0.0001 0.5 1 1.4 1.8 2.2 3.1 3.6 4.3 5.2 0 0 0.0667063 0.140266 0.244909 0.237161 0.135504 0.0797522 0.0863154 0.0130383 3.87723e-12 0.0092593 0 0 0.0495486 0.193982 0.257379 0.14406 0.141219 0.120628 0.0928814 7.24129e-10 0.0195435 0.00377286 0 0
552.647 2.32205 307.431 216.294 1.00955 1.3644 0.1 0.6 1.1 1.5 2 2.5 3.1 3.9 4.7 5.5 0 0 0.0834491 0.168813 0.263151 0.229631 0.142928 0.017874 0.0919545 0.00459346 1.56763e-13 0.00715898 0 0 0.0682901 0.243345 0.231086 0.179895 0.192346 0.0802292 0.139648 0.0997363 0.0849118 0.0449123 0 0
457.761 1.92337 258.642 167.505 1.00686 1.19568 0.2 0.6 1 1.5 2 2.3 3 3.9 4 5.1 0 0 0.0546039 0.212415 0.222074 0.263473 0.0622704 0.108708 0.0636058 0.0197129 2.68567e-09 4.12577e-08 0 0 0.102091 0.156247 0.240087 0.266861 0.0223289 0.178352 0.0940751 0.0415676 0.0552866 0.0387808 0 0
456.713 1.91896 258.048 166.912 1.00792 1.08142 0.1 0.6 1.1 1.6 1.9 2.4 3.1 3.9 4.5 5.7 0 0 0.0395423 0.253847 0.259808 0.210817 0.0546438 0.121825 0.0485262 0.0168311 0.00207602 4.76701e-10 0 0 0.0684183 0.232571 0.259392 0.150329 0.11983 0.0990167 0.0759384 0.0290284 0.0292273 0.01767 0 0
464.644 1.95229 262.507 171.371 1.00748 1.12653 0.1 0.6 1.1 1.6 2 2.5 3.2 4 4.5 5.7 0 0 0.0396348 0.253607 0.260116 0.213505 0.0779881 0.105764 0.0418709 0.0149913 2.98624e-08 1.25289e-12 0 0 0.0695499 0.230317 0.261957 0.163788 0.141134 0.0778343 0.090148 0.0213128 0.0469887 0.0235037 0 0
442.994 1.86132 250.149 159.012 1.00717 1.26611 0.2 0.6 1 1.4 1.9 2.5 3.2 4 4.7 5.7 0 0 0.0536947 0.218635 0.195305 0.223674 0.156315 0.100696 0.0441658 0.0136625 0.00102389 1.06187e-12 0 0 0.0911661 0.189554 0.198652 0.201641 0.188907 0.117459 0.105545 0.0681268 0.0651911 0.0398641 0 0
468.367 1.96793 264.574 173.438 1.008 1.08736 0.1 0.6 1.1 1.6 2 2.5 3.2 4.2 4.7 6 0 0 0.0398013 0.253609 0.259208 0.215002 0.0774509 0.104012 0.0459168 0.0130006 5.65546e-09 2.75846e-12 0 0 0.0695031 0.23102 0.256741 0.168002 0.13489 0.0699095 0.0801981 0.024405 0.0275393 0.0251484 0 0
844.722 3.54925 417.321 326.185 1.01181 1.03079 0.2 0.6 1.1 1.7 2.2 2.5 3.4 3.8 5.1 4.8 0 0 0.0757409 0.158043 0.393172 0.121431 0.17745 0.0166228 0.0620641 5.43438e-12 4.21912e-11 0.00728896 0 0 0.102509 0.164761 0.314587 0.215433 0.00293695 0.147629 2.97158e-08 0.0558638 0.027072 1.97482e-09 0 0
455.505 1.91389 257.363 166.226 1.00817 1.10367 0.2 0.6 0.9 1.4 1.8 2.3 3 3.9 4.8 5.3 0 0 0.0573151 0.185185 0.193199 0.262901 0.100329 0.127265 0.0594507 0.020609 0.00191954 1.90951e-11 0 0 0.103227 0.135003 0.193585 0.285975 0.058008 0.169524 0.0732066 0.0633034 0.00857545 0.013263 0 0
451.826 1.89843 255.262 164.125 1.0084 1.01594 0.2 0.6 1 1.5 1.9 2.4 3.1 3.9 4.3 4.7 0 0 0.0551595 0.209548 0.229573 0.241733 0.0865127 0.116597 0.0500498 0.0169706 1.84336e-08 0.00225336 0 0 0.0947321 0.166359 0.249683 0.178668 0.140512 0.0898298 0.0668852 0.0118313 0.0174378 7.74766e-11 0 0
495.026 2.07994 278.912 187.776 1.00704 1.27093 0.0001 0.5 0.9 1.4 1.8 2.4 3 3.7 4.5 5.4 0 0 0.0277145 0.172214 0.252127 0.227728 0.139987 0.117645 0.043468 0.0222132 0.00394303 2.29594e-13 0 0 0.059767 0.158127 0.225016 0.258219 0.111983 0.168939 0.0732165 0.100236 0.0754803 0.0399468 0 0
464.644 1.95229 262.507 171.371 1.00748 1.12653 0.1 0.6 1.1 1.6 2 2.5 3.2 4 4.5 5.7 0 0 0.0396348 0.253607 0.260116 0.213505 0.0779881 0.105764 0.0418709 0.0149913 2.96671e-08 1.28769e-12 0 0 0.0695499 0.230317 0.261957 0.163788 0.141134 0.0778343 0.090148 0.0213128 0.0469887 0.0235037 0 0
468.116 1.96687 264.435 173.299 1.00817 1.05669 0.1 0.6 1.1 1.6 2 2.5 3.2 4.2 4.6 6 0 0 0.039788 0.253695 0.258925 0.215655 0.0764658 0.104676 0.0459256 0.0130435 4.31127e-10 2.21063e-11 0 0 0.0690639 0.232292 0.253055 0.17189 0.128158 0.0689141 0.0698899 0.00913517 0.029145 0.0251481 0 0
466.94 1.96193 263.784 172.648 1.00825 1.08005 0.1 0.6 1.1 1.6 2.1 2.5 3.1 3.7 4.4 5.4 0 0 0.0390902 0.255111 0.257789 0.221206 0.0909396 0.0761715 0.0479216 0.01225 0.00776744 5.43512e-10 0 0 0.0718363 0.222961 0.26843 0.183239 0.126826 0.0711741 0.0579035 0.035693 0.0311455 0.0108443 0 0
448.671 1.88517 253.447 162.311 1.00791 1.14342 0.2 0.7 1.3 1.7 2 2.4 3.1 3.9 4.6 5.8 0 0 0.0645048 0.311644 0.275129 0.118608 0.0610865 0.106001 0.0526865 0.0160993 0.00214937 2.02505e-13 0 0 0.0993464 0.278768 0.28136 0.0648431 0.138636 0.0776285 0.0949294 0.0364505 0.0449985 0.0264624 0 0
480.539 2.01907 271.219 180.083 1.00684 1.32068 0.2 0.6 1.1 1.6 2.1 2.6 3.3 4 4.8 5.6 0 0 0.0518416 0.233678 0.273661 0.208367 0.106017 0.0838968 0.037413 0.0105607 0.00140664 3.31992e-10 0 0 0.0997104 0.178964 0.297742 0.194517 0.123958 0.134372 0.0853403 0.101986 0.0667187 0.0373724 0 0
462.806 1.94456 261.481 170.344 1.00826 1.00256 0.2 0.7 1.3 1.7 2.1 2.6 3.3 4 4.6 5.2 0 0 0.0644821 0.311588 0.276772 0.117099 0.104327 0.0826678 0.0389185 0.0100561 0.00234593 1.16018e-11 0 0 0.106492 0.252261 0.315808 0.0547693 0.129415 0.0827341 0.0294992 0.0260036 1.20296e-11 0.00558147 0 0
466.117 1.95848 263.327 172.191 1.00813 1.03577 0.1 0.6 1.1 1.6 2 2.5 3.2 4.1 4.5 6 0 0 0.0396835 0.253624 0.259613 0.214616 0.0767501 0.105391 0.0448794 0.0127022 0.000872778 4.60743e-14 0 0 0.0685676 0.234038 0.249546 0.178324 0.119376 0.0734072 0.0613695 5.45841e-13 0.0288706 0.0222751 0 0
913.836 3.83965 437.69 346.553 1.01342 1.11677 0.2 0.6 1 1.5 1.9 2.3 3.2 4.1 4.6 4.9 0 0 0.0752371 0.200133 0.17719 0.269395 0.159603 0.0207603 0.105499 6.66855e-13 5.36089e-11 0.00560472 0 0 0.0972813 0.162431 0.258977 0.171685 0.151052 0.0952207 0.117116 4.19061e-11 0.0630043 6.79091e-11 0 0
606.145 2.54683 331.362 240.225 1.01324 1.14697 0.2 0.7 1.2 1.4 2 2.5 3.1 3.9 4.5 5.2 0 0 0.114609 0.183995 0.213388 0.205428 0.179463 0.00155451 0.0982888 0.00450593 2.07903e-10 0.0120122 0 0 0.100466 0.279101 0.096458 0.239401 0.178118 0.0810361 0.0935444 0.0429007 0.0183093 0.0176408 0 0
479.291 2.01383 270.546 179.409 1.00769 1.13329 0.3 0.7 1 1.5 2 2.5 3.3 4.1 4.2 5.2 0 0 0.100982 0.196233 0.19037 0.258294 0.102555 0.103287 0.0465932 1.24313e-09 0.00937758 5.55112e-16 0 0 0.165855 0.0701104 0.280658 0.21161 0.112884 0.131699 0.0592268 0.0534119 0.0117971 0.0360413 0 0
552.647 2.32205 307.431 216.294 1.00955 1.3644 0.1 0.6 1.1 1.5 2 2.5 3.1 3.9 4.7 5.5 0 0 0.0834491 0.168813 0.263151 0.229631 0.142928 0.0178739 0.0919546 0.00459345 1.52656e-13 0.00715898 0 0 0.0682901 0.243345 0.231086 0.179895 0.192346 0.0802292 0.139648 0.0997363 0.0849118 0.0449124 0 0
676.16 2.84101 359.673 268.537 1.01459 1.03312 0.2 0.7 1.3 1.5 2 2.5 3.2 4.5 5.1 5.6 0 0 0.112624 0.196806 0.38849 0.0186239 0.174167 0.0196232 0.0923573 6.28381e-12 0.0118996 3.93849e-11 0 0 0.0986716 0.280713 0.246945 0.0738409 0.166842 0.0684712 0.0698183 0.0184625 1.63441e-09 0.00935694 0 0
555.065 2.33221 308.561 217.425 1.0077 1.45878 0.2 0.6 1.1 1.6 1.9 2.5 3.2 3.9 4.9 5.7 0 0 0.111486 0.116676 0.333427 0.188052 0.117152 0.0550506 0.0814687 7.59127e-11 0.00439388 1.112e-12 0 0 0.0973069 0.189319 0.282643 0.205505 0.0800633 0.197028 0.104288 0.153015 0.11527 0.034339 0 0
903.528 3.79634 434.752 343.615 1.01582 1.19599 0.2 0.6 1 1.5 1.9 2.1 3 3.8 4.5 5.4 0 0 0.0857712 0.187961 0.152855 0.345011 0.0866825 0.0202421 0.114992 0.00492747 9.4369e-16 0.017379 0 0 0.0920426 0.181803 0.233864 0.228786 0.00446773 0.207332 0.130806 0.050146 0.0490125 0.0177309 0 0
453.025 1.90347 255.949 164.812 1.00764 1.14817 0.1 0.6 1.1 1.5 1.9 2.5 3.2 3.8 4.5 5.4 0 0 0.0389901 0.257009 0.242435 0.169395 0.135549 0.107408 0.0396708 0.0134089 0.00377594 1.99168e-11 0 0 0.0739171 0.22302 0.240092 0.180088 0.107993 0.154132 0.034336 0.0638119 0.0372237 0.0335544 0 0
456.713 1.91896 258.048 166.912 1.00792 1.08142 0.1 0.6 1.1 1.6 1.9 2.4 3.1 3.9 4.5 5.7 0 0 0.0395423 0.253847 0.259808 0.210817 0.0546438 0.121825 0.0485262 0.0168311 0.00207602 4.767e-10 0 0 0.0684183 0.232571 0.259392 0.150329 0.11983 0.0990167 0.0759384 0.0290284 0.0292273 0.01767 0 0
456.713 1.91896 258.048 166.912 1.00792 1.08142 0.1 0.6 1.1 1.6 1.9 2.4 3.1 3.9 4.5 5.7 0 0 0.0395423 0.253847 0.259808 0.210817 0.0546438 0.121825 0.0485262 0.0168311 0.00207602 4.767e-10 0 0 0.0684183 0.232571 0.259392 0.150329 0.11983 0.0990167 0.0759384 0.0290284 0.0292273 0.01767 0 0
455.14 1.91235 257.155 166.018 1.00907 0.98281 0.0001 0.6 0.7 1.3 1.7 2.2 2.9 3.7 4.6 5.2 0 0 0.0405562 0.116884 0.209001 0.294168 0.11095 0.141 0.0670634 0.0245957 0.00485699 5.55112e-17 0 0 0.0692582 0.156261 0.125728 0.326744 0.0623728 0.162198 0.058259 0.0219877 1.69309e-14 2.94209e-15 0 0
468.197 1.96721 264.48 173.344 1.00708 1.35776 0.0001 0.6 1.1 1.5 1.9 2.4 3 3.8 4.5 5.4 0 0 0.0354828 0.26417 0.232238 0.184876 0.114063 0.101689 0.0506425 0.019245 0.0046751 4.2501e-12 0 0 0.0681404 0.234741 0.239048 0.195204 0.101822 0.165041 0.105252 0.120834 0.072763 0.0549136 0 0
453.027 1.90347 255.949 164.813 1.00869 1.06718 -0.0999 0.6 0.9 1.4 1.8 2.2 2.9 3.8 4.7 5.6 0 0 0.0421728 0.220277 0.161845 0.290606 0.0578545 0.139203 0.0692059 0.0239964 0.00353311 2.29774e-11 0 0 0.0758581 0.199407 0.135745 0.329109 2.38529e-10 0.180999 0.0786572 0.0504509 0.0116537 0.00530359 0 0
817.572 3.43518 408.86 317.723 1.01115 1.18099 0.3 0.8 1.1 1.7 2.2 2.7 3.3 4.2 4.6 5.6 0 0 0.130874 0.156987 0.325826 0.140953 0.176462 0.00531772 0.0638757 2.1072e-13 0.0108567 1.64664e-10 0 0 0.158104 0.202897 0.199441 0.256252 0.0914384 0.0844155 0.0835728 0.0486955 0.0286522 0.0275257 0 0
709.692 2.9819 372.209 281.073 1.00935 1.32605 0.2 0.7 1.3 1.7 2 2.5 3.2 4 4.7 5.5 0 0 0.112925 0.196086 0.39479 0.0228936 0.163795 0.0223822 0.0925194 5.37348e-13 5.26293e-10 0.00395711 0 0 0.099585 0.283442 0.288642 0.0775018 0.147154 0.118478 0.116572 0.0737658 0.0670062 0.0539035 0 0
546.422 2.29589 304.497 213.36 1.01259 1.01188 0.1 0.5 1 1.4 1.8 2.2 3.1 3.5 4.3 5.2 0 0 0.0744502 0.128607 0.253428 0.22849 0.142524 0.0767438 0.0845819 0.0141839 2.33147e-15 0.00958091 0 0 0.0552777 0.184524 0.264529 0.13373 0.147515 0.113799 0.0904236 1.92624e-14 0.0197295 0.00235278 0 0
520.258 2.18596 291.788 200.652 1.01306 1.10661 0.2 0.5 1 1.5 1.9 2.5 3.2 4.1 5.2 5 0 0 0.1065 0.0788556 0.30639 0.241125 0.132035 0.0531141 0.0830878 1.21569e-14 0.0119481 9.31999e-12 0 0 0.075612 0.158631 0.290282 0.167544 0.169489 0.106748 0.0838065 0.036542 0.00356714 0.0143856 0 0
564.389 2.37138 312.876 221.739 1.01395 1.12175 0.2 0.6 1.1 1.7 2 2.6 3.3 4.4 5.3 5.2 0 0 0.111974 0.112716 0.348678 0.257102 0.0339123 0.0658204 0.072966 4.44289e-12 1.10412e-07 0.01078 0 0 0.0915392 0.198148 0.294461 0.204444 0.0972932 0.111832 0.073619 0.0325163 0.0178951 5.05648e-09 0 0
525.372 2.20744 294.322 203.185 1.013 0.987908 0.2 0.5 0.9 1.4 1.9 2.3 3.1 3.6 4.4 5.2 0 0 0.112281 0.0502356 0.251328 0.302515 0.138975 0.050489 0.0858881 0.012445 3.96194e-12 0.00884653 0 0 0.0821235 0.125985 0.244251 0.22334 0.141627 0.0840746 0.0727489 4.86833e-10 0.00972804 0.0040299 0 0
696.235 2.92536 367.251 276.114 1.00777 1.15091 0.2 0.7 1.3 1.6 2 2.5 3.2 4.1 4.7 5.6 0 0 0.112741 0.196603 0.392367 0.0198577 0.17127 0.0209052 0.0940219 1.19106e-11 4.32406e-10 4.05346e-10 0 0 0.0989878 0.28205 0.270901 0.0668339 0.160722 0.086202 0.085583 0.0269737 0.0367962 0.0358631 0 0
525.639 2.20857 294.453 203.317 1.01308 0.996154 0.2 0.5 0.9 1.3 1.8 2.3 3.1 3.5 4.4 5.2 0 0 0.108723 0.0639609 0.209761 0.270041 0.197612 0.0551564 0.0819979 0.0159535 2.2865e-13 0.00987582 0 0 0.0801509 0.134287 0.218654 0.192864 0.184884 0.0986222 0.076291 8.14232e-12 0.00978285 0.000619284 0 0
520.258 2.18596 291.788 200.652 1.01306 1.10658 0.2 0.5 1 1.5 1.9 2.5 3.2 4.1 5.2 5 0 0 0.1065 0.0788557 0.306391 0.241125 0.132035 0.0531155 0.0830887 1.00808e-13 0.0119464 7.86529e-11 0 0 0.0756118 0.158631 0.290281 0.167543 0.169489 0.106743 0.083798 0.0365335 0.0035613 0.0143913 0 0
556.436 2.33797 309.2 218.063 1.01218 1.00405 0.2 0.7 1.2 1.7 2.1 2.8 3.2 4.1 4.7 5.2 0 0 0.116112 0.171175 0.328559 0.188178 0.0908151 0.0338565 0.0733318 4.07574e-12 2.08467e-12 0.0101524 0 0 0.101488 0.254446 0.234595 0.156983 0.126075 0.0468358 0.0549601 0.0169474 0.0117232 3.33598e-08 0 0
546.422 2.29589 304.497 213.36 1.01259 1.01188 0.1 0.5 1 1.4 1.8 2.2 3.1 3.5 4.3 5.2 0 0 0.0744502 0.128607 0.253428 0.22849 0.142523 0.0767443 0.084582 0.0141836 3.4972e-15 0.00958188 0 0 0.0552777 0.184524 0.264529 0.13373 0.147516 0.113799 0.090423 7.07878e-13 0.0197267 0.00235361 0 0
534.786 2.247 298.922 207.785 1.01232 1.08776 0.2 0.4 1 1.6 2.2 2.4 3.1 3.5 4 5.2 0 0 0.0894216 0.0828617 0.341021 0.298307 0.0897127 0.00490144 0.0840923 0.0137023 1.46855e-12 0.00830405 0 0 0.0583389 0.143402 0.334824 0.243407 0.0172923 0.147731 0.0344131 0.02079 0.0426792 0.0448873 0 0
457.541 1.92244 258.518 167.381 1.00665 1.37107 0.2 0.6 1.1 1.6 2 2.6 3.3 4.1 4.8 5.8 0 0 0.0525915 0.231383 0.278928 0.189412 0.109126 0.0982883 0.035788 0.0110137 0.000116733 3.44169e-15 0 0 0.0896991 0.205357 0.276282 0.172526 0.158572 0.120354 0.123216 0.0857592 0.0860557 0.0532548 0 0
455.044 1.91195 257.1 165.964 1.00798 1.06575 0.0001 0.5 1 1.6 2.1 2.5 3.2 4.1 4.4 5.9 0 0 0.0234538 0.199448 0.304763 0.260007 0.0620907 0.0995949 0.0443841 0.0142375 6.03495e-09 1.86684e-13 0 0 0.0515601 0.184778 0.292903 0.225637 0.116411 0.0583099 0.0812323 3.27263e-09 0.0381845 0.016735 0 0
462.806 1.94456 261.481 170.344 1.00826 1.00257 0.2 0.7 1.3 1.7 2.1 2.6 3.3 4 4.6 5.2 0 0 0.064482 0.311588 0.276772 0.117099 0.104327 0.0826678 0.0389187 0.0100571 0.0023467 3.38601e-12 0 0 0.106491 0.252262 0.315809 0.054768 0.129415 0.0827339 0.0294963 0.0260036 1.51601e-12 0.00558676 0 0
462.806 1.94456 261.481 170.344 1.00826 1.00257 0.2 0.7 1.3 1.7 2.1 2.6 3.3 4 4.6 5.2 0 0 0.064482 0.311588 0.276772 0.117099 0.104327 0.0826679 0.0389184 0.0100575 0.00234608 2.04958e-12 0 0 0.106492 0.252262 0.315809 0.054769 0.129415 0.0827359 0.0294982 0.0260057 9.57623e-12 0.00558317 0 0
456.065 1.91624 257.681 166.544 1.00697 1.25195 0.1 0.6 1 1.4 1.8 2.3 2.9 3.8 4.5 5.3 0 0 0.0406192 0.243122 0.176394 0.22673 0.118294 0.114998 0.0599965 0.0250966 0.00172236 3.71148e-13 0 0 0.0771576 0.204706 0.184551 0.234405 0.101427 0.153681 0.105969 0.102866 0.045318 0.0418725 0 0
453.67 1.90618 256.317 165.18 1.00781 1.11705 0.0001 0.6 1.1 1.6 2 2.3 3 3.8 4.5 5.6 0 0 0.0357934 0.261151 0.250304 0.237188 0.010582 0.132607 0.0574902 0.0200391 0.00265585 8.894e-13 0 0 0.0623583 0.244724 0.246364 0.191511 0.0862728 0.0927187 0.0926218 0.0437215 0.0389825 0.0177722 0 0
921.712 3.87274 439.912 348.776 1.01704 0.980519 0.2 0.6 1 1.5 1.8 2.3 3 3.9 4.4 5.3 0 0 0.0879642 0.182013 0.157908 0.332472 0.0887648 0.0347227 0.10774 0.0104815 3.96044e-12 0.0149781 0 0 0.0923368 0.174391 0.245053 0.154696 0.145311 0.0995258 0.0667236 7.82058e-10 0.00248174 5.13778e-10 0 0
927.18 3.89571 441.444 350.308 1.01435 1.19275 0.2 0.6 1.1 1.6 2 2.5 3.2 4.3 4.8 5.6 0 0 0.0733257 0.217561 0.215513 0.272414 0.119386 8.18456e-13 0.109752 2.88658e-15 0.00639461 1.98175e-14 0 0 0.0899903 0.196078 0.304758 0.123432 0.181632 0.0797386 0.0951969 0.0446014 0.021698 0.0556202 0 0
872.081 3.66421 425.577 334.44 1.01404 1.10697 -0.0999 0.5 0.9 1.3 1.7 2 2.8 3.4 4.3 5.3 0 0 0.0529029 0.179008 0.134079 0.230962 0.265734 1.81166e-12 0.108945 0.02679 1.58882e-10 0.0156157 0 0 0.0582293 0.162628 0.219803 0.178026 0.108018 0.164835 0.0973382 0.0598914 0.0435954 0.0146013 0 0
468.264 1.9675 264.518 173.381 1.00797 1.16039 0.1 0.6 1.1 1.6 2.1 2.6 3.3 4.4 4.5 5.7 0 0 0.0395396 0.254388 0.257882 0.221358 0.0977185 0.0858103 0.0411016 0.0101681 1.43581e-11 3.89849e-11 0 0 0.071041 0.227298 0.263434 0.183926 0.152205 0.0633141 0.0988827 0.0320672 0.0399108 0.0283093 0 0
454.553 1.90989 256.821 165.684 1.00697 1.18993 0.1 0.6 1 1.4 1.7 2.2 2.8 3.6 4.2 5.2 0 0 0.0404519 0.242985 0.178672 0.212079 0.101397 0.131063 0.0664883 0.0284597 0.00537379 4.36945e-09 0 0 0.076869 0.206125 0.18004 0.231828 0.0718124 0.160804 0.10614 0.0678483 0.0552174 0.0332451 0 0
493.747 2.07457 278.242 187.106 1.00753 1.19412 0.0001 0.6 1.1 1.6 2.1 2.6 3.1 3.8 4.5 5.6 0 0 0.0362683 0.259058 0.256111 0.221538 0.0984559 0.0821753 0.0298686 0.0215405 0.00251783 2.16216e-13 0 0 0.063197 0.24249 0.253735 0.189617 0.161012 0.0475769 0.095581 0.0462068 0.0624373 0.0322707 0 0
460.081 1.93312 259.952 168.815 1.00802 0.9858 0.2 0.6 1 1.5 2 2.5 3.3 4 4.1 5.3 0 0 0.0549043 0.210164 0.228035 0.250526 0.106254 0.102077 0.045692 6.91813e-12 0.0103685 1.65797e-10 0 0 0.102998 0.148358 0.246927 0.228716 0.0938904 0.112151 0.0284989 0.0198474 1.52408e-10 0.00441351 0 0
468.264 1.9675 264.518 173.381 1.00796 1.16039 0.1 0.6 1.1 1.6 2.1 2.6 3.3 4.4 4.5 5.7 0 0 0.0395396 0.254387 0.257883 0.221358 0.0977168 0.0858122 0.0411006 0.0101673 1.77846e-10 6.27276e-12 0 0 0.0710409 0.2273 0.263436 0.18393 0.152207 0.0633176 0.0988796 0.0320699 0.0399036 0.0283084 0 0
475.647 1.99852 268.569 177.433 1.00818 1.15777 0.2 0.6 1 1.5 1.9 2.3 3 3.8 4.7 4.5 0 0 0.0547621 0.2108 0.227227 0.248544 0.0638009 0.118629 0.061495 0.0170156 9.33645e-09 0.00591113 0 0 0.092814 0.181074 0.224576 0.24232 0.0688013 0.15187 0.0955484 0.0706146 0.0301526 6.46571e-07 0 0
