Chi2   rChi2   BIC   AIC    Qichtot    Qimtot  R[0]  R[1]  R[2]  R[3]  R[4]  R[5]  R[6]  R[7]  R[8]  R[9]  R[10]  R[11]  Q0ch    Q1ch    Q2ch    Q3ch    Q4ch    Q5ch    Q6ch    Q7ch    Q8ch    Q9ch    Q10ch    Q11ch    Q0m    Q1m    Q2m    Q3m    Q4m    Q5m    Q6m    Q7m    Q8m    Q9m    Q10m    Q11m
536.694 2.25502 299.844 208.707 1.01322 1.02321 0.2 0.5 1 1.5 1.9 2.3 3.1 3.5 4.3 5.2 0 0 0.10604 0.0795477 0.304334 0.25007 0.108454 0.0585708 0.0775936 0.0189734 9.373e-12 0.00964175 0 0 0.0789206 0.149121 0.298878 0.155256 0.14787 0.0856582 0.0884016 1.28308e-12 0.016265 0.0028382 0 0
505.788 2.12516 284.483 193.346 1.01357 0.99828 0.2 0.6 1 1.4 1.8 2.3 3.1 3.5 4.7 5.2 0 0 0.11366 0.0968972 0.246381 0.221114 0.163854 0.06493 0.0771005 0.019448 1.7516e-12 0.0101884 0 0 0.0911382 0.187214 0.199509 0.181419 0.14587 0.119287 0.0734395 6.77686e-11 0.000402659 3.65249e-09 0 0
526.855 2.21368 295.052 203.915 1.01327 1.07533 0.2 0.6 1.1 1.6 1.9 2.4 3.2 4.1 4.6 5.2 0 0 0.110764 0.118312 0.330078 0.196402 0.101366 0.0574084 0.0873336 4.51013e-10 4.96825e-14 0.0116094 0 0 0.0891909 0.20352 0.272159 0.152085 0.118897 0.108758 0.0909314 0.0197292 0.0169204 0.00313669 0 0
564.76 2.37294 313.046 221.909 1.01117 1.06942 0.2 0.3 0.9 1.4 1.8 2.3 3.2 4.5 4.4 5.4 0 0 0.0667404 0.0821665 0.274878 0.272383 0.137649 0.0817732 0.0895622 1.77636e-15 3.78586e-14 0.00602209 0 0 4.63502e-09 0.164672 0.319157 0.145211 0.174539 0.098407 0.0863438 0.0419632 0.010684 0.0284392 0 0
526.383 2.21169 294.82 203.683 1.00748 1.20809 0.0001 0.6 1.2 1.8 2.1 2.5 3.2 4.1 4.8 5.6 0 0 0.0744759 0.193984 0.366235 0.227877 0.00623468 0.0518162 0.0851448 6.66134e-16 0.00171312 1.11219e-09 0 0 0.0596746 0.266026 0.303874 0.185395 0.0641636 0.086532 0.104103 0.0533748 0.0481789 0.0367657 0 0
546.422 2.29589 304.497 213.36 1.01259 1.01188 0.1 0.5 1 1.4 1.8 2.2 3.1 3.5 4.3 5.2 0 0 0.0744502 0.128607 0.253428 0.22849 0.142524 0.0767438 0.0845819 0.0141839 2.33147e-15 0.00958091 0 0 0.0552777 0.184524 0.264529 0.13373 0.147515 0.113799 0.0904236 1.92624e-14 0.0197295 0.00235278 0 0
514.563 2.16203 288.937 197.801 1.00785 1.20983 0.2 0.6 1.1 1.7 2.2 2.4 3.2 4.1 4.8 5.6 0 0 0.111689 0.114237 0.346212 0.274726 9.77942e-09 0.0728454 0.0861872 1.67784e-10 0.00138861 0.000565016 0 0 0.0895607 0.202222 0.283132 0.238138 0.0450965 0.103301 0.110566 0.0531726 0.0507645 0.0338723 0 0
564.76 2.37294 313.046 221.909 1.01118 1.06943 0.2 0.3 0.9 1.4 1.8 2.3 3.2 4.5 4.4 5.4 0 0 0.0667397 0.0821673 0.274877 0.272384 0.137647 0.0817742 0.0895613 8.81628e-12 6.02168e-12 0.00602418 0 0 2.68974e-08 0.164672 0.319158 0.145212 0.174542 0.0984103 0.0863499 0.041957 0.0106939 0.0284369 0 0
552.647 2.32205 307.431 216.294 1.00955 1.3644 0.1 0.6 1.1 1.5 2 2.5 3.1 3.9 4.7 5.5 0 0 0.0834491 0.168813 0.263151 0.229631 0.142928 0.017874 0.0919546 0.00459347 1.65368e-13 0.0071589 0 0 0.0682901 0.243345 0.231086 0.179895 0.192346 0.0802293 0.139647 0.0997361 0.0849117 0.0449124 0 0
676.16 2.84101 359.673 268.537 1.01459 1.03311 0.2 0.7 1.3 1.5 2 2.5 3.2 4.5 5.1 5.6 0 0 0.112624 0.196807 0.388488 0.0186267 0.174162 0.0196283 0.0923549 5.98244e-13 0.0119025 7.57006e-13 0 0 0.0986716 0.280714 0.246947 0.0738405 0.166841 0.0684716 0.0698046 0.0184501 7.68503e-10 0.00936555 0 0
562.328 2.36272 311.928 220.792 1.00807 0.988871 0.2 0.7 1.2 1.7 2.1 2.9 3.3 4.2 4.7 5.6 0 0 0.116093 0.17079 0.32947 0.188122 0.0938575 0.053746 0.05599 6.05072e-15 1.97453e-13 1.22465e-10 0 0 0.10087 0.254289 0.231884 0.154589 0.119232 0.0579569 0.0206474 0.00439798 0.0221968 0.0228071 0 0
520.258 2.18596 291.788 200.652 1.01306 1.10661 0.2 0.5 1 1.5 1.9 2.5 3.2 4.1 5.2 5 0 0 0.1065 0.0788556 0.30639 0.241125 0.132035 0.0531141 0.0830878 1.21014e-14 0.0119481 9.31571e-12 0 0 0.075612 0.158631 0.290282 0.167544 0.169489 0.106748 0.0838065 0.036542 0.00356714 0.0143856 0 0
524.514 2.20384 293.898 202.762 1.01372 1.0304 0.1 0.6 1.1 1.4 1.9 2.4 3.1 3.5 4.1 5.2 0 0 0.0827407 0.173304 0.226445 0.214243 0.174495 0.0342405 0.0806215 0.0161619 7.86204e-13 0.0114644 0 0 0.0664175 0.247952 0.189574 0.169846 0.171867 0.0896582 0.075397 0.00565202 0.0122961 0.00173847 0 0
531.515 2.23325 297.332 206.196 1.01303 1.05119 0.2 0.4 0.9 1.4 1.9 2.3 3.1 3.5 4.2 5.2 0 0 0.10139 0.0529414 0.262953 0.296486 0.143388 0.0480196 0.0816014 0.0161034 2.6143e-12 0.0101512 0 0 0.0601459 0.123779 0.284387 0.205191 0.16073 0.0889618 0.0960363 3.78947e-11 0.0247453 0.00721033 0 0
863.109 3.62651 422.898 331.762 1.01094 1.03504 0.3 0.9 1 1.6 2.1 2.5 3.1 3.9 4.9 5.3 0 0 0.151371 1.11688e-12 0.407796 0.230662 0.0185793 0.16177 0.00282876 0.0379361 1.51162e-12 2.35011e-09 0 0 0.176793 0.134438 0.21777 0.254609 0.054072 0.118141 0.044662 0.0345549 3.17695e-11 1.23458e-08 0 0
736.06 3.09269 381.658 290.521 1.01182 1.20125 0.1 0.6 1.1 1.5 2 2.6 3.3 4 4.1 5.4 0 0 0.0696395 0.16887 0.335683 0.162076 0.101718 0.138126 1.26762e-10 0.0357073 3.86469e-12 7.6853e-12 0 0 0.0742296 0.219537 0.251928 0.187042 0.122836 0.156637 0.0226807 0.0807524 0.0206096 0.0649987 0 0
472.457 1.98511 266.826 175.689 1.00816 1.26923 0.2 0.6 0.8 1.4 1.9 2.3 3 3.8 4.7 5.7 0 0 0.0617495 0.122623 0.228308 0.309343 0.0848978 0.117532 0.0601139 0.0189757 0.00462275 2.12768e-10 0 0 0.106961 0.0810832 0.222592 0.334276 0.052529 0.178918 0.102767 0.0969162 0.0640291 0.0291568 0 0
442.994 1.86132 250.149 159.012 1.00717 1.26611 0.2 0.6 1 1.4 1.9 2.5 3.2 4 4.7 5.7 0 0 0.0536947 0.218635 0.195305 0.223674 0.156315 0.100696 0.0441658 0.0136625 0.00102389 1.06187e-12 0 0 0.0911661 0.189554 0.198652 0.201641 0.188907 0.117459 0.105545 0.0681268 0.0651911 0.0398641 0 0
457.947 1.92415 258.747 167.611 1.008 1.1437 -0.0999 0.6 0.9 1.4 1.6 2.2 3 3.9 4.6 5.1 0 0 0.0425165 0.21698 0.169845 0.250696 0.0791561 0.160101 0.068415 0.0169346 0.00335086 5.02376e-13 0 0 0.0773599 0.192643 0.146028 0.325312 3.85625e-12 0.199345 0.100575 0.0692326 0.0175518 0.0156532 0 0
446.102 1.87438 251.96 160.824 1.00738 1.18053 0.2 0.6 0.9 1.4 1.8 2.3 3 3.7 4.5 5.5 0 0 0.0572176 0.185451 0.19288 0.263718 0.0998529 0.127935 0.0573846 0.0188439 0.00409937 1.41307e-09 0 0 0.0965765 0.142407 0.216192 0.21393 0.143332 0.128353 0.094272 0.0603644 0.0620743 0.0230241 0 0
446.102 1.87438 251.96 160.824 1.00738 1.18053 0.2 0.6 0.9 1.4 1.8 2.3 3 3.7 4.5 5.5 0 0 0.0572176 0.185451 0.19288 0.263718 0.0998529 0.127935 0.0573846 0.0188439 0.00409937 1.41307e-09 0 0 0.0965765 0.142407 0.216192 0.21393 0.143332 0.128353 0.094272 0.0603644 0.0620743 0.0230241 0 0
453.224 1.9043 256.062 164.926 1.00798 1.0137 0.2 0.6 1 1.5 1.9 2.4 3.1 4 4.4 6 0 0 0.0552331 0.209586 0.229306 0.242343 0.0860122 0.116745 0.0512941 0.0174625 8.62865e-13 2.6584e-11 0 0 0.094597 0.167101 0.247765 0.179661 0.139922 0.0857324 0.0635143 0.00727984 0.0131602 0.014968 0 0
454.854 1.91115 256.992 165.855 1.00821 1.08799 -0.0999 0.5 0.8 1.3 1.7 2.3 3 3.9 4.8 5.1 0 0 0.0352081 0.131662 0.229012 0.239135 0.159783 0.132169 0.0584737 0.0207884 0.00197601 1.01891e-11 0 0 0.068932 0.124119 0.187742 0.278734 0.11568 0.166928 0.0717368 0.0594147 2.85646e-09 0.0146971 0 0
446.605 1.87649 252.252 161.115 1.00807 1.00305 0.1 0.6 1.1 1.5 2 2.6 3.3 3.9 4.1 5.4 0 0 0.0388033 0.258477 0.235481 0.192067 0.143366 0.0903611 0.0369942 0.000842558 0.0116809 4.63074e-13 0 0 0.074981 0.218109 0.242891 0.176958 0.130129 0.105598 0.0175096 0.0314537 8.76316e-12 0.00541803 0 0
474.261 1.99269 267.813 176.677 1.00624 1.5684 0.2 0.6 1 1.5 2 2.5 3.2 4 4.7 5.7 0 0 0.0553999 0.209163 0.228559 0.250546 0.106188 0.0977418 0.0439998 0.0124147 0.00222528 1.71662e-11 0 0 0.0926597 0.185986 0.230527 0.246087 0.164486 0.140265 0.175709 0.131061 0.124534 0.0770826 0 0
589.582 2.47723 324.186 233.05 1.01035 1.05668 0.0001 0.4 1 1.5 1.9 2.4 3.1 3.6 3.8 5 0 0 0.0498304 0.132153 0.309505 0.245192 0.124154 0.0498756 0.0813965 0.0140063 2.44507e-11 0.00423817 0 0 0.0325332 0.173397 0.322931 0.165113 0.11992 0.115274 0.0419009 0.0146552 0.0293746 0.0415851 0 0
520.258 2.18596 291.788 200.652 1.01306 1.10661 0.2 0.5 1 1.5 1.9 2.5 3.2 4.1 5.2 5 0 0 0.1065 0.0788556 0.30639 0.241125 0.132035 0.0531141 0.0830878 1.21014e-14 0.0119481 9.3151e-12 0 0 0.075612 0.158631 0.290282 0.167544 0.169489 0.106748 0.0838065 0.036542 0.00356714 0.0143856 0 0
529.242 2.22371 296.223 205.086 1.01348 1.01537 0.2 0.6 1 1.4 1.9 2.4 3.1 3.5 4.5 5.2 0 0 0.112655 0.102007 0.232244 0.255009 0.167615 0.0370286 0.0786846 0.0177025 2.19168e-10 0.0105378 0 0 0.0907075 0.189828 0.191873 0.203446 0.166819 0.0864389 0.0693452 0.00885117 0.00805878 4.53619e-09 0 0
527.508 2.21642 295.373 204.236 1.01315 1.06507 0.2 0.6 1.1 1.6 1.9 2.4 3.2 4 4.6 5.2 0 0 0.110737 0.118349 0.330174 0.196417 0.101068 0.0579106 0.0871034 3.82422e-12 7.66331e-12 0.0113864 0 0 0.0892287 0.203353 0.271508 0.151938 0.118513 0.106696 0.0878799 0.0147488 0.0208442 0.000364899 0 0
442.994 1.86132 250.149 159.012 1.00717 1.26611 0.2 0.6 1 1.4 1.9 2.5 3.2 4 4.7 5.7 0 0 0.0536947 0.218635 0.195305 0.223674 0.156315 0.100696 0.0441658 0.0136625 0.00102389 1.06187e-12 0 0 0.0911661 0.189554 0.198652 0.201641 0.188907 0.117459 0.105545 0.0681268 0.0651911 0.0398641 0 0
563.995 2.36973 312.695 221.558 1.0123 1.15039 -0.0999 0.4 1 1.5 1.8 2.4 3.2 4 5 5.2 0 0 0.057676 0.121599 0.318304 0.210581 0.137047 0.0720808 0.0850484 6.39672e-12 5.98702e-09 0.00996519 0 0 0.0382523 0.16819 0.328708 0.147311 0.134153 0.147628 0.0772973 0.0604401 0.0484132 2.21271e-10 0 0
625.947 2.63003 339.688 248.552 1.01122 0.930469 0.1 0.6 1.1 1.5 1.9 2.2 3.1 3.5 4.5 5.3 0 0 0.0830529 0.169723 0.262259 0.227881 0.0859744 0.0796048 0.0875576 0.010455 1.0848e-12 0.00471274 0 0 0.0686445 0.225045 0.241976 0.0988505 0.151322 0.0296365 0.0462047 1.66684e-08 0.0384879 0.0303018 0 0
542.348 2.27877 302.558 211.422 1.01134 1.15023 0.2 0.7 1.2 1.7 2.1 2.7 3.2 4 4.6 5.4 0 0 0.116291 0.170735 0.328342 0.190777 0.0858419 0.0315599 0.0793973 5.80782e-09 1.69e-08 0.00839214 0 0 0.102395 0.255371 0.242747 0.161677 0.136195 0.0593054 0.0850008 0.0402739 0.039463 0.0278005 0 0
522.001 2.19328 292.655 201.518 1.01279 0.990209 0.2 0.5 0.9 1.3 1.7 2.2 3.1 3.5 4.4 5.2 0 0 0.110456 0.0576576 0.225449 0.233139 0.188289 0.0904232 0.0846457 0.013295 2.11692e-12 0.00943901 0 0 0.0812725 0.129698 0.228569 0.163765 0.163944 0.129452 0.0776039 3.15435e-11 0.0131236 0.0027803 0 0
556.752 2.33929 309.347 218.211 1.0086 1.35864 0.2 0.6 1.1 1.7 2.2 2.8 3.3 4 4.7 5.6 0 0 0.111444 0.114031 0.347865 0.265059 0.0542386 0.048128 0.0654961 8.92247e-12 2.63814e-10 0.00233387 0 0 0.0898359 0.202594 0.291292 0.229926 0.134789 0.0915749 0.0982842 0.0723736 0.0897332 0.0582385 0 0
546.958 2.29814 304.75 213.614 1.0127 1.01201 0.1 0.5 1 1.4 1.8 2.2 3.1 3.6 4.3 5.2 0 0 0.0744789 0.128497 0.253428 0.228685 0.142277 0.0766648 0.0870923 0.0124833 1.89293e-14 0.00909444 0 0 0.0552876 0.184565 0.264192 0.134033 0.147496 0.113204 0.0901391 2.14194e-10 0.0195094 0.0035804 0 0
519.632 2.18333 291.476 200.34 1.01359 1.00843 0.2 0.6 1 1.5 2.1 2.5 3.1 3.6 4.4 5.2 0 0 0.114035 0.0934329 0.266033 0.295822 0.131419 0.00234979 0.0879971 0.0118591 1.33948e-13 0.0106462 0 0 0.0916514 0.183362 0.21674 0.241621 0.155496 0.0328752 0.0742939 0.00436932 0.00783538 0.000188214 0 0
557.836 2.34385 309.851 218.714 1.00992 1.27969 0.1 0.6 1.1 1.5 2 2.5 3.2 4 4.7 5.5 0 0 0.0829357 0.170103 0.259953 0.234133 0.136961 0.0309251 0.0886297 3.31507e-12 9.8539e-12 0.00627912 0 0 0.0669339 0.247612 0.218378 0.194171 0.167041 0.0996588 0.12147 0.0635991 0.0641139 0.0367087 0 0
797.679 3.35159 402.48 311.344 1.01198 1.223 0.2 0.6 1.1 1.6 2 2.6 3.2 4 4.7 5.4 0 0 0.093723 0.126454 0.382004 0.157561 0.0744706 0.141065 0.00198 0.0313898 1.02506e-10 0.00333417 0 0 0.0930603 0.194592 0.289593 0.136862 0.194836 0.0625036 0.125593 0.0487012 0.0772633 8.07068e-10 0 0
562.328 2.36272 311.928 220.792 1.00807 0.988871 0.2 0.7 1.2 1.7 2.1 2.9 3.3 4.2 4.7 5.6 0 0 0.116093 0.17079 0.32947 0.188122 0.0938575 0.053746 0.05599 6.05072e-15 1.97453e-13 1.22467e-10 0 0 0.10087 0.254289 0.231884 0.154589 0.119232 0.0579569 0.0206474 0.00439798 0.0221968 0.0228071 0 0
525.983 2.21001 294.622 203.486 1.01302 0.979662 0.2 0.5 0.9 1.4 1.9 2.3 3.1 3.6 4.5 5.2 0 0 0.112259 0.0502374 0.251405 0.302468 0.13888 0.0507036 0.0856686 0.0125481 5.69245e-12 0.00885018 0 0 0.082102 0.125965 0.244087 0.222732 0.141816 0.0826891 0.0713616 6.3412e-09 0.00750136 0.00140745 0 0
552.647 2.32205 307.431 216.294 1.00955 1.3644 0.1 0.6 1.1 1.5 2 2.5 3.1 3.9 4.7 5.5 0 0 0.0834491 0.168813 0.263151 0.229631 0.142928 0.017874 0.0919545 0.00459346 1.56763e-13 0.00715898 0 0 0.0682901 0.243345 0.231086 0.179895 0.192346 0.0802292 0.139648 0.0997363 0.0849118 0.0449123 0 0
528.718 2.2215 295.966 204.829 1.0135 0.966905 0.2 0.5 0.9 1.3 1.7 2.1 3 3.5 4.1 5.2 0 0 0.109479 0.0610884 0.216961 0.24866 0.160574 0.0998445 0.0785686 0.0294496 1.96704e-12 0.00887705 0 0 0.0821721 0.127975 0.226502 0.17768 0.126587 0.143418 0.0801638 7.50485e-11 0.00240767 9.50418e-12 0 0
514.686 2.16255 288.999 197.863 1.00971 1.28633 0.2 0.6 1.1 1.7 2.1 2.4 3.2 4 4.7 5.5 0 0 0.111693 0.114259 0.346098 0.274304 7.44312e-09 0.0724985 0.0851031 1.98563e-12 4.83834e-11 0.00575741 0 0 0.0898858 0.202731 0.285417 0.241219 0.0320242 0.132311 0.127789 0.0677929 0.0688849 0.0382787 0 0
514.686 2.16255 288.999 197.863 1.00971 1.28633 0.2 0.6 1.1 1.7 2.1 2.4 3.2 4 4.7 5.5 0 0 0.111693 0.114259 0.346098 0.274304 7.44312e-09 0.0724985 0.0851031 1.98563e-12 4.83837e-11 0.00575741 0 0 0.0898858 0.202731 0.285417 0.241219 0.0320242 0.132311 0.127789 0.0677929 0.0688849 0.0382787 0 0
536.231 2.25307 299.621 208.484 1.01252 1.001 0.2 0.6 1 1.4 1.8 2.2 3.1 3.5 4.4 5.2 0 0 0.113317 0.0979573 0.244338 0.227648 0.146203 0.0740408 0.0863596 0.0132605 8.39773e-13 0.00939553 0 0 0.0915324 0.183199 0.203082 0.177886 0.120209 0.12181 0.0812799 2.31248e-12 0.0176081 0.00439743 0 0
520.258 2.18596 291.788 200.652 1.01306 1.10661 0.2 0.5 1 1.5 1.9 2.5 3.2 4.1 5.2 5 0 0 0.1065 0.0788556 0.30639 0.241126 0.132035 0.0531147 0.0830878 7.27474e-13 0.0119471 3.99022e-10 0 0 0.0756124 0.158631 0.290283 0.167544 0.16949 0.106748 0.0838077 0.0365441 0.00356164 0.0143907 0 0
546.422 2.29589 304.497 213.36 1.01259 1.01188 0.1 0.5 1 1.4 1.8 2.2 3.1 3.5 4.3 5.2 0 0 0.0744502 0.128607 0.253428 0.22849 0.142524 0.0767438 0.0845819 0.0141839 2.60902e-15 0.00958091 0 0 0.0552777 0.184524 0.264529 0.13373 0.147515 0.113799 0.0904236 1.81521e-14 0.0197295 0.00235279 0 0
532.821 2.23874 297.968 206.831 1.0145 1.02457 0.0001 0.6 1.2 1.8 2.2 2.9 3.4 4.1 5.2 5.6 0 0 0.0744343 0.19337 0.366927 0.218391 0.0371675 0.0656902 0.0475971 3.28071e-14 0.0109276 2.18071e-10 0 0 0.0595487 0.264733 0.304206 0.176273 0.10369 0.0783051 0.0218409 0.00809193 6.21584e-10 0.00788114 0 0
458.452 1.92627 259.033 167.896 1.00839 1.02024 0.3 0.7 0.9 1.4 1.8 2.4 3.1 3.9 4.6 5.2 0 0 0.102953 0.161426 0.177653 0.243452 0.131548 0.123618 0.0480748 0.0168774 0.00278287 6.79845e-13 0 0 0.169749 0.0104759 0.275896 0.224729 0.113959 0.141897 0.042269 0.0359903 1.09481e-08 0.00527147 0 0
562.328 2.36272 311.928 220.792 1.00807 0.988861 0.2 0.7 1.2 1.7 2.1 2.9 3.3 4.2 4.7 5.6 0 0 0.116093 0.17079 0.32947 0.188121 0.0938581 0.0537443 0.0559912 5.16254e-15 7.21645e-16 1.67437e-11 0 0 0.10087 0.25429 0.231884 0.154591 0.119233 0.0579588 0.0206455 0.00439485 0.0221932 0.0228005 0 0
536.831 2.25559 299.91 208.773 1.0127 0.986709 0.1 0.5 1 1.5 2.1 2.4 3.1 3.6 3.7 5.2 0 0 0.0754423 0.124987 0.274069 0.29504 0.133369 5.15191e-11 0.0919785 0.00878746 8.5116e-11 0.00902562 0 0 0.0612566 0.174587 0.259682 0.242926 0.0747794 0.100646 0.0310591 1.00745e-10 0.0217282 0.0200454 0 0
532.408 2.23701 297.767 206.631 1.01287 0.966535 0.2 0.5 1 1.5 1.9 2.4 3.2 3.5 5.2 5.7 0 0 0.106011 0.0800077 0.304043 0.247299 0.12041 0.0569363 0.0888285 1.42664e-14 0.00933294 3.06977e-14 0 0 0.0855347 0.139556 0.28255 0.208166 0.0767881 0.123351 0.0206706 0.0126282 0.0172896 1.28231e-14 0 0
555.316 2.33326 308.678 217.542 1.00793 1.13138 0.2 0.6 1.1 1.6 2 2.8 3.3 4 4.8 5.7 0 0 0.110819 0.11818 0.330606 0.207548 0.122113 0.0586781 0.0599873 2.55158e-11 3.66383e-11 5.52325e-11 0 0 0.0894873 0.198464 0.275944 0.139175 0.165808 0.0767925 0.044641 0.0374602 0.0611571 0.0424541 0 0
551.472 2.31711 306.879 215.743 1.01333 1.02542 0.2 0.5 0.9 1.4 2 2.5 3.1 3.6 4.2 5.2 0 0 0.111018 0.0543023 0.24381 0.319323 0.163242 0.0121578 0.0869296 0.0122818 7.65499e-14 0.0102624 0 0 0.0836662 0.123487 0.247146 0.236031 0.191883 0.0415185 0.083803 8.06143e-10 0.0143408 0.00354952 0 0
510.6 2.14538 286.935 195.798 1.01319 0.99053 0.1 0.5 0.9 1.3 1.8 2.3 3.1 3.5 4.4 5.2 0 0 0.0769525 0.113387 0.179784 0.288935 0.187158 0.0601817 0.0814217 0.015526 1.14408e-13 0.00984481 0 0 0.0561363 0.172728 0.193147 0.209288 0.175771 0.101726 0.0719265 0.000947756 0.00775946 0.00109933 0 0
532.76 2.23849 297.938 206.802 1.01226 1.05835 0.2 0.4 0.9 1.4 1.9 2.3 3.1 3.5 4.1 5.1 0 0 0.101248 0.0532468 0.262634 0.29711 0.142577 0.0490462 0.0817516 0.0154925 2.34868e-13 0.00915465 0 0 0.0604225 0.123097 0.284736 0.204154 0.160507 0.0886316 0.0975913 3.64303e-12 0.0277148 0.0114911 0 0
448.03 1.88248 253.077 161.94 1.00814 1.01849 0.2 0.5 0.9 1.4 1.8 2.4 3.1 3.8 4.4 5.3 0 0 0.0429884 0.149625 0.262718 0.222014 0.142749 0.119995 0.0487096 0.0146989 0.00464154 1.69126e-12 0 0 0.0970442 0.0949852 0.261703 0.221009 0.119795 0.133717 0.0421486 0.0297342 0.012589 0.00576883 0 0
457.941 1.92412 258.744 167.607 1.00782 1.21245 0.0001 0.6 1 1.4 1.8 2.3 3 3.9 4.7 5.5 0 0 0.0364978 0.251944 0.166904 0.235493 0.11102 0.122978 0.0614329 0.0194911 0.0020614 2.40641e-13 0 0 0.0670526 0.23349 0.138895 0.286887 0.0534345 0.183406 0.0892351 0.0901556 0.0357567 0.0341356 0 0
507.12 2.13076 285.164 194.027 1.00746 1.28875 0.2 0.7 0.8 1.4 1.7 2.1 2.8 3.7 4.5 5.3 0 0 0.0657854 0.262463 0.0735245 0.333285 7.28984e-10 0.16219 0.0782168 0.026243 0.00575112 4.47863e-09 0 0 0.111601 0.138215 0.163221 0.333261 1.50893e-09 0.187333 0.152703 0.115058 0.0615426 0.0258183 0 0
446.102 1.87438 251.96 160.824 1.00738 1.18053 0.2 0.6 0.9 1.4 1.8 2.3 3 3.7 4.5 5.5 0 0 0.0572176 0.185451 0.19288 0.263718 0.0998529 0.127935 0.0573846 0.0188439 0.00409937 1.41307e-09 0 0 0.0965765 0.142407 0.216192 0.21393 0.143332 0.128353 0.094272 0.0603644 0.0620743 0.0230241 0 0
442.178 1.85789 249.671 158.535 1.00783 1.09325 0.2 0.6 0.9 1.4 1.7 2.2 2.9 3.6 4.5 4.4 0 0 0.0570758 0.185875 0.19261 0.257054 0.0769939 0.143599 0.0660258 0.0228724 0.00572507 7.90702e-09 0 0 0.0967651 0.141993 0.215297 0.197239 0.122022 0.142165 0.0850874 0.0528194 0.0398656 1.06432e-07 0 0
647.643 2.72119 348.513 257.376 1.01108 1.07405 0.2 0.5 1 1.5 2.1 2.8 3.2 3.8 5 5.7 0 0 0.103498 0.0873016 0.289545 0.287396 0.134698 0.0216458 0.0799715 2.61791e-13 0.00702032 2.74214e-12 0 0 0.088647 0.132561 0.289522 0.213166 0.151484 0.0917893 3.92669e-12 0.056282 0.0399998 0.0106002 0 0
546.422 2.29589 304.497 213.36 1.01259 1.01188 0.1 0.5 1 1.4 1.8 2.2 3.1 3.5 4.3 5.2 0 0 0.0744502 0.128607 0.253428 0.22849 0.142523 0.0767443 0.084582 0.0141836 3.4972e-15 0.00958188 0 0 0.0552777 0.184524 0.264529 0.13373 0.147516 0.113799 0.090423 7.07878e-13 0.0197267 0.00235361 0 0
561.606 2.35969 311.595 220.459 1.013 1.1016 0.1 0.5 1 1.5 2 2.4 3.1 3.8 5 5.3 0 0 0.0758794 0.123229 0.279296 0.279773 0.117128 0.0296847 0.0902356 0.00746658 4.38538e-15 0.010307 0 0 0.06222 0.174728 0.266582 0.246914 0.069556 0.143568 0.0567752 0.051886 0.0227964 0.00657433 0 0
525.451 2.20778 294.361 203.224 1.01225 1.15402 0.2 0.5 1 1.5 1.8 2.3 3.1 3.5 4.1 5.1 0 0 0.106971 0.0772803 0.309672 0.223446 0.117607 0.0735612 0.0774369 0.0173406 2.99927e-13 0.00893937 0 0 0.0789161 0.150424 0.30428 0.13505 0.153391 0.129269 0.110943 0.00364882 0.0552062 0.0328894 0 0
534.332 2.24509 298.702 207.565 1.01182 1.1433 0.0001 0.6 1.2 1.7 1.9 2.4 3.1 3.9 4.6 5.3 0 0 0.0745811 0.194978 0.358405 0.126206 0.110989 0.0413048 0.0900924 0.00499234 1.04291e-10 0.010275 0 0 0.0598923 0.266269 0.298145 0.09046 0.136244 0.100684 0.0983542 0.0454636 0.0274882 0.0203045 0 0
907.098 3.81133 435.773 344.636 1.0123 1.06635 0.3 0.8 1 1.6 2.1 2.5 3.2 3.4 4.4 4.7 0 0 0.136963 0.057175 0.375091 0.171983 0.136471 0.0700426 1.81009e-09 0.056214 5.99976e-12 0.00836143 0 0 0.15834 0.170719 0.184194 0.253992 0.108266 0.0605161 0.0902732 9.43878e-12 0.0395563 0.000490419 0 0
535.753 2.25106 299.39 208.253 1.01305 1.03258 0.2 0.5 1 1.5 1.9 2.3 3.1 3.5 4.2 5.2 0 0 0.106026 0.0797249 0.303942 0.250731 0.108016 0.0587487 0.0782753 0.0180526 2.42262e-12 0.00953532 0 0 0.0788822 0.148855 0.29918 0.154461 0.147369 0.0856014 0.0901645 8.94168e-09 0.0211321 0.00693178 0 0
556.436 2.33797 309.2 218.063 1.01218 1.00405 0.2 0.7 1.2 1.7 2.1 2.8 3.2 4.1 4.7 5.2 0 0 0.116112 0.171175 0.328559 0.188178 0.0908151 0.0338565 0.0733318 4.0758e-12 2.08467e-12 0.0101524 0 0 0.101488 0.254446 0.234595 0.156983 0.126075 0.0468358 0.0549601 0.0169474 0.0117232 3.33598e-08 0 0
529.139 2.22327 296.172 205.035 1.01358 1.01809 0.2 0.6 1 1.4 1.9 2.4 3.1 3.5 4.4 5.2 0 0 0.11267 0.102 0.232178 0.255065 0.167657 0.0368303 0.0789249 0.0174573 1.4988e-14 0.010792 0 0 0.0906975 0.189864 0.192037 0.203668 0.166786 0.0873002 0.0704904 0.00892347 0.00832567 3.07126e-08 0 0
676.16 2.84101 359.673 268.537 1.01459 1.03312 0.2 0.7 1.3 1.5 2 2.5 3.2 4.5 5.1 5.6 0 0 0.112624 0.196806 0.38849 0.0186239 0.174167 0.0196232 0.0923573 6.28353e-12 0.0118996 3.93847e-11 0 0 0.0986716 0.280713 0.246945 0.0738409 0.166842 0.0684712 0.0698183 0.0184625 1.63413e-09 0.00935694 0 0
454.191 1.90837 256.614 165.478 1.00831 1.06457 0.1 0.5 1 1.6 2 2.5 3.3 4.3 4.4 6 0 0 0.0263919 0.194199 0.309957 0.2473 0.0620537 0.113484 0.0443653 0.0105608 6.93709e-10 2.15938e-14 0 0 0.0558323 0.181345 0.291183 0.226254 0.0895258 0.102927 0.0709872 4.51861e-14 0.0348507 0.0116618 0 0
456.713 1.91896 258.048 166.912 1.00792 1.08142 0.1 0.6 1.1 1.6 1.9 2.4 3.1 3.9 4.5 5.7 0 0 0.0395423 0.253847 0.259808 0.210817 0.0546438 0.121825 0.0485262 0.0168311 0.00207602 4.76701e-10 0 0 0.0684183 0.232571 0.259392 0.150329 0.11983 0.0990167 0.0759384 0.0290284 0.0292273 0.01767 0 0
456.713 1.91896 258.048 166.912 1.00792 1.08142 0.1 0.6 1.1 1.6 1.9 2.4 3.1 3.9 4.5 5.7 0 0 0.0395423 0.253847 0.259808 0.210817 0.0546438 0.121825 0.0485262 0.0168311 0.00207602 4.76701e-10 0 0 0.0684183 0.232571 0.259392 0.150329 0.11983 0.0990167 0.0759384 0.0290284 0.0292273 0.01767 0 0
483.584 2.03187 272.855 181.719 1.00642 1.36268 0.0001 0.6 1 1.4 1.8 2.3 2.9 3.8 4.5 5.3 0 0 0.0367986 0.251679 0.16643 0.236291 0.11253 0.116537 0.06023 0.0240832 0.00183789 9.40914e-14 0 0 0.0694674 0.222791 0.165612 0.257396 0.0906653 0.169582 0.124858 0.134534 0.0679391 0.0598322 0 0
472.707 1.98616 266.963 175.827 1.00762 1.21795 0.1 0.5 0.9 1.4 1.6 2.3 3 3.9 4.7 5.4 0 0 0.0323509 0.161093 0.270344 0.133509 0.188391 0.143629 0.0559059 0.0205839 0.00181407 6.86051e-11 0 0 0.0657908 0.14936 0.228414 0.235303 0.0933054 0.194152 0.0901892 0.0985624 0.0304121 0.0324564 0 0
477.399 2.00588 269.522 178.385 1.00729 1.0499 0.2 0.7 1.3 1.8 2.2 2.6 3.3 4 5.1 5.5 0 0 0.0647012 0.310268 0.288008 0.150073 0.062383 0.083394 0.0371476 0.0113176 1.33275e-10 2.8136e-11 0 0 0.106175 0.253173 0.321198 0.0850065 0.108288 0.0776383 0.0358717 0.0436804 0.0152986 0.00357317 0 0
1029.62 4.32615 468.588 377.451 1.01599 1.21902 0.3 0.8 1.2 1.6 2 2.5 3.3 4.1 4.8 5.6 0 0 0.13407 0.264555 0.0971431 0.286277 0.112566 0.0108222 0.105084 1.01901e-11 0.00547143 1.15417e-11 0 0 0.154854 0.239093 0.191462 0.159096 0.128192 0.1257 0.0883559 0.0399012 0.0443735 0.0479943 0 0
853.451 3.58593 419.984 328.847 1.01319 1.22313 0.2 0.6 1.1 1.6 1.9 2.3 3.2 4.6 4.9 5.8 0 0 0.0734143 0.216224 0.221714 0.246795 0.118383 0.0247791 0.106284 8.46412e-12 0.0055948 2.56423e-11 0 0 0.0927315 0.194202 0.298918 0.111759 0.155175 0.106742 0.130973 0.076605 0.00642321 0.0496047 0 0
477.399 2.00588 269.522 178.385 1.00729 1.0499 0.2 0.7 1.3 1.8 2.2 2.6 3.3 4 5.1 5.5 0 0 0.0647012 0.310268 0.288008 0.150073 0.062383 0.083394 0.0371476 0.0113176 1.32226e-10 2.81544e-11 0 0 0.106175 0.253173 0.321198 0.0850065 0.108288 0.0776383 0.0358718 0.0436805 0.0152986 0.0035732 0 0
676.812 2.84375 359.923 268.786 1.00887 1.07727 0.3 0.8 1.2 1.6 2.1 2.6 3.3 4.2 4.5 5.8 0 0 0.11215 0.301542 0.130418 0.235891 0.0860896 0.0933987 0.0356598 0.000878076 0.0128394 2.4758e-14 0 0 0.152916 0.240367 0.167987 0.184498 0.124692 0.0800836 0.0646416 0.0420604 1.61581e-09 0.020026 0 0
867.572 3.64526 424.234 333.097 1.0148 1.28384 0.2 0.6 1.1 1.6 1.9 2.4 3 3.8 4.7 5.3 0 0 0.0853992 0.197485 0.207953 0.337507 0.0291584 0.02884 0.106012 0.0066991 6.88338e-15 0.015743 0 0 0.100691 0.179575 0.28992 0.220031 0.0292958 0.186314 0.078107 0.116011 0.043798 0.0400931 0 0
562.328 2.36272 311.928 220.792 1.00807 0.988861 0.2 0.7 1.2 1.7 2.1 2.9 3.3 4.2 4.7 5.6 0 0 0.116093 0.17079 0.32947 0.188121 0.0938581 0.0537443 0.0559912 5.16254e-15 7.21645e-16 1.67315e-11 0 0 0.10087 0.25429 0.231884 0.154591 0.119233 0.0579588 0.0206455 0.00439485 0.0221932 0.0228005 0 0
515.139 2.16445 289.227 198.091 1.01292 1.15679 0.2 0.6 1.1 1.7 2.3 2.4 3.2 4 4.7 5.2 0 0 0.111569 0.11432 0.346335 0.272381 2.38504e-12 0.0732046 0.0835701 4.15279e-13 4.40351e-10 0.0115404 0 0 0.0899178 0.201882 0.281419 0.240673 0.0854406 0.0585244 0.114388 0.0435563 0.0373785 0.00361363 0 0
525.109 2.20634 294.192 203.055 1.01315 1.02908 0.1 0.5 1 1.4 1.8 2.3 3.1 3.5 4.2 5.2 0 0 0.0751732 0.12655 0.258357 0.21741 0.164505 0.0650927 0.0803429 0.0158163 4.12154e-12 0.00989704 0 0 0.0543982 0.188111 0.262442 0.133507 0.17478 0.106869 0.0832302 5.50401e-07 0.0176616 0.00807589 0 0
570.64 2.39765 315.729 224.592 1.01289 0.917026 0.2 0.7 1.2 1.7 2.1 3 3.4 4.6 5.3 5.5 0 0 0.115895 0.17121 0.32864 0.186771 0.0955726 0.0748057 0.0314133 7.00734e-12 0.00858274 6.65573e-12 0 0 0.100655 0.254014 0.226343 0.155148 0.109726 0.0614832 2.33994e-11 0.00850977 0.00114844 1.53522e-12 0 0
721.856 3.03301 376.611 285.474 1.01277 1.06554 0.2 0.6 1.1 1.7 2.3 2.6 3.1 4 4.6 5.7 0 0 0.0941213 0.122927 0.397134 0.195758 0.0245472 0.143086 2.16528e-11 0.0351937 1.96976e-12 6.16773e-12 0 0 0.0864128 0.203098 0.289467 0.21463 0.12249 0.0211648 0.0503362 0.0251445 0.0150429 0.037755 0 0
692.356 2.90906 365.804 274.667 1.01456 1.06107 0.2 0.7 1.3 1.7 2.1 2.5 3.2 4.6 5.2 5.7 0 0 0.112338 0.198181 0.384594 0.0644732 0.144598 0.00451142 0.0944177 3.24946e-12 0.0114468 9.9365e-15 0 0 0.099073 0.280354 0.271699 0.102255 0.130877 0.0575503 0.0742141 0.0262167 5.80568e-10 0.0188316 0 0
547.158 2.29898 304.845 213.709 1.0126 1.02689 -0.0999 0.5 0.9 1.3 1.8 2.2 3.1 3.6 4.3 5.2 0 0 0.0765132 0.114776 0.176633 0.294758 0.17211 0.0677274 0.0887462 0.0120266 9.65894e-15 0.00931029 0 0 0.0577229 0.1679 0.197684 0.212898 0.150163 0.119072 0.0927176 8.44239e-11 0.0225826 0.00614501 0 0
442.994 1.86132 250.149 159.012 1.00717 1.26611 0.2 0.6 1 1.4 1.9 2.5 3.2 4 4.7 5.7 0 0 0.0536947 0.218635 0.195305 0.223674 0.156315 0.100696 0.0441658 0.0136625 0.00102389 1.06409e-12 0 0 0.0911661 0.189554 0.198652 0.201641 0.188907 0.117459 0.105545 0.0681268 0.0651911 0.0398641 0 0
468.264 1.9675 264.518 173.381 1.00797 1.1604 0.1 0.6 1.1 1.6 2.1 2.6 3.3 4.4 4.5 5.7 0 0 0.0395396 0.254387 0.257883 0.221357 0.0977183 0.0858105 0.041103 0.0101674 2.73948e-13 3.09554e-11 0 0 0.0710411 0.227299 0.263436 0.183928 0.152207 0.0633158 0.0988843 0.0320663 0.0399151 0.0283098 0 0
452.869 1.90281 255.859 164.723 1.00799 1.09835 0.1 0.6 1.1 1.6 1.9 2.4 3.1 3.8 4.5 5.8 0 0 0.0395432 0.253771 0.259801 0.211286 0.0539371 0.122331 0.0470335 0.016427 0.00386312 2.45731e-12 0 0 0.0684088 0.234239 0.255308 0.158152 0.116811 0.100008 0.079276 0.0282054 0.0387892 0.0191525 0 0
460.626 1.9354 260.258 169.121 1.00848 1.08402 0.2 0.6 0.8 1.4 1.7 2.2 2.9 3.8 4.7 5.5 0 0 0.0619781 0.121042 0.23083 0.29841 0.050514 0.151509 0.0662132 0.0247075 0.00327851 2.95874e-14 0 0 0.107023 0.0794143 0.219686 0.336617 1.01603e-11 0.182658 0.0831742 0.0562544 0.0135646 0.00562694 0 0
558.163 2.34522 310.003 218.866 1.01303 1.0366 0.2 0.7 1.2 1.4 1.9 2.3 3 3.6 4 5.2 0 0 0.115736 0.174877 0.273278 0.120803 0.192371 0.0178329 0.0865653 0.0238815 3.62099e-13 0.00768684 0 0 0.107284 0.248209 0.142829 0.206823 0.0808908 0.134657 0.0539252 0.0213718 0.0155486 0.0250629 0 0
530.544 2.22917 296.859 205.722 1.01321 1.0298 0.2 0.6 1.1 1.6 2 2.5 3.2 3.6 4.4 5.2 0 0 0.110585 0.119385 0.326293 0.216856 0.101971 0.0410199 0.0856997 0.00023616 6.83602e-11 0.0111674 0 0 0.0889605 0.203848 0.268573 0.169476 0.130027 0.0774429 0.0718862 0.00171207 0.0161666 0.00170539 0 0
470.024 1.97489 265.489 174.352 1.00722 1.32469 0.2 0.6 0.9 1.4 1.9 2.4 3.1 4 4.7 5.6 0 0 0.0569798 0.18646 0.191332 0.271812 0.124145 0.105539 0.0541463 0.0149516 0.00184863 0 0 0 0.0964181 0.155662 0.18953 0.26793 0.145282 0.131139 0.12702 0.0976877 0.0640374 0.0499805 0 0
443.079 1.86168 250.199 159.062 1.0083 1.01273 -0.0999 0.6 1.1 1.6 1.9 2.3 3 3.7 4.4 4.6 0 0 0.0392281 0.255018 0.255999 0.226963 0.019445 0.130268 0.0570602 0.0203153 1.71217e-10 0.00400062 0 0 0.0690541 0.231606 0.255667 0.158634 0.0983277 0.090698 0.0714981 0.0167488 0.0204937 1.65894e-10 0 0
527.656 2.21704 295.445 204.308 1.00628 1.356 -0.0999 0.5 0.9 1.5 2.1 2.5 3.1 3.7 4.5 5.4 0 0 0.0326032 0.159632 0.276358 0.293869 0.103919 0.0760262 0.044831 0.015469 0.00357453 2.27701e-12 0 0 0.0619473 0.149484 0.263598 0.280422 0.157002 0.0733687 0.118586 0.0906349 0.117674 0.0432878 0 0
559.365 2.35027 310.56 219.423 1.01309 0.936095 0.1 0.5 1 1.4 1.8 2.1 3 3.5 4.2 5.2 0 0 0.0742683 0.129499 0.249639 0.2386 0.115024 0.0902017 0.079884 0.0278631 5.82923e-13 0.00811551 0 0 0.0545774 0.184916 0.25826 0.136851 0.118963 0.109356 0.0720766 4.94133e-12 0.0010951 2.32121e-09 0 0
562.328 2.36272 311.928 220.792 1.00807 0.988871 0.2 0.7 1.2 1.7 2.1 2.9 3.3 4.2 4.7 5.6 0 0 0.116093 0.17079 0.32947 0.188122 0.0938575 0.053746 0.05599 6.05072e-15 1.97453e-13 1.22467e-10 0 0 0.10087 0.254289 0.231884 0.154589 0.119232 0.0579569 0.0206474 0.00439798 0.0221968 0.0228071 0 0
508.267 2.13558 285.749 194.612 1.01257 1.02588 0.2 0.6 1.1 1.7 2.2 2.5 3.2 3.7 5.2 5.1 0 0 0.111958 0.113815 0.346377 0.270817 0.0254785 0.0510144 0.0830286 0.000498332 0.00957745 6.14842e-13 0 0 0.100889 0.170225 0.311025 0.219302 0.0262793 0.123517 0.0219705 0.0329264 0.0197497 9.74884e-09 0 0
526.855 2.21368 295.052 203.915 1.01327 1.07533 0.2 0.6 1.1 1.6 1.9 2.4 3.2 4.1 4.6 5.2 0 0 0.110764 0.118312 0.330078 0.196402 0.101366 0.0574084 0.0873336 4.5102e-10 4.96825e-14 0.0116094 0 0 0.0891909 0.20352 0.272159 0.152085 0.118897 0.108758 0.0909314 0.0197292 0.0169204 0.00313669 0 0
557.836 2.34385 309.851 218.714 1.00992 1.27969 0.1 0.6 1.1 1.5 2 2.5 3.2 4 4.7 5.5 0 0 0.0829357 0.170103 0.259953 0.234133 0.136961 0.0309251 0.0886297 3.31191e-12 9.8479e-12 0.00627912 0 0 0.0669339 0.247612 0.218378 0.194171 0.167041 0.0996588 0.12147 0.0635991 0.0641139 0.0367087 0 0
522.001 2.19328 292.655 201.518 1.01279 0.990209 0.2 0.5 0.9 1.3 1.7 2.2 3.1 3.5 4.4 5.2 0 0 0.110456 0.0576576 0.225449 0.233139 0.188289 0.0904232 0.0846457 0.013295 2.11692e-12 0.00943901 0 0 0.0812725 0.129698 0.228569 0.163765 0.163944 0.129452 0.0776039 3.15433e-11 0.0131236 0.0027803 0 0
524.206 2.20255 293.746 202.61 1.01364 0.97283 -0.0999 0.6 1.2 1.8 2 2.7 3.3 4.3 5.2 5.6 0 0 0.0818283 0.181839 0.375424 0.197376 0.0424834 0.0582216 0.0671123 1.78191e-14 0.00935068 8.10463e-15 0 0 0.0652324 0.253072 0.307496 0.117785 0.11479 0.0721014 0.0362765 0.00211024 4.83502e-14 0.00396666 0 0
533.226 2.24045 298.165 207.028 1.01315 0.982795 0.2 0.5 1 1.5 1.8 2.3 3.1 3.5 5.2 4.8 0 0 0.106748 0.0775028 0.310422 0.222156 0.117706 0.0746112 0.07754 0.0171594 0.00930607 7.06768e-13 0 0 0.0766573 0.154006 0.293976 0.132658 0.149118 0.10221 0.0699687 1.97207e-11 9.09423e-12 0.0042006 0 0
912.025 3.83204 437.176 346.039 1.01246 1.10503 0.3 0.9 1.2 1.7 1.9 2.6 3.4 4.1 4.8 6.4 0 0 0.152068 0.203038 0.288682 0.117324 0.065298 0.151947 6.47504e-12 0.034106 5.25946e-12 4.92451e-12 0 0 0.176292 0.243419 0.175488 0.168644 0.0831601 0.14106 0.0520869 0.0292486 0.00593392 0.0296954 0 0
469.25 1.97164 265.062 173.926 1.00858 0.974449 0.3 0.7 1 1.5 1.8 2.3 3.1 4 4.6 5.9 0 0 0.100017 0.200262 0.185673 0.252442 0.0540428 0.138349 0.0619033 0.0149338 0.000955887 1.73694e-13 0 0 0.162114 0.0745358 0.287661 0.155437 0.0999992 0.133284 0.0452534 0.00946787 1.35319e-10 0.00669635 0 0
527.508 2.21642 295.373 204.236 1.01315 1.06507 0.2 0.6 1.1 1.6 1.9 2.4 3.2 4 4.6 5.2 0 0 0.110737 0.118349 0.330174 0.196417 0.101068 0.0579106 0.0871034 3.82427e-12 7.66343e-12 0.0113864 0 0 0.0892287 0.203353 0.271508 0.151938 0.118513 0.106696 0.0878799 0.0147488 0.0208442 0.000364899 0 0
841.414 3.53535 416.305 325.168 1.00759 1.01384 0.3 0.9 1.1 1.5 2.2 2.4 3.3 3.9 5.1 6.4 0 0 0.134373 0.288907 0.123017 0.185143 0.210762 9.87838e-12 0.065387 4.8328e-13 1.64178e-11 7.42573e-13 0 0 0.171427 0.272424 0.0348274 0.265696 0.0401519 0.121769 0.0121059 0.0406846 0.0363657 0.0183882 0 0
524.194 2.2025 293.74 202.604 1.01313 0.999265 0.1 0.6 1.2 1.8 1.9 2.5 3.2 3.6 4.5 5.2 0 0 0.0816192 0.182718 0.373584 0.19603 0.0334254 0.0508252 0.0821138 0.00262478 6.44346e-12 0.0101869 0 0 0.065169 0.255149 0.307165 0.088191 0.13085 0.0817672 0.0623767 2.19214e-13 0.00859723 1.0563e-10 0 0
450.21 1.89164 254.334 163.197 1.00806 1.16443 0.2 0.6 1 1.5 2.1 2.7 3.2 3.9 4.6 5.8 0 0 0.0553171 0.210556 0.224393 0.26047 0.137124 0.0713998 0.0303154 0.0148081 0.00367455 1.92213e-11 0 0 0.0916526 0.184518 0.218435 0.243157 0.172387 0.0560984 0.0799496 0.0310997 0.0560343 0.0310962 0 0
456.308 1.91726 257.819 166.682 1.00747 1.16819 0.1 0.6 1.1 1.6 1.8 2.3 3 3.8 4.5 5.3 0 0 0.0394611 0.254373 0.258402 0.21351 0.0298799 0.131734 0.0584505 0.0183771 0.0032823 7.85205e-13 0 0 0.0760371 0.215716 0.266033 0.207578 0.0200029 0.157695 0.087279 0.0694083 0.0437377 0.0247043 0 0
830.552 3.48971 412.939 321.803 1.01043 1.0956 0.3 0.9 1.3 1.6 2.1 2.4 3.2 3.9 4.6 5 0 0 0.132646 0.328456 0.189521 0.0567772 0.199301 0.0243661 0.0669911 1.94927e-10 0.0123758 9.17022e-12 0 0 0.172907 0.278782 0.1336 0.189487 0.0207694 0.16931 0.0488223 0.0599698 1.42628e-08 0.0219495 0 0
452.385 1.90078 255.582 164.446 1.00822 1.10237 0.1 0.5 0.9 1.4 1.8 2.3 2.9 3.8 4.7 5.5 0 0 0.0301393 0.170229 0.24895 0.237414 0.119609 0.112409 0.0612857 0.0255773 0.00260314 1.52101e-14 0 0 0.0646004 0.154523 0.215618 0.277278 0.0695364 0.152816 0.0730998 0.0648038 0.0181995 0.0118929 0 0
451.235 1.89594 254.923 163.786 1.00714 1.14927 0.1 0.6 1 1.4 1.8 2.3 3 3.9 4 5.2 0 0 0.040331 0.244149 0.173772 0.230895 0.11449 0.120928 0.0626577 0.0199159 3.3007e-10 2.10443e-13 0 0 0.0746463 0.21569 0.156733 0.271861 0.0571798 0.1776 0.0797891 0.0245212 0.0576801 0.0335741 0 0
470.797 1.97814 265.915 174.778 1.00645 1.32137 -0.0999 0.6 0.9 1.4 1.8 2.2 2.9 3.8 4.5 5.3 0 0 0.0422929 0.219837 0.162759 0.290424 0.0575104 0.140596 0.0693733 0.0230655 0.000586754 4.8056e-13 0 0 0.0790915 0.179679 0.171477 0.299758 0.0361169 0.181475 0.128569 0.11646 0.0712415 0.0575015 0 0
452.385 1.90078 255.582 164.446 1.00822 1.10237 0.1 0.5 0.9 1.4 1.8 2.3 2.9 3.8 4.7 5.5 0 0 0.0301393 0.170229 0.24895 0.237414 0.119609 0.112409 0.0612857 0.0255773 0.00260314 1.52101e-14 0 0 0.0646004 0.154523 0.215618 0.277278 0.0695364 0.152816 0.0730998 0.0648038 0.0181995 0.0118929 0 0
480.111 2.01727 270.989 179.852 1.00844 1.07318 0.2 0.6 0.9 1.4 1.9 2.5 3.2 3.8 4.5 6.1 0 0 0.0579114 0.182829 0.195282 0.267498 0.139396 0.106399 0.0431661 0.00920195 0.00675511 6.92923e-12 0 0 0.0960088 0.146626 0.203686 0.230482 0.166938 0.0943506 0.0672373 0.0149313 0.0357019 0.0172158 0 0
455.263 1.91287 257.225 166.088 1.00822 1.00762 0.2 0.6 1 1.5 1.9 2.4 3.1 4 4.3 4.7 0 0 0.055227 0.209575 0.229461 0.241681 0.0869624 0.115884 0.0518716 0.0165061 7.63519e-10 0.00104727 0 0 0.09466 0.165862 0.250376 0.177908 0.138835 0.0899473 0.0639254 0.0152396 0.010863 1.69195e-09 0 0
439.881 1.84824 248.323 157.186 1.00679 1.08271 0.0001 0.6 0.8 1.3 1.6 2.1 2.8 3.6 3.9 5.1 0 0 0.0380227 0.215595 0.120734 0.275922 0.0897237 0.157895 0.0789123 0.0249206 0.00469143 0.000372146 0 0 0.0687787 0.208381 0.0801232 0.33059 0.0261688 0.181572 0.0990233 0.00330593 0.0626577 0.0221054 0 0
468.367 1.96793 264.574 173.438 1.008 1.08736 0.1 0.6 1.1 1.6 2 2.5 3.2 4.2 4.7 6 0 0 0.0398013 0.253609 0.259208 0.215002 0.0774509 0.104012 0.0459168 0.0130006 5.65545e-09 2.75852e-12 0 0 0.0695031 0.23102 0.256741 0.168002 0.13489 0.0699095 0.0801981 0.024405 0.0275393 0.0251484 0 0
438.45 1.84223 247.479 156.342 1.00807 1.10672 0.1 0.6 1.1 1.6 1.8 2.3 3 3.7 4.5 5.8 0 0 0.0393222 0.25475 0.25661 0.2218 0.0209241 0.134166 0.0560459 0.0193402 0.00511079 1.15341e-12 0 0 0.0685152 0.234849 0.255164 0.142503 0.107561 0.11743 0.0842824 0.0388123 0.0401733 0.0174255 0 0
460.698 1.93571 260.299 169.162 1.00773 1.21362 0.0001 0.6 1.1 1.5 1.8 2.3 3 3.9 4.7 5.5 0 0 0.0354108 0.263894 0.234355 0.17046 0.0984511 0.121631 0.0623025 0.0191972 0.00202663 3.20685e-11 0 0 0.0662519 0.241862 0.210113 0.23854 0.0188282 0.187873 0.0874694 0.0902747 0.0365944 0.0358118 0 0
460.081 1.93312 259.952 168.815 1.00802 0.9858 0.2 0.6 1 1.5 2 2.5 3.3 4 4.1 5.3 0 0 0.0549043 0.210164 0.228035 0.250526 0.106254 0.102077 0.045692 6.91774e-12 0.0103685 1.65797e-10 0 0 0.102998 0.148358 0.246927 0.228716 0.0938904 0.112151 0.0284989 0.0198474 1.52408e-10 0.00441351 0 0
456.713 1.91896 258.048 166.912 1.00792 1.08142 0.1 0.6 1.1 1.6 1.9 2.4 3.1 3.9 4.5 5.7 0 0 0.0395423 0.253847 0.259808 0.210817 0.0546438 0.121825 0.0485262 0.0168311 0.00207602 4.767e-10 0 0 0.0684183 0.232571 0.259392 0.150329 0.11983 0.0990167 0.0759384 0.0290284 0.0292273 0.01767 0 0
450.013 1.89081 254.221 163.084 1.00724 1.13926 0.0001 0.6 0.7 1.3 1.8 2.3 3 3.9 4 5.2 0 0 0.040147 0.127345 0.195751 0.309132 0.133405 0.11874 0.0627484 0.0199719 1.26259e-08 2.8853e-10 0 0 0.0696524 0.148788 0.135175 0.338591 0.0882035 0.168185 0.0793661 0.0222943 0.0564366 0.0325669 0 0
460.745 1.9359 260.325 169.188 1.00849 0.983369 0.2 0.7 1.3 1.7 1.9 2.4 3.1 3.9 4.6 4 0 0 0.0645305 0.311572 0.278028 0.0924483 0.0786544 0.113121 0.0517502 0.0153899 0.0029924 4.46047e-09 0 0 0.106521 0.251699 0.319498 0.00777634 0.117865 0.115201 0.0412322 0.0113102 3.24438e-10 0.0122661 0 0
468.264 1.9675 264.518 173.381 1.00797 1.1604 0.1 0.6 1.1 1.6 2.1 2.6 3.3 4.4 4.5 5.7 0 0 0.0395396 0.254387 0.257883 0.221357 0.0977183 0.0858105 0.041103 0.0101674 2.73948e-13 3.09551e-11 0 0 0.0710411 0.227299 0.263436 0.183928 0.152207 0.0633158 0.0988843 0.0320663 0.0399151 0.0283098 0 0
442.737 1.86024 249.999 158.862 1.00804 1.0179 0.2 0.6 1 1.5 1.8 2.3 3 3.7 4.4 4.6 0 0 0.0549401 0.210321 0.228268 0.23984 0.0611617 0.133526 0.0558156 0.0197684 0.00439817 2.34007e-08 0 0 0.0941534 0.168694 0.247393 0.163649 0.126201 0.110079 0.06778 0.0214267 0.018523 3.32229e-10 0 0
452.461 1.9011 255.626 164.489 1.00766 1.15532 0.2 0.6 0.9 1.4 1.9 2.4 3 3.8 4.5 5.3 0 0 0.0574046 0.185648 0.191176 0.272908 0.124688 0.101123 0.0506788 0.0207153 0.00331744 7.05358e-12 0 0 0.106947 0.117566 0.21969 0.262686 0.11904 0.12974 0.0747635 0.0698144 0.0331234 0.0219459 0 0
543.691 2.28442 303.199 212.062 1.01366 0.987706 0.2 0.6 1 1.3 1.8 2.2 3 3.5 4 5.2 0 0 0.111796 0.108496 0.190654 0.238108 0.196624 0.0500849 0.0789487 0.0295409 3.44252e-12 0.00941196 0 0 0.091413 0.187317 0.173143 0.176313 0.168646 0.100673 0.0821432 3.54721e-11 0.00672903 0.00132896 0 0
863.109 3.62651 422.898 331.762 1.01094 1.03504 0.3 0.9 1 1.6 2.1 2.5 3.1 3.9 4.9 5.3 0 0 0.151371 1.11688e-12 0.407796 0.230662 0.0185793 0.16177 0.00282876 0.0379361 1.51162e-12 2.35011e-09 0 0 0.176793 0.134438 0.21777 0.254609 0.054072 0.118141 0.044662 0.0345549 3.17694e-11 1.23458e-08 0 0
447.094 1.87854 252.535 161.398 1.0085 0.983918 0.2 0.6 1 1.5 2 2.5 3.2 3.9 4.5 5.2 0 0 0.0551331 0.209886 0.228159 0.249972 0.107874 0.0973739 0.0445606 0.0113625 0.00417653 1.01752e-13 0 0 0.103362 0.147208 0.249045 0.226821 0.0977867 0.108068 0.0285124 0.0231155 6.00769e-12 4.16488e-11 0 0
456.095 1.91636 257.698 166.561 1.00697 1.25218 -0.0999 0.6 1 1.4 1.8 2.3 2.9 3.8 4.5 5.3 0 0 0.0406113 0.243139 0.176375 0.22675 0.118281 0.115002 0.0599958 0.0250951 0.00172323 3.32068e-13 0 0 0.0771419 0.204742 0.184516 0.234453 0.101403 0.15372 0.106009 0.102934 0.0453576 0.0419079 0 0
457.279 1.92134 258.369 167.233 1.00673 1.25865 0.1 0.6 1 1.4 1.8 2.3 2.9 3.7 4.3 5.2 0 0 0.040421 0.243734 0.175311 0.22835 0.11685 0.116475 0.0574601 0.0244523 0.00367971 1.48335e-10 0 0 0.0768766 0.206906 0.17977 0.241081 0.0966493 0.160405 0.103148 0.0893896 0.060286 0.0441352 0 0
445.842 1.87329 251.809 160.672 1.00798 1.12709 0.2 0.7 1.3 1.6 1.9 2.3 3 3.8 4.5 5.6 0 0 0.0642123 0.313219 0.260924 0.0976071 0.0697036 0.119472 0.0604705 0.0187076 0.00366565 2.65152e-10 0 0 0.098843 0.278712 0.287289 0.0181666 0.145293 0.104242 0.091573 0.0449395 0.0371029 0.020932 0 0
567.988 2.38651 314.522 223.386 1.01213 0.991292 0.0001 0.4 0.8 1.3 1.8 2.2 3.1 3.5 4.5 5.3 0 0 0.0612732 0.0871367 0.19372 0.332656 0.151112 0.0802044 0.0853495 0.0133568 2.77556e-16 0.00732094 0 0 0.046792 0.107941 0.251094 0.221149 0.152701 0.0971437 0.0718124 3.78707e-10 0.0270314 0.0156263 0 0
546.935 2.29805 304.74 213.603 1.0127 1.01203 -0.0999 0.5 1 1.4 1.8 2.2 3.1 3.6 4.3 5.2 0 0 0.0744626 0.128521 0.253412 0.2287 0.142266 0.0766699 0.0870908 0.0124844 1.34337e-14 0.00909477 0 0 0.0552754 0.184585 0.264178 0.134053 0.147484 0.113218 0.0901446 2.15696e-10 0.01951 0.00358125 0 0
562.235 2.36233 311.885 220.749 1.01305 1.04352 0.2 0.6 1 1.5 2 2.7 3.2 3.6 4.6 5.3 0 0 0.114758 0.0901068 0.273808 0.276255 0.129895 0.0401237 0.0717407 0.00625022 9.89153e-13 0.0101111 0 0 0.0939038 0.173513 0.238027 0.206166 0.170963 0.0827939 0.0348859 0.0225084 0.0155914 0.00517219 0 0
903.528 3.79634 434.752 343.615 1.01582 1.19599 0.2 0.6 1 1.5 1.9 2.1 3 3.8 4.5 5.4 0 0 0.0857712 0.187961 0.152855 0.345011 0.0866825 0.0202421 0.114992 0.00492747 9.4369e-16 0.017379 0 0 0.0920426 0.181803 0.233864 0.228786 0.00446773 0.207332 0.130806 0.050146 0.0490125 0.0177309 0 0
578.861 2.43219 319.433 228.297 1.0124 0.97458 0.1 0.5 1 1.4 1.7 2.1 3.1 3.6 4.4 5.3 0 0 0.074259 0.128761 0.255367 0.213674 0.113262 0.117465 0.0907735 0.00985861 7.95852e-12 0.00898167 0 0 0.0549826 0.183411 0.264251 0.113972 0.111107 0.14388 0.0830008 1.91749e-10 0.0199756 1.23257e-08 0 0
559.365 2.35027 310.56 219.423 1.01309 0.936101 0.1 0.5 1 1.4 1.8 2.1 3 3.5 4.2 5.2 0 0 0.0742682 0.129499 0.249639 0.2386 0.115024 0.0902015 0.0798851 0.027862 1.20376e-12 0.00811531 0 0 0.0545774 0.184917 0.25826 0.136852 0.118965 0.109356 0.0720781 8.35149e-12 0.00109571 1.2371e-09 0 0
520.258 2.18596 291.788 200.652 1.01306 1.1066 0.2 0.5 1 1.5 1.9 2.5 3.2 4.1 5.2 5 0 0 0.1065 0.0788552 0.30639 0.241127 0.132034 0.0531146 0.0830882 1.52656e-14 0.0119462 4.54082e-09 0 0 0.0756126 0.15863 0.290281 0.167546 0.169488 0.106747 0.0838047 0.0365371 0.00356308 0.0143874 0 0
524.584 2.20414 293.933 202.796 1.01357 1.0117 0.2 0.6 0.9 1.4 2 2.4 3.1 3.6 4.4 5.2 0 0 0.116285 0.0665021 0.220584 0.328155 0.155905 0.0154431 0.0879191 0.0120442 2.65299e-12 0.0107344 0 0 0.0936045 0.160858 0.180899 0.266234 0.160471 0.0599249 0.0772149 0.00372464 0.00876763 8.83687e-08 0 0
676.812 2.84375 359.923 268.786 1.00887 1.07727 0.3 0.8 1.2 1.6 2.1 2.6 3.3 4.2 4.5 5.8 0 0 0.11215 0.301542 0.130418 0.235891 0.0860896 0.0933987 0.0356598 0.000878076 0.0128394 2.4758e-14 0 0 0.152916 0.240367 0.167987 0.184498 0.124692 0.0800836 0.0646416 0.0420604 1.6158e-09 0.020026 0 0
467.709 1.96516 264.21 173.074 1.00825 1.05028 0.3 0.7 1 1.5 1.8 2.4 3.2 4 4.6 5.1 0 0 0.1018 0.192239 0.198636 0.226958 0.0922992 0.132958 0.0490158 0.0116476 0.00270011 5.18802e-12 0 0 0.167357 0.0668081 0.28316 0.183605 0.0965563 0.150056 0.0520409 0.0390991 2.12013e-08 0.0116009 0 0
472.025 1.9833 266.589 175.453 1.00737 1.17497 0.2 0.7 1.2 1.4 1.7 2.3 3 3.9 4.5 5.2 0 0 0.0650378 0.307907 0.125822 0.163624 0.127784 0.138724 0.0567943 0.0208171 0.000859213 1.10862e-10 0 0 0.107781 0.246711 0.177312 0.147156 0.0984837 0.180309 0.0857564 0.0846432 0.0146318 0.0321904 0 0
456.713 1.91896 258.048 166.912 1.00792 1.08142 0.1 0.6 1.1 1.6 1.9 2.4 3.1 3.9 4.5 5.7 0 0 0.0395423 0.253847 0.259808 0.210817 0.0546438 0.121825 0.0485262 0.0168311 0.00207602 4.76701e-10 0 0 0.0684183 0.232571 0.259392 0.150329 0.11983 0.0990167 0.0759384 0.0290284 0.0292273 0.01767 0 0
479.736 2.0157 270.786 179.65 1.00783 1.12718 0.3 0.7 1 1.5 2 2.5 3.3 4.1 4.3 5.2 0 0 0.101001 0.196251 0.190286 0.258339 0.102462 0.103291 0.0466233 0.00349387 0.00608654 3.44169e-15 0 0 0.165809 0.0699062 0.28111 0.210924 0.112952 0.131263 0.0576898 0.0602279 0.0028613 0.0344398 0 0
460.604 1.93531 260.246 169.109 1.00724 1.08957 0.0001 0.6 0.7 1.3 1.6 2.2 2.9 3.8 3.9 5.2 0 0 0.0416332 0.0965952 0.234199 0.261609 0.127106 0.154877 0.0655259 0.0256968 1.75671e-11 8.08967e-11 0 0 0.0702986 0.139063 0.14598 0.317437 0.0661435 0.18121 0.0828716 5.54772e-11 0.0647471 0.0218202 0 0
512.965 2.15531 288.132 196.995 1.00756 1.18544 0.2 0.7 1 1.3 1.7 2.3 3 3.7 4.5 5.3 0 0 0.0644905 0.311517 0.00347271 0.265162 0.146853 0.138223 0.0540535 0.0194791 0.00431021 2.44249e-15 0 0 0.110013 0.222466 0.0869229 0.213714 0.154203 0.158238 0.0834578 0.0741344 0.0595409 0.0227475 0 0
461.203 1.93783 260.582 169.445 1.00854 0.985816 0.2 0.7 1.3 1.7 1.9 2.4 3.1 3.9 4.6 4 0 0 0.0645569 0.311535 0.278073 0.0920471 0.0789282 0.113332 0.0512158 0.0158239 0.00303197 6.39633e-10 0 0 0.106573 0.251862 0.319462 0.00963769 0.116309 0.117233 0.0412598 0.0234795 5.56004e-10 6.36769e-10 0 0
453.051 1.90357 255.963 164.827 1.00671 1.35555 0.2 0.6 1 1.5 2.1 2.7 3.3 4.1 4.8 5.8 0 0 0.0551824 0.210946 0.224295 0.260258 0.137115 0.0745745 0.0321135 0.0122212 8.42804e-10 6.03406e-13 0 0 0.0923457 0.185399 0.221104 0.252268 0.18367 0.0902694 0.11442 0.0814224 0.0824401 0.0522161 0 0
860.938 3.61739 422.246 331.11 1.01333 1.0482 0.3 0.9 1 1.6 2.1 2.5 3.1 3.9 5.3 5.5 0 0 0.151316 1.84297e-14 0.407961 0.229511 0.0184891 0.161657 0.00201679 0.0379532 0.00442873 2.87681e-12 0 0 0.176957 0.134646 0.218255 0.256116 0.0548253 0.120695 0.0468307 0.0376135 0.00226633 4.51861e-13 0 0
474.815 1.99502 268.116 176.979 1.008 1.07576 0.0001 0.6 1.1 1.6 2.1 2.5 3 3.7 4.5 4.6 0 0 0.0361904 0.259413 0.254486 0.226327 0.0839448 0.079829 0.039404 0.0248431 0.00356342 1.62221e-09 0 0 0.0628563 0.244015 0.244856 0.194155 0.149631 0.0247202 0.0887048 0.0340981 0.0327218 2.62305e-10 0 0
452.869 1.90281 255.859 164.723 1.00799 1.09835 0.1 0.6 1.1 1.6 1.9 2.4 3.1 3.8 4.5 5.8 0 0 0.0395432 0.253771 0.259801 0.211286 0.0539371 0.122331 0.0470335 0.016427 0.00386312 2.45731e-12 0 0 0.0684088 0.234239 0.255308 0.158152 0.116811 0.100008 0.079276 0.0282054 0.0387892 0.0191525 0 0
468.116 1.96687 264.435 173.299 1.00817 1.05669 0.1 0.6 1.1 1.6 2 2.5 3.2 4.2 4.6 6 0 0 0.039788 0.253695 0.258925 0.215655 0.0764658 0.104676 0.0459256 0.0130435 4.32467e-10 2.08628e-11 0 0 0.0690639 0.232292 0.253055 0.171891 0.128158 0.0689143 0.0698894 0.00913458 0.0291452 0.0251485 0 0
452.432 1.90097 255.609 164.473 1.00755 1.00953 0.2 0.6 1 1.5 1.9 2.4 3.1 3.9 4.3 4.7 0 0 0.0551456 0.209563 0.229646 0.241976 0.0865645 0.116976 0.0498352 0.0178412 5.37698e-07 5.54538e-09 0 0 0.0946741 0.166424 0.249083 0.178407 0.139903 0.0886238 0.0650039 0.0103609 0.0170522 5.03198e-09 0 0
829.112 3.48366 412.49 321.354 1.01126 1.0325 0.2 0.6 1.1 1.7 2.2 2.5 3.3 3.8 4.8 5.1 0 0 0.0747088 0.160872 0.391103 0.12036 0.187501 0.00216378 0.0657588 2.84645e-12 0.00879729 8.42263e-11 0 0 0.102522 0.164452 0.316834 0.214391 0.00620194 0.14877 0.00352014 0.0546967 0.000114326 0.0209972 0 0
448.394 1.88401 253.287 162.15 1.00683 1.23718 0.1 0.6 1 1.4 1.9 2.4 3 3.9 4.9 5.9 0 0 0.0401181 0.245483 0.169823 0.244468 0.137328 0.0924149 0.0570281 0.0199904 0.00017176 1.62148e-13 0 0 0.0733055 0.224935 0.142751 0.279734 0.104815 0.14176 0.0848044 0.0995561 0.0595732 0.0259404 0 0
844.722 3.54925 417.321 326.185 1.01181 1.03079 0.2 0.6 1.1 1.7 2.2 2.5 3.4 3.8 5.1 4.8 0 0 0.0757409 0.158043 0.393172 0.121431 0.17745 0.0166228 0.0620641 5.43365e-12 4.2188e-11 0.00728896 0 0 0.102509 0.164761 0.314587 0.215433 0.00293695 0.147629 2.97158e-08 0.0558638 0.027072 1.97485e-09 0 0
446.264 1.87506 252.054 160.917 1.00675 1.11061 0.0001 0.6 0.7 1.3 1.7 2.2 2.9 3.7 4 5.1 0 0 0.0403747 0.11977 0.205609 0.296618 0.10954 0.141567 0.0684166 0.0220786 0.00277754 1.01634e-07 0 0 0.0701597 0.144536 0.13882 0.332825 0.0592642 0.175131 0.085892 0.0186761 0.056934 0.0283716 0 0
488.689 2.05332 275.575 184.439 1.00867 1.03538 0.2 0.7 1.3 1.8 2.2 2.7 3.5 4.5 4 5.3 0 0 0.06466 0.309927 0.289307 0.144105 0.0785024 0.0816456 0.0343373 0.00618876 1.92679e-09 2.1886e-10 0 0 0.105974 0.253665 0.323989 0.0781153 0.124939 0.0765567 0.0223786 1.16204e-08 0.0337938 0.0159659 0 0
453.543 1.90564 256.244 165.108 1.00846 1.06219 -0.0999 0.6 1 1.4 1.9 2.3 2.9 3.8 4.7 5.5 0 0 0.0399791 0.246286 0.167146 0.249677 0.121463 0.0893854 0.0674833 0.0240831 0.00296113 2.19482e-09 0 0 0.0738213 0.220547 0.143586 0.280827 0.0684845 0.136571 0.0678602 0.0519323 0.0121593 0.0064064 0 0
469.895 1.97435 265.418 174.281 1.00766 1.14108 0.1 0.6 1 1.4 1.9 2.5 3.1 3.7 4.5 5.4 0 0 0.0404358 0.243655 0.174369 0.237383 0.150625 0.100122 0.0383695 0.0179266 0.00477483 7.21645e-15 0 0 0.0749276 0.214311 0.160824 0.254458 0.124486 0.144757 0.034458 0.0672664 0.0439581 0.0216343 0 0
877.044 3.68506 427.046 335.91 1.01058 1.19126 0.2 0.6 1 1.5 1.9 2.3 3.2 3.3 4.6 5.8 0 0 0.0751993 0.200316 0.176658 0.271683 0.159204 0.021214 0.106305 6.15064e-14 7.62135e-12 5.55112e-16 0 0 0.0974305 0.161043 0.259656 0.172895 0.141598 0.103216 0.0680475 0.0601301 0.0898376 0.0374107 0 0
446.605 1.87649 252.252 161.115 1.00807 1.00304 0.1 0.6 1.1 1.5 2 2.6 3.3 3.9 4.1 5.4 0 0 0.0388033 0.258477 0.235481 0.192067 0.143366 0.0903606 0.0369952 0.00084006 0.0116834 7.77156e-15 0 0 0.0749811 0.218109 0.24289 0.176958 0.130128 0.105593 0.0175081 0.0314482 1.94466e-11 0.00542567 0 0
487.292 2.04744 274.834 183.697 1.00671 1.30399 0.3 0.7 1 1.5 2 2.6 3.4 4 5 6 0 0 0.101609 0.193187 0.195292 0.251048 0.119644 0.102123 0.0346856 0.00813657 0.000985029 1.56042e-13 0 0 0.164987 0.0862343 0.25897 0.238222 0.1248 0.166586 0.0644904 0.0949716 0.0732387 0.0314864 0 0
441.262 1.85404 249.135 157.998 1.00802 1.00794 0.3 0.7 1 1.5 1.8 2.3 3 3.7 4.3 5.1 0 0 0.100982 0.19717 0.188837 0.25092 0.0556282 0.134645 0.0560011 0.0186513 0.0051849 4.92939e-14 0 0 0.15404 0.109995 0.248344 0.165221 0.118274 0.11602 0.063178 0.018531 0.014338 2.47191e-13 0 0
570.64 2.39765 315.729 224.592 1.01289 0.917027 0.2 0.7 1.2 1.7 2.1 3 3.4 4.6 5.3 5.5 0 0 0.115895 0.17121 0.32864 0.186773 0.0955702 0.0748087 0.0314104 4.35169e-12 0.00858264 6.16324e-12 0 0 0.100654 0.254013 0.226343 0.155146 0.109726 0.0614822 1.79258e-11 0.00851246 0.00115033 3.30857e-08 0 0
701.375 2.94696 369.156 278.02 1.01428 1.06681 0.2 0.7 1.3 1.7 2.1 2.6 3.2 4.6 5.2 5.6 0 0 0.112418 0.198054 0.384547 0.0638001 0.146637 0.00282847 0.0951872 1.79856e-14 0.0108116 8.04912e-15 0 0 0.098995 0.281162 0.275851 0.095347 0.147436 0.0536416 0.064297 0.0255096 1.31574e-09 0.0245756 0 0
521.813 2.19249 292.561 201.424 1.01368 1.0043 0.1 0.6 1.1 1.4 1.8 2.3 3.1 3.5 4.7 5.2 0 0 0.083094 0.170663 0.241685 0.177129 0.169026 0.0652992 0.0772144 0.0191397 4.79957e-11 0.0104268 0 0 0.0667014 0.246754 0.196538 0.146026 0.151618 0.121626 0.0750386 6.67032e-11 4.33211e-08 1.71832e-11 0 0
446.372 1.87551 252.116 160.98 1.00808 1.1062 0.2 0.6 1.1 1.6 1.8 2.4 3.1 3.9 4.7 5.5 0 0 0.0520913 0.231994 0.281185 0.153053 0.100681 0.12041 0.048968 0.0174623 0.00223526 2.77556e-16 0 0 0.0977293 0.181746 0.286532 0.17842 0.0527477 0.160845 0.0542317 0.0585816 0.0176552 0.017715 0 0
473.084 1.98775 267.17 176.033 1.00701 1.24281 0.0001 0.6 1.1 1.6 2.1 2.5 3.1 3.8 4.5 5.5 0 0 0.0359127 0.260365 0.253431 0.227253 0.0820071 0.0850764 0.0428362 0.0183574 0.00177265 8.44042e-12 0 0 0.0636181 0.241971 0.254909 0.193588 0.152486 0.0553393 0.107317 0.0550205 0.0780946 0.0404695 0 0
469.673 1.97342 265.296 174.159 1.0082 1.14748 0.2 0.6 1 1.5 1.9 2.3 3 3.9 4.7 5.7 0 0 0.0548318 0.210784 0.227092 0.249911 0.0603539 0.12151 0.062016 0.0188326 0.00286758 3.73224e-12 0 0 0.0917034 0.181456 0.225861 0.235112 0.0719035 0.139439 0.0861845 0.0557655 0.0306974 0.029361 0 0
455.191 1.91257 257.184 166.047 1.00789 1.16665 0.1 0.5 0.9 1.4 1.9 2.4 3 3.8 4.7 5.6 0 0 0.0296158 0.172074 0.24484 0.252736 0.138169 0.0921095 0.0545445 0.0210005 0.00279633 1.01585e-14 0 0 0.064195 0.156602 0.214268 0.282975 0.101509 0.143805 0.0673428 0.0758628 0.0405651 0.0195278 0 0
458.387 1.926 258.996 167.859 1.00804 1.12328 0.2 0.6 1 1.5 1.8 2.3 3 3.9 4.8 5.4 0 0 0.05511 0.210081 0.228453 0.239282 0.0613226 0.13292 0.0583732 0.0208223 0.00168067 4.73416e-12 0 0 0.100749 0.160359 0.230798 0.268693 0.00935767 0.179466 0.0735793 0.0693487 0.0144965 0.0164364 0 0
460.604 1.93531 260.246 169.109 1.00724 1.08957 0.0001 0.6 0.7 1.3 1.6 2.2 2.9 3.8 3.9 5.2 0 0 0.0416332 0.0965952 0.234199 0.261609 0.127106 0.154877 0.0655259 0.0256968 1.75671e-11 8.08965e-11 0 0 0.0702986 0.139063 0.14598 0.317437 0.0661435 0.18121 0.0828716 5.54773e-11 0.0647471 0.0218202 0 0
