Chi2   rChi2   BIC   AIC    Qichtot    Qimtot  R[0]  R[1]  R[2]  R[3]  R[4]  R[5]  R[6]  R[7]  R[8]  R[9]  R[10]  R[11]  Q0ch    Q1ch    Q2ch    Q3ch    Q4ch    Q5ch    Q6ch    Q7ch    Q8ch    Q9ch    Q10ch    Q11ch    Q0m    Q1m    Q2m    Q3m    Q4m    Q5m    Q6m    Q7m    Q8m    Q9m    Q10m    Q11m
448.394 1.88401 253.287 162.15 1.00683 1.23718 0.1 0.6 1 1.4 1.9 2.4 3 3.9 4.9 5.9 0 0 0.0401181 0.245483 0.169823 0.244468 0.137328 0.0924149 0.0570281 0.0199904 0.00017176 1.61982e-13 0 0 0.0733055 0.224935 0.142751 0.279734 0.104815 0.14176 0.0848044 0.0995561 0.0595732 0.0259404 0 0
477.399 2.00588 269.522 178.385 1.00729 1.05045 0.2 0.7 1.3 1.8 2.2 2.6 3.3 4 5.1 5.5 0 0 0.0647018 0.310266 0.288006 0.150076 0.0623769 0.0834014 0.0371339 0.0113302 1.61e-11 9.83991e-13 0 0 0.106179 0.253187 0.321234 0.0850508 0.10831 0.0777518 0.0359764 0.0438193 0.0153758 0.00356973 0 0
453.051 1.90357 255.963 164.827 1.00671 1.35555 0.2 0.6 1 1.5 2.1 2.7 3.3 4.1 4.8 5.8 0 0 0.0551824 0.210946 0.224295 0.260258 0.137115 0.0745745 0.0321135 0.0122212 8.41119e-10 6.03184e-13 0 0 0.0923457 0.185399 0.221104 0.252268 0.18367 0.0902694 0.11442 0.0814224 0.0824401 0.0522161 0 0
473.297 1.98864 267.286 176.15 1.00802 1.00707 0.1 0.6 1.1 1.6 2.1 2.6 3.2 4 4.3 5.5 0 0 0.0391789 0.254365 0.259855 0.216939 0.104471 0.0776067 0.0408361 0.0141335 0.000631568 5.57887e-14 0 0 0.0712387 0.223623 0.26576 0.175402 0.138547 0.0534555 0.0470017 3.03444e-11 0.0232278 0.00881567 0 0
478.801 2.01177 270.281 179.144 1.00786 1.08742 0.0001 0.6 1.1 1.6 2.1 2.5 3.1 3.8 4.5 4.7 0 0 0.0360225 0.260092 0.253221 0.228306 0.0816457 0.0840629 0.0440985 0.017576 8.53857e-09 0.00283445 0 0 0.0634643 0.24184 0.246989 0.191943 0.145827 0.0367842 0.0911763 0.0272294 0.042172 5.40348e-09 0 0
456.675 1.9188 258.027 166.89 1.00699 1.27228 0.0001 0.6 1 1.4 1.7 2.2 2.9 3.7 4.4 5.2 0 0 0.0365521 0.251647 0.168396 0.224495 0.0904903 0.141276 0.0676424 0.0218224 0.00467108 1.2694e-09 0 0 0.0700192 0.221971 0.164943 0.247635 0.0637098 0.183052 0.123108 0.0960672 0.0660962 0.0356836 0 0
468.434 1.96821 264.612 173.475 1.00695 1.3838 0.2 0.6 1 1.5 1.9 2.4 3.1 3.9 4.8 5.7 0 0 0.0551864 0.209301 0.230498 0.239534 0.0890006 0.114809 0.0501541 0.0165195 0.00195206 3.09247e-12 0 0 0.100321 0.166982 0.228656 0.271778 0.0605159 0.189213 0.109546 0.13009 0.0870678 0.0396306 0 0
488.689 2.05332 275.575 184.439 1.00867 1.0354 0.2 0.7 1.3 1.8 2.2 2.7 3.5 4.5 4 5.3 0 0 0.06466 0.309926 0.289308 0.144104 0.0785011 0.081647 0.034336 0.00618943 3.91552e-09 2.55906e-14 0 0 0.105974 0.253666 0.323991 0.0781148 0.124939 0.0765658 0.0223821 6.73482e-08 0.0338008 0.0159632 0 0
492.216 2.06813 277.438 186.301 1.00693 1.27053 0.0001 0.6 1.1 1.6 2 2.4 3.1 3.8 4.5 5.5 0 0 0.0358946 0.260717 0.252335 0.228774 0.0453669 0.117449 0.0476438 0.0160842 0.00266244 1.58173e-12 0 0 0.0618419 0.247382 0.245855 0.19693 0.102221 0.109922 0.109046 0.069374 0.0842758 0.0436801 0 0
829.112 3.48366 412.49 321.354 1.01127 1.03253 0.2 0.6 1.1 1.7 2.2 2.5 3.3 3.8 4.8 5.1 0 0 0.0747087 0.160872 0.391103 0.12036 0.187501 0.00216385 0.0657585 5.93969e-15 0.00879848 1.11022e-16 0 0 0.102522 0.164453 0.316834 0.214395 0.00620214 0.148776 0.00352962 0.0546995 0.000120318 0.0209929 0 0
898.689 3.776 433.361 342.224 1.01076 1.26548 0.2 0.7 1.2 1.7 2.2 2.7 3.3 3.9 4.8 5.4 0 0 0.0830667 0.228312 0.354221 0.0647159 0.208731 3.83378e-11 0.0621382 1.2944e-11 0.00957409 2.8455e-13 0 0 0.111397 0.227562 0.285202 0.172489 0.112232 0.135887 0.0295541 0.114022 0.0450956 0.0320392 0 0
865.35 3.63593 423.57 332.433 1.0108 0.90112 -0.0999 0.6 1.1 1.4 2 2.4 3.3 3.7 4.6 5.1 0 0 0.0550224 0.19775 0.341178 0.0788874 0.202644 0.06406 0.0647917 1.28342e-12 0.00646759 1.75542e-10 0 0 0.0734995 0.222309 0.178551 0.211069 0.0878262 0.0929561 2.3213e-10 0.0194693 1.31252e-11 0.0154398 0 0
701.375 2.94696 369.156 278.02 1.01428 1.06681 0.2 0.7 1.3 1.7 2.1 2.6 3.2 4.6 5.2 5.6 0 0 0.112418 0.198054 0.384547 0.0638001 0.146637 0.00282848 0.0951872 1.84297e-14 0.0108116 8.43769e-15 0 0 0.098995 0.281162 0.275851 0.095347 0.147436 0.0536416 0.064297 0.0255096 1.31342e-09 0.0245756 0 0
563.359 2.36705 312.403 221.266 1.01247 1.02767 0.1 0.6 1.1 1.3 1.8 2.2 3.1 3.6 4.4 5.3 0 0 0.082247 0.175957 0.180332 0.215146 0.18524 0.0630517 0.0899521 0.0116865 6.66134e-16 0.00885358 0 0 0.0671891 0.24368 0.167739 0.153187 0.154968 0.116873 0.0890707 1.02085e-12 0.0250764 0.00988842 0 0
991.326 4.16524 458.77 367.634 1.01839 1.08665 0.2 0.6 1.1 1.7 2.2 2.5 3.3 3.4 5 5.2 0 0 0.0689218 0.218669 0.24654 0.306081 0.0651684 7.26369e-11 0.102473 1.33082e-10 0.0105376 3.54876e-11 0 0 0.100637 0.181468 0.301073 0.267704 9.29374e-11 0.163463 0.0467347 0.015053 0.0105202 1.19251e-08 0 0
920.779 3.86882 439.65 348.514 1.01444 1.23211 0.2 0.6 1.1 1.6 2 2.5 3.2 3.9 4.9 5.5 0 0 0.0715634 0.219545 0.221454 0.256196 0.132181 1.91791e-13 0.104856 1.4494e-13 0.00864788 3.55035e-10 0 0 0.0995781 0.18568 0.272862 0.230844 0.0571377 0.158159 0.0777031 0.0806508 0.0602812 0.00921473 0 0
701.375 2.94696 369.156 278.02 1.01428 1.06682 0.2 0.7 1.3 1.7 2.1 2.6 3.2 4.6 5.2 5.6 0 0 0.112418 0.198054 0.384547 0.0638001 0.146637 0.0028286 0.0951878 1.5099e-14 0.0108119 2.33868e-13 0 0 0.0989948 0.281162 0.275849 0.0953477 0.147436 0.0536397 0.0642965 0.0255139 2.45105e-09 0.0245766 0 0
531.515 2.23325 297.332 206.196 1.01303 1.05119 0.2 0.4 0.9 1.4 1.9 2.3 3.1 3.5 4.2 5.2 0 0 0.10139 0.0529414 0.262953 0.296486 0.143388 0.0480196 0.0816014 0.0161033 2.61441e-12 0.0101512 0 0 0.0601459 0.123779 0.284387 0.205191 0.16073 0.0889618 0.0960363 3.78444e-11 0.0247453 0.00721033 0 0
530.563 2.22926 296.868 205.732 1.01318 1.03264 0.2 0.6 1.1 1.6 2 2.5 3.2 3.7 4.4 5.2 0 0 0.110593 0.119384 0.326291 0.216869 0.10197 0.0409888 0.0858986 1.22375e-06 5.86708e-12 0.0111806 0 0 0.0889718 0.203845 0.26866 0.169557 0.130145 0.0777649 0.0725548 0.00209647 0.0167714 0.00227509 0 0
552.647 2.32205 307.431 216.294 1.00955 1.3644 0.1 0.6 1.1 1.5 2 2.5 3.1 3.9 4.7 5.5 0 0 0.0834491 0.168813 0.263151 0.229631 0.142928 0.017874 0.0919546 0.00459347 1.63758e-13 0.00715892 0 0 0.0682901 0.243345 0.231086 0.179895 0.192346 0.0802293 0.139647 0.0997361 0.0849117 0.0449124 0 0
517.469 2.17424 290.396 199.259 1.01371 1.02673 0.1 0.6 1.1 1.4 1.8 2.3 3.1 3.5 4 5.2 0 0 0.0831472 0.170498 0.242411 0.176082 0.170027 0.0645199 0.07933 0.016576 7.51066e-14 0.0111179 0 0 0.0667082 0.246283 0.19859 0.14331 0.152686 0.12213 0.081537 2.54821e-11 0.0136466 0.00184031 0 0
887.411 3.72862 430.09 338.953 1.0146 1.1746 0.2 0.6 1.1 1.6 2 2.5 3.2 3.3 4.6 4.9 0 0 0.070682 0.220761 0.220234 0.257743 0.130162 0.00328167 0.0572766 0.0472567 2.31482e-14 0.00720278 0 0 0.0930851 0.195334 0.292812 0.139109 0.189507 0.0648888 0.102408 0.0336839 0.0637733 6.58804e-11 0 0
526.096 2.21049 294.678 203.542 1.01239 1.08076 0.0001 0.5 1 1.4 1.9 2.4 3.1 3.5 4.1 5.1 0 0 0.0666208 0.141353 0.23949 0.254935 0.16737 0.03702 0.0799457 0.0164619 3.329e-13 0.0091947 0 0 0.0490275 0.196838 0.253726 0.16411 0.193286 0.0789072 0.0944444 4.76099e-07 0.0333222 0.0170963 0 0
863.109 3.62651 422.898 331.762 1.01094 1.03501 0.3 0.9 1 1.6 2.1 2.5 3.1 3.9 4.9 5.7 0 0 0.15137 1.12688e-14 0.407799 0.230658 0.0185866 0.161763 0.00283219 0.0379351 1.11022e-16 3.25739e-13 0 0 0.176793 0.134428 0.217779 0.254605 0.0540717 0.118138 0.0446534 0.0345468 5.55112e-16 3.91354e-13 0 0
514.563 2.16203 288.937 197.801 1.00785 1.20983 0.2 0.6 1.1 1.7 2.2 2.4 3.2 4.1 4.8 5.6 0 0 0.111689 0.114237 0.346212 0.274726 8.79716e-09 0.0728449 0.086188 1.38856e-10 0.00138935 0.00056245 0 0 0.0895607 0.202223 0.283133 0.238139 0.0450967 0.103303 0.110568 0.0531749 0.0507627 0.0338729 0 0
529.433 2.22451 296.316 205.18 1.01355 0.978587 0.1 0.6 1.1 1.4 1.9 2.2 3 3.5 4.4 5.2 0 0 0.0828267 0.172331 0.228848 0.212963 0.16662 0.031559 0.0801857 0.0290006 5.14755e-12 0.00921955 0 0 0.0673573 0.242701 0.199149 0.158014 0.148534 0.0820528 0.0803667 0.000412521 6.67531e-10 1.81246e-11 0 0
890.163 3.74018 430.892 339.755 1.01285 1.17108 0.2 0.6 1.1 1.6 1.9 2.3 3.2 3.8 4.6 4.9 0 0 0.0728926 0.217153 0.222275 0.245137 0.117555 0.028054 0.104049 3.04886e-11 2.55795e-13 0.00572953 0 0 0.0930322 0.194286 0.295612 0.116761 0.152184 0.108521 0.136784 0.00637209 0.0675239 4.9679e-11 0 0
446.605 1.87649 252.252 161.115 1.00807 1.00304 0.1 0.6 1.1 1.5 2 2.6 3.3 3.9 4.1 5.4 0 0 0.0388033 0.258477 0.235481 0.192067 0.143366 0.0903606 0.0369952 0.000840061 0.0116834 7.77156e-15 0 0 0.0749811 0.218109 0.24289 0.176958 0.130128 0.105593 0.0175081 0.0314483 1.94383e-11 0.00542567 0 0
468.367 1.96793 264.574 173.438 1.008 1.08736 0.1 0.6 1.1 1.6 2 2.5 3.2 4.2 4.7 6 0 0 0.0398013 0.253609 0.259208 0.215002 0.0774509 0.104012 0.0459168 0.0130006 5.65545e-09 2.75852e-12 0 0 0.0695031 0.23102 0.256741 0.168002 0.13489 0.0699095 0.0801981 0.024405 0.0275393 0.0251484 0 0
484.444 2.03548 273.316 182.179 1.00636 1.3705 0.0001 0.6 0.9 1.3 1.8 2.4 3 3.8 4.5 5.3 0 0 0.0369488 0.244964 0.106421 0.270652 0.164077 0.112605 0.0475559 0.0211703 0.00196388 3.26559e-11 0 0 0.0694447 0.218401 0.100449 0.289195 0.152279 0.171759 0.100342 0.128991 0.077182 0.0624563 0 0
575.614 2.41855 317.976 226.84 1.00788 1.3648 0.2 0.6 1 1.6 2.2 2.4 3 3.7 4.5 5.6 0 0 0.0577369 0.197242 0.261258 0.283319 0.0304779 0.10576 0.0427082 0.023322 0.00605643 2.59761e-10 0 0 0.096576 0.163516 0.271303 0.258573 0.182276 2.04286e-08 0.149519 0.0952223 0.103348 0.0444675 0 0
448.671 1.88517 253.447 162.311 1.00791 1.14342 0.2 0.7 1.3 1.7 2 2.4 3.1 3.9 4.6 5.8 0 0 0.0645048 0.311644 0.275129 0.118608 0.0610865 0.106001 0.0526865 0.0160993 0.00214937 2.02505e-13 0 0 0.0993464 0.278768 0.28136 0.0648431 0.138636 0.0776285 0.0949294 0.0364505 0.0449985 0.0264624 0 0
897.871 3.77257 433.125 341.988 1.01174 0.912135 0.3 0.9 1 1.6 2.2 2.6 3.9 4 5.2 5.6 0 0 0.152065 4.27436e-15 0.406471 0.230821 0.0569917 0.131677 0.0225201 0.0111972 1.9984e-15 3.28415e-12 0 0 0.175637 0.120385 0.224959 0.240327 0.067888 0.0748292 0.0069345 7.21589e-13 0.00117558 3.29237e-13 0 0
458.387 1.926 258.996 167.859 1.00804 1.12329 0.2 0.6 1 1.5 1.8 2.3 3 3.9 4.8 5.4 0 0 0.0551099 0.210081 0.228452 0.239282 0.0613218 0.132921 0.0583728 0.0208225 0.00168092 5.50657e-11 0 0 0.100749 0.160359 0.2308 0.268694 0.00935865 0.17947 0.0735828 0.0693507 0.0144936 0.0164364 0 0
467.127 1.96272 263.888 172.751 1.0085 1.00432 0.2 0.7 1.3 1.8 1.9 2.4 3.1 3.9 4.6 5.2 0 0 0.0646128 0.310764 0.285132 0.161678 1.15863e-12 0.116809 0.0500685 0.0163302 0.00310736 3.01592e-13 0 0 0.106577 0.252629 0.320772 0.0298061 0.0951749 0.12528 0.0449291 0.0291495 6.56586e-13 1.26523e-09 0 0
441.003 1.85296 248.983 157.846 1.00674 1.08437 0.0001 0.6 0.7 1.3 1.7 2.1 2.8 3.6 3.9 5.1 0 0 0.0394004 0.139536 0.181626 0.314602 0.071123 0.150642 0.0802048 0.0247765 0.00453555 0.000293656 0 0 0.0699098 0.152447 0.127434 0.347767 0.0170755 0.181064 0.0991168 0.00156437 0.0646956 0.0232911 0 0
4307.83 18.1001 839.279 748.143 1.00844 2.08985 0.2 0.7 1.2 1.6 2 2.6 3.5 4.1 4.8 4.7 0 0 0.0679732 0.299345 0.210285 0.173945 0.0956322 0.106278 0.0549779 1.54154e-13 2.60791e-13 6.57929e-12 0 0 0.0456919 0.188921 0.331666 0.296527 0.303646 4.44239e-11 0.145294 0.41276 0.235493 0.129852 0 0
4234.25 17.791 834.817 743.68 1.00458 3.05089 0.3 0.8 1.2 1.7 2.1 2.6 3.1 4 4.7 5.4 0 0 0.113955 0.291756 0.177062 0.226847 0.0434288 0.076168 0.0405828 0.03478 9.00096e-09 7.16205e-13 0 0 0.0522365 0.150256 0.331522 0.533649 0.304203 0.238111 8.96913e-10 0.338777 0.621763 0.480376 0 0
524.991 2.20584 294.134 202.997 1.00824 0.999522 0.3 0.8 0.9 1.4 1.8 2.3 3 3.8 4.4 4.5 0 0 0.108919 0.322889 6.29558e-12 0.262555 0.109602 0.12064 0.0618966 0.0178802 0.00385693 7.80377e-09 0 0 0.157127 0.147633 0.144147 0.219812 0.122059 0.121418 0.0594238 0.0209505 0.00695282 4.31322e-14 0 0
462.806 1.94456 261.481 170.344 1.00826 1.00253 0.2 0.7 1.3 1.7 2.1 2.6 3.3 4 4.6 5.2 0 0 0.064482 0.311589 0.276772 0.117099 0.104328 0.0826675 0.0389188 0.0100575 0.00234826 6.82948e-11 0 0 0.106492 0.252261 0.315808 0.0547668 0.129415 0.0827285 0.0294932 0.0259935 2.66449e-09 0.00557692 0 0
468.264 1.9675 264.518 173.381 1.00797 1.1604 0.1 0.6 1.1 1.6 2.1 2.6 3.3 4.4 4.5 5.7 0 0 0.0395396 0.254387 0.257883 0.221357 0.0977183 0.0858105 0.041103 0.0101674 2.73948e-13 3.09556e-11 0 0 0.0710411 0.227299 0.263436 0.183928 0.152207 0.0633158 0.0988843 0.0320663 0.0399151 0.0283098 0 0
468.367 1.96793 264.574 173.438 1.008 1.08736 0.1 0.6 1.1 1.6 2 2.5 3.2 4.2 4.7 6 0 0 0.0398013 0.253609 0.259208 0.215002 0.0774509 0.104012 0.0459168 0.0130006 5.65545e-09 2.75852e-12 0 0 0.0695031 0.23102 0.256741 0.168002 0.13489 0.0699095 0.0801981 0.024405 0.0275393 0.0251484 0 0
473.084 1.98775 267.17 176.033 1.00701 1.24281 0.0001 0.6 1.1 1.6 2.1 2.5 3.1 3.8 4.5 5.5 0 0 0.0359127 0.260365 0.253431 0.227253 0.0820071 0.0850764 0.0428362 0.0183574 0.00177265 8.44025e-12 0 0 0.0636181 0.241971 0.254909 0.193588 0.152486 0.0553393 0.107317 0.0550205 0.0780946 0.0404695 0 0
480.539 2.01907 271.219 180.083 1.00684 1.32068 0.2 0.6 1.1 1.6 2.1 2.6 3.3 4 4.8 5.6 0 0 0.0518416 0.233678 0.273661 0.208367 0.106017 0.0838968 0.037413 0.0105607 0.00140664 3.31992e-10 0 0 0.0997104 0.178964 0.297742 0.194517 0.123958 0.134372 0.0853403 0.101986 0.0667187 0.0373724 0 0
463.563 1.94774 261.904 170.768 1.00728 1.17392 0.2 0.6 0.9 1.4 1.8 2.3 2.9 3.7 4.4 5.2 0 0 0.0576162 0.183887 0.195073 0.260807 0.103492 0.121866 0.0548864 0.0261881 0.003463 1.80685e-11 0 0 0.106986 0.118568 0.219291 0.257303 0.0943595 0.149255 0.0887277 0.0760036 0.0400633 0.0233665 0 0
456.713 1.91896 258.048 166.912 1.00792 1.08142 0.1 0.6 1.1 1.6 1.9 2.4 3.1 3.9 4.5 5.7 0 0 0.0395423 0.253847 0.259808 0.210817 0.0546438 0.121825 0.0485262 0.0168311 0.00207602 4.767e-10 0 0 0.0684183 0.232571 0.259392 0.150329 0.11983 0.0990167 0.0759384 0.0290284 0.0292273 0.01767 0 0
462.806 1.94456 261.481 170.344 1.00826 1.00257 0.2 0.7 1.3 1.7 2.1 2.6 3.3 4 4.6 5.2 0 0 0.064482 0.311588 0.276772 0.117099 0.104327 0.0826679 0.0389184 0.0100575 0.00234608 2.04942e-12 0 0 0.106492 0.252262 0.315809 0.054769 0.129415 0.0827359 0.0294982 0.0260057 9.57651e-12 0.00558317 0 0
452.869 1.90281 255.859 164.723 1.00799 1.09835 0.1 0.6 1.1 1.6 1.9 2.4 3.1 3.8 4.5 5.8 0 0 0.0395432 0.253771 0.259801 0.211286 0.0539371 0.122331 0.0470335 0.016427 0.00386312 2.45731e-12 0 0 0.0684088 0.234239 0.255308 0.158152 0.116811 0.100008 0.079276 0.0282054 0.0387892 0.0191525 0 0
466.117 1.95848 263.327 172.191 1.00813 1.03577 0.1 0.6 1.1 1.6 2 2.5 3.2 4.1 4.5 6 0 0 0.0396835 0.253624 0.259613 0.214616 0.0767501 0.105391 0.0448794 0.0127022 0.000872778 4.60743e-14 0 0 0.0685676 0.234038 0.249546 0.178324 0.119376 0.0734072 0.0613695 5.45841e-13 0.0288706 0.0222751 0 0
1077.28 4.52641 480.308 389.171 1.00994 1.29298 0.2 0.6 1 1.6 2.1 2.3 3.2 3.9 4.6 5.6 0 0 0.0773606 0.189376 0.207611 0.339 0.0904484 5.23271e-07 0.106139 1.09029e-12 2.05667e-08 6.12123e-09 0 0 0.0971966 0.157892 0.273281 0.233661 0.105518 0.0820962 0.149164 0.0281797 0.117457 0.0485375 0 0
937.401 3.93866 444.284 353.147 1.01833 1.03695 0.2 0.6 1.1 1.6 2 2.5 3.3 4 4.9 5.6 0 0 0.0688055 0.222702 0.222673 0.246119 0.142716 1.60744e-10 0.107036 7.39409e-14 0.00827934 1.12854e-13 0 0 0.0877988 0.203053 0.280933 0.15967 0.122315 0.101674 0.0464428 9.16656e-13 0.00978517 0.0252737 0 0
571.813 2.40257 316.26 225.124 1.00805 0.874638 0.2 0.6 1.1 1.6 2 2.5 3.4 4.1 5 5.8 0 0 0.0517888 0.233458 0.276312 0.194551 0.0942152 0.105773 0.0446662 0.00728445 4.03566e-13 1.8297e-12 0 0 0.0882831 0.197679 0.261731 0.154984 0.0977185 0.0534856 0.00501197 1.98397e-13 0.00858354 0.00716168 0 0
682.323 2.8669 362.023 270.887 1.01483 1.01672 0.2 0.7 1.3 1.6 2 2.4 3.2 4.5 4.6 5.2 0 0 0.112517 0.196963 0.391213 0.0213823 0.162733 0.0252612 0.0927842 6.48814e-13 3.29181e-14 0.0119736 0 0 0.0989411 0.278877 0.261228 0.072473 0.134194 0.0760441 0.0753303 0.0126386 0.00699147 6.79122e-10 0 0
512.837 2.15478 288.067 196.931 1.01309 1.14698 0.2 0.6 1.1 1.7 2.3 2.4 3.2 4.1 4.8 5.2 0 0 0.111599 0.114247 0.34627 0.27256 3.22537e-05 0.0726729 0.0841101 1.42477e-11 2.46063e-10 0.0116011 0 0 0.0899058 0.201672 0.282038 0.238815 0.0955596 0.0474985 0.113929 0.0457192 0.0301956 0.00165131 0 0
542.177 2.27806 302.477 211.34 1.01131 1.33082 0.2 0.6 1.1 1.6 2 2.6 3.2 4 4.7 5.4 0 0 0.111006 0.118157 0.329148 0.211385 0.111894 0.0395497 0.0804313 1.23366e-11 6.57785e-10 0.00974005 0 0 0.0918797 0.197792 0.291539 0.147562 0.187033 0.093529 0.130588 0.0894641 0.0670605 0.0343737 0 0
560.074 2.35325 310.888 219.751 1.01293 0.952399 0.2 0.7 1.2 1.7 2.1 2.9 3.3 4.1 5.2 5.6 0 0 0.116167 0.170752 0.328625 0.188002 0.0921054 0.0532952 0.0548765 1.62648e-14 0.00910339 1.93268e-12 0 0 0.100752 0.25403 0.234187 0.151535 0.121555 0.0627701 0.0140891 0.00429449 1.16962e-12 0.00918599 0 0
514.563 2.16203 288.937 197.801 1.00785 1.20984 0.2 0.6 1.1 1.7 2.2 2.4 3.2 4.1 4.8 5.6 0 0 0.111689 0.114237 0.346212 0.274726 6.55194e-09 0.0728446 0.086188 1.63893e-10 0.00138935 0.000565391 0 0 0.0895608 0.202223 0.283134 0.238139 0.0450964 0.103304 0.110568 0.0531758 0.0507626 0.0338725 0 0
884.08 3.71462 429.116 337.979 1.01099 1.18355 0.2 0.6 1.1 1.6 2.2 2.5 3.3 3.9 4.9 5.6 0 0 0.0750773 0.162585 0.378093 0.114574 0.208439 4.14668e-14 0.0636483 1.85962e-14 0.00857156 3.15399e-11 0 0 0.0991666 0.182108 0.281614 0.227794 0.0588942 0.15077 0.046829 0.0803451 0.0439359 0.0120886 0 0
459.221 1.9295 259.466 168.33 1.0075 1.0878 0.2 0.6 0.8 1.4 1.7 2.2 2.9 3.8 3.9 5 0 0 0.0618217 0.121866 0.229875 0.299485 0.050093 0.151504 0.0668609 0.0253056 2.33534e-10 0.000689701 0 0 0.107281 0.0777494 0.221507 0.336322 7.98251e-11 0.181938 0.0840964 0.0164024 0.0449425 0.0175592 0 0
448.671 1.88517 253.447 162.311 1.00791 1.14342 0.2 0.7 1.3 1.7 2 2.4 3.1 3.9 4.6 5.8 0 0 0.0645048 0.311644 0.275129 0.118608 0.0610865 0.106001 0.0526865 0.0160993 0.00214937 2.02505e-13 0 0 0.0993464 0.278768 0.28136 0.0648431 0.138636 0.0776285 0.0949294 0.0364505 0.0449985 0.0264624 0 0
633.37 2.66122 342.741 251.605 1.01365 1.13488 0.1 0.4 1 1.6 2.2 2.4 3.1 3.8 5 5.3 0 0 0.0584485 0.11889 0.333507 0.30105 0.0908198 1.73182e-10 0.0926075 0.00627377 5.8626e-11 0.01205 0 0 0.0393117 0.167023 0.334122 0.255329 0.0362114 0.14644 0.0655071 0.0599019 0.03103 3.24548e-08 0 0
863.109 3.62651 422.898 331.762 1.01094 1.03501 0.3 0.9 1 1.6 2.1 2.5 3.1 3.9 4.9 5.7 0 0 0.15137 1.12688e-14 0.407799 0.230658 0.0185866 0.161763 0.00283219 0.0379351 1.11022e-16 3.25739e-13 0 0 0.176793 0.134428 0.217779 0.254605 0.0540717 0.118138 0.0446534 0.0345468 5.55112e-16 3.91354e-13 0 0
526.522 2.21228 294.888 203.751 1.01352 1.00269 0.1 0.6 1.1 1.4 1.9 2.4 3.1 3.5 4.6 5.2 0 0 0.0826801 0.173507 0.225952 0.21483 0.173847 0.0351104 0.0793675 0.0176023 1.32283e-13 0.0106262 0 0 0.0663634 0.248228 0.187515 0.171044 0.170638 0.086055 0.068656 0.00298423 0.00120351 2.45345e-09 0 0
546.006 2.29414 304.299 213.163 1.01272 0.997649 0.1 0.6 1.1 1.4 1.9 2.3 3.1 3.6 4.4 5.2 0 0 0.0826236 0.173342 0.226949 0.215018 0.168801 0.0364103 0.0895069 0.0109653 5.46785e-14 0.00910395 0 0 0.0666255 0.244479 0.192535 0.160496 0.158221 0.0777894 0.0759432 3.82183e-11 0.0152331 0.00632625 0 0
476.94 2.00395 269.272 178.136 1.00692 1.19156 0.2 0.7 1.3 1.8 2.2 2.6 3.3 4.1 5 5.9 0 0 0.0647651 0.310208 0.287664 0.151049 0.0616142 0.0825966 0.0391191 0.00990115 5.17513e-10 9.56069e-13 0 0 0.107189 0.25388 0.324544 0.0942209 0.115305 0.0866102 0.0732049 0.0726351 0.0451885 0.0187855 0 0
488.689 2.05332 275.575 184.439 1.00867 1.03537 0.2 0.7 1.3 1.8 2.2 2.7 3.5 4.5 4 5.3 0 0 0.0646601 0.309926 0.289307 0.144106 0.0785002 0.081647 0.0343364 0.0061892 3.69899e-09 3.2459e-12 0 0 0.105974 0.253664 0.323988 0.0781134 0.124935 0.0765607 0.0223769 6.99651e-10 0.0338016 0.01596 0 0
452.869 1.90281 255.859 164.723 1.00799 1.09835 0.1 0.6 1.1 1.6 1.9 2.4 3.1 3.8 4.5 5.8 0 0 0.0395432 0.253771 0.259801 0.211286 0.0539371 0.122331 0.0470335 0.016427 0.00386312 2.45731e-12 0 0 0.0684088 0.234239 0.255308 0.158152 0.116811 0.100008 0.079276 0.0282054 0.0387892 0.0191525 0 0
462.806 1.94456 261.481 170.344 1.00826 1.00259 0.2 0.7 1.3 1.7 2.1 2.6 3.3 4 4.6 5.2 0 0 0.0644822 0.311588 0.276772 0.117098 0.104328 0.0826665 0.0389195 0.0100537 0.00234997 4.72281e-11 0 0 0.106492 0.252262 0.315808 0.0547706 0.129414 0.0827391 0.0295044 0.0260138 5.56638e-11 0.00558462 0 0
473.297 1.98864 267.286 176.15 1.00802 1.00707 0.1 0.6 1.1 1.6 2.1 2.6 3.2 4 4.3 5.5 0 0 0.0391789 0.254365 0.259855 0.216939 0.104471 0.0776068 0.0408361 0.0141335 0.000631587 5.54556e-14 0 0 0.0712387 0.223623 0.26576 0.175402 0.138547 0.0534555 0.0470017 3.03645e-11 0.0232278 0.00881567 0 0
454.711 1.91055 256.911 165.774 1.0081 1.14624 -0.0999 0.6 1 1.4 1.8 2.3 3 3.9 4.6 5.3 0 0 0.0402606 0.24432 0.173889 0.230107 0.114221 0.121707 0.0614658 0.019436 0.00269167 7.70802e-10 0 0 0.0745376 0.216847 0.155376 0.271595 0.0603709 0.176444 0.0806713 0.0741613 0.0126953 0.0235463 0 0
465.135 1.95435 262.781 171.645 1.00808 1.17459 0.1 0.6 1.1 1.6 2.1 2.6 3.3 4.3 4.4 5.6 0 0 0.0394542 0.254447 0.258083 0.220752 0.0978093 0.0866665 0.0393587 0.0115087 3.83027e-15 2.02997e-10 0 0 0.07046 0.228569 0.264143 0.183809 0.153265 0.0684172 0.100922 3.75281e-10 0.074392 0.0306181 0 0
462.806 1.94456 261.481 170.344 1.00826 1.00259 0.2 0.7 1.3 1.7 2.1 2.6 3.3 4 4.6 5.2 0 0 0.0644822 0.311588 0.276772 0.117098 0.104328 0.0826664 0.0389195 0.0100536 0.00235005 4.69534e-11 0 0 0.106492 0.252262 0.315808 0.0547706 0.129414 0.082739 0.0295044 0.0260136 6.41927e-11 0.00558409 0 0
468.264 1.9675 264.518 173.381 1.00797 1.1604 0.1 0.6 1.1 1.6 2.1 2.6 3.3 4.4 4.5 5.7 0 0 0.0395396 0.254387 0.257883 0.221357 0.0977183 0.0858105 0.041103 0.0101674 2.73948e-13 3.09554e-11 0 0 0.0710411 0.227299 0.263436 0.183928 0.152207 0.0633158 0.0988843 0.0320663 0.0399151 0.0283098 0 0
472.063 1.98346 266.61 175.474 1.00756 1.26541 0.2 0.6 0.8 1.4 1.9 2.3 3 3.9 4.7 5.4 0 0 0.0616404 0.123912 0.226477 0.311136 0.083101 0.118465 0.0616626 0.0195504 0.00161531 1.29622e-09 0 0 0.107098 0.075629 0.228662 0.335661 0.0403665 0.187835 0.102032 0.108551 0.0421934 0.0373842 0 0
462.806 1.94456 261.481 170.344 1.00826 1.00257 0.2 0.7 1.3 1.7 2.1 2.6 3.3 4 4.6 5.2 0 0 0.0644819 0.311589 0.276772 0.117099 0.104327 0.0826682 0.0389182 0.0100573 0.00234773 2.18521e-11 0 0 0.106491 0.252262 0.315809 0.0547685 0.129415 0.0827357 0.0294986 0.0260041 1.20237e-12 0.00558394 0 0
456.016 1.91603 257.653 166.516 1.00773 1.06413 0.1 0.6 1.1 1.6 1.9 2.4 3.1 3.7 4.5 4 0 0 0.0395554 0.25366 0.260111 0.210467 0.0555731 0.121186 0.0471725 0.0131608 0.00324466 0.00360417 0 0 0.0682339 0.235491 0.249283 0.168285 0.10502 0.102776 0.0691467 0.0294124 0.0364797 3.79506e-10 0 0
467.926 1.96607 264.33 173.194 1.0079 1.15728 0.0001 0.6 1.1 1.6 2.1 2.5 3 3.7 4.5 5.7 0 0 0.036088 0.259735 0.254251 0.22611 0.0835808 0.0806636 0.0391369 0.0242144 0.00412418 5.2206e-12 0 0 0.0628197 0.24482 0.247273 0.197332 0.150159 0.0331565 0.0962825 0.0472758 0.0531506 0.0250136 0 0
457.761 1.92337 258.642 167.505 1.00686 1.19568 0.2 0.6 1 1.5 2 2.3 3 3.9 4 5.1 0 0 0.0546039 0.212415 0.222074 0.263473 0.0622704 0.108708 0.0636058 0.0197129 2.68567e-09 4.12577e-08 0 0 0.102091 0.156247 0.240087 0.266861 0.0223289 0.178352 0.0940751 0.0415676 0.0552866 0.0387808 0 0
552.828 2.32281 307.515 216.379 1.00753 0.892 0.2 0.7 1.3 1.7 2.1 2.5 3.4 4.1 4.8 5.2 0 0 0.0644725 0.311855 0.275105 0.123887 0.0847902 0.0943526 0.0470354 0.00545943 0.000573115 1.31006e-14 0 0 0.105798 0.24811 0.305907 0.0487215 0.107233 0.061113 0.015117 1.52101e-14 0 3.43381e-12 0 0
446.372 1.87551 252.116 160.98 1.00808 1.1062 0.2 0.6 1.1 1.6 1.8 2.4 3.1 3.9 4.7 5.5 0 0 0.0520913 0.231994 0.281185 0.153053 0.100681 0.12041 0.048968 0.0174623 0.00223526 2.77556e-16 0 0 0.0977293 0.181746 0.286532 0.17842 0.0527477 0.160845 0.0542317 0.0585816 0.0176552 0.017715 0 0
442.737 1.86024 249.999 158.862 1.00804 1.0179 0.2 0.6 1 1.5 1.8 2.3 3 3.7 4.4 4.6 0 0 0.0549401 0.210321 0.228268 0.23984 0.0611617 0.133525 0.0558156 0.0197693 0.00439738 2.96995e-09 0 0 0.0941534 0.168695 0.247394 0.16365 0.1262 0.110082 0.0677766 0.0214244 0.0185229 2.64901e-10 0 0
560.074 2.35325 310.888 219.751 1.01293 0.952399 0.2 0.7 1.2 1.7 2.1 2.9 3.3 4.1 5.2 5.6 0 0 0.116167 0.170752 0.328625 0.188002 0.0921054 0.0532952 0.0548765 1.62648e-14 0.00910339 1.93362e-12 0 0 0.100752 0.25403 0.234187 0.151535 0.121555 0.0627701 0.0140891 0.00429449 1.20703e-12 0.00918599 0 0
523.57 2.19988 293.432 202.295 1.01318 1.08471 0.0001 0.5 1 1.4 1.9 2.5 3.2 4.2 5.2 5.1 0 0 0.0665452 0.141658 0.239594 0.253727 0.171024 0.04299 0.0860257 1.66533e-16 0.0116159 3.79197e-13 0 0 0.0474629 0.201721 0.245834 0.171797 0.19584 0.0950433 0.0828408 0.0309494 0.0132229 1.21039e-08 0 0
512.837 2.15478 288.067 196.931 1.0131 1.14705 0.2 0.6 1.1 1.7 2.3 2.4 3.2 4.1 4.8 5.2 0 0 0.111598 0.114249 0.346273 0.272556 7.21594e-07 0.0727206 0.0840971 4.19007e-10 3.07374e-10 0.011604 0 0 0.0899071 0.201669 0.28204 0.238814 0.0955504 0.047512 0.113951 0.0457487 0.0302029 0.00165755 0 0
543.274 2.28266 303 211.864 1.01131 1.11054 0.2 0.7 1.2 1.7 2.1 2.7 3.2 4.1 4.7 5.4 0 0 0.116282 0.170783 0.32831 0.190878 0.0857244 0.0318314 0.0793763 1.00796e-10 2.69484e-11 0.00812581 0 0 0.102295 0.254773 0.24163 0.16008 0.133078 0.053801 0.0788002 0.0373988 0.0266017 0.0220855 0 0
520.258 2.18596 291.788 200.652 1.01306 1.1066 0.2 0.5 1 1.5 1.9 2.5 3.2 4.1 5.2 5 0 0 0.1065 0.0788559 0.30639 0.241125 0.132035 0.0531147 0.0830878 8.9373e-14 0.0119475 3.48826e-10 0 0 0.075612 0.158631 0.290282 0.167545 0.169489 0.106747 0.083804 0.036537 0.00356041 0.0143908 0 0
512.837 2.15478 288.067 196.931 1.01309 1.14708 0.2 0.6 1.1 1.7 2.3 2.4 3.2 4.1 4.8 5.2 0 0 0.111598 0.114249 0.346273 0.272556 2.27261e-07 0.0727168 0.0840986 6.38696e-11 3.80096e-10 0.0116016 0 0 0.089907 0.201669 0.282039 0.238815 0.0955497 0.0475142 0.113953 0.0457559 0.0302048 0.00167344 0 0
562.328 2.36272 311.928 220.792 1.00807 0.988861 0.2 0.7 1.2 1.7 2.1 2.9 3.3 4.2 4.7 5.6 0 0 0.116093 0.17079 0.32947 0.188121 0.0938581 0.0537443 0.0559912 5.16254e-15 7.21645e-16 1.67317e-11 0 0 0.10087 0.25429 0.231884 0.154591 0.119233 0.0579588 0.0206455 0.00439485 0.0221932 0.0228005 0 0
560.17 2.35365 310.932 219.796 1.01296 0.972271 0.2 0.7 1.2 1.7 2.1 2.9 3.3 4.1 4.7 5.2 0 0 0.116048 0.170897 0.328783 0.187442 0.0926686 0.053039 0.0547799 7.7266e-13 2.9875e-12 0.00930458 0 0 0.101148 0.253868 0.233531 0.15361 0.123846 0.0620388 0.0257519 0.00868564 0.00979187 6.44427e-11 0 0
562.328 2.36272 311.928 220.792 1.00807 0.988871 0.2 0.7 1.2 1.7 2.1 2.9 3.3 4.2 4.7 5.6 0 0 0.116093 0.17079 0.32947 0.188122 0.0938575 0.053746 0.05599 6.05072e-15 1.97453e-13 1.22468e-10 0 0 0.10087 0.254289 0.231884 0.154589 0.119232 0.0579569 0.0206474 0.00439798 0.0221968 0.0228071 0 0
562.328 2.36272 311.928 220.792 1.00807 0.988871 0.2 0.7 1.2 1.7 2.1 2.9 3.3 4.2 4.7 5.6 0 0 0.116093 0.17079 0.32947 0.188122 0.0938575 0.053746 0.05599 6.05072e-15 1.97453e-13 1.22468e-10 0 0 0.10087 0.254289 0.231884 0.154589 0.119232 0.0579569 0.0206474 0.00439798 0.0221968 0.0228071 0 0
562.178 2.36209 311.859 220.722 1.01201 0.98307 0.2 0.7 1.2 1.7 2.1 2.3 3.1 3.6 4.5 5.3 0 0 0.116118 0.170678 0.328289 0.193047 0.0667589 0.0306676 0.0887794 0.010648 2.07057e-14 0.00702779 0 0 0.101814 0.255322 0.229141 0.174006 0.0690905 0.0513925 0.066072 4.88011e-09 0.0215187 0.0147138 0 0
562.969 2.36541 312.223 221.087 1.01267 0.955991 0.2 0.7 1.2 1.7 2.2 3 3.3 3.6 5.2 4.4 0 0 0.11631 0.17087 0.325792 0.203789 0.0868306 0.0593101 0.0383493 0.00265688 0.00876297 2.33116e-11 0 0 0.102173 0.255613 0.228411 0.185878 0.109202 0.0638799 3.41949e-14 0.00423935 0.00659316 8.02027e-10 0 0
536.231 2.25307 299.621 208.484 1.01252 1.00102 0.2 0.6 1 1.4 1.8 2.2 3.1 3.5 4.4 5.2 0 0 0.113317 0.0979568 0.244339 0.227644 0.146208 0.0740381 0.0863603 0.0132615 1.68754e-14 0.00939363 0 0 0.0915334 0.183204 0.203084 0.177891 0.120217 0.121807 0.0812774 2.56028e-10 0.0176096 0.00439693 0 0
556.752 2.33929 309.347 218.211 1.0086 1.35864 0.2 0.6 1.1 1.7 2.2 2.8 3.3 4 4.7 5.6 0 0 0.111444 0.114031 0.347865 0.265059 0.0542386 0.048128 0.0654961 8.92253e-12 2.63812e-10 0.00233387 0 0 0.0898359 0.202594 0.291292 0.229926 0.134789 0.0915749 0.0982842 0.0723736 0.0897332 0.0582385 0 0
456.654 1.91871 258.015 166.878 1.00863 1.06361 0.2 0.6 0.8 1.4 1.8 2.2 2.9 3.8 4.7 5.6 0 0 0.0615642 0.124275 0.226105 0.310201 0.0467355 0.144117 0.067888 0.0242273 0.00351639 5.11186e-12 0 0 0.106879 0.0796118 0.219269 0.335342 3.46077e-11 0.180192 0.0788773 0.0498009 0.00987204 0.00376971 0 0
454.599 1.91008 256.847 165.71 1.0085 1.04976 0.2 0.6 0.9 1.4 1.9 2.3 2.9 3.8 4.6 5.4 0 0 0.0568282 0.188576 0.186239 0.27979 0.106296 0.0989323 0.0639352 0.0248556 0.00304892 1.78746e-14 0 0 0.102285 0.139562 0.184929 0.293934 0.0639234 0.138686 0.065202 0.0485974 0.00601973 0.00662469 0 0
476.818 2.00344 269.206 178.07 1.00809 1.13757 0.2 0.6 0.9 1.4 1.8 2.3 2.9 3.8 4.8 5.7 0 0 0.0578761 0.182559 0.197237 0.257817 0.10652 0.118715 0.0584589 0.0264444 0.00245923 1.023e-10 0 0 0.102065 0.141812 0.185123 0.289973 0.0644837 0.158673 0.078842 0.0747026 0.027368 0.014532 0 0
455.263 1.91287 257.225 166.088 1.00822 1.00762 0.2 0.6 1 1.5 1.9 2.4 3.1 4 4.3 4.7 0 0 0.055227 0.209575 0.229461 0.241681 0.0869624 0.115884 0.0518716 0.0165061 7.63542e-10 0.00104727 0 0 0.09466 0.165862 0.250376 0.177908 0.138835 0.0899473 0.0639254 0.0152396 0.010863 1.69192e-09 0 0
884.08 3.71462 429.116 337.979 1.01099 1.18355 0.2 0.6 1.1 1.6 2.2 2.5 3.3 3.9 4.9 5.6 0 0 0.0750773 0.162585 0.378093 0.114574 0.208439 4.13558e-14 0.0636483 1.84852e-14 0.00857156 3.11512e-11 0 0 0.0991666 0.182108 0.281614 0.227794 0.0588942 0.15077 0.046829 0.0803451 0.0439359 0.0120886 0 0
692.356 2.90906 365.804 274.667 1.01456 1.06107 0.2 0.7 1.3 1.7 2.1 2.5 3.2 4.6 5.2 5.7 0 0 0.112338 0.198181 0.384594 0.0644732 0.144598 0.00451144 0.0944177 3.26855e-12 0.0114468 1.16573e-14 0 0 0.099073 0.280354 0.271699 0.102256 0.130877 0.0575503 0.0742142 0.0262167 5.98187e-10 0.0188317 0 0
706.191 2.96719 370.928 279.792 1.01554 1.06623 0.2 0.7 1.3 1.7 2.1 2.6 3.2 4 4.6 5.2 0 0 0.112399 0.197919 0.384413 0.0641855 0.145697 0.00307223 0.0940959 1.77636e-15 1.17195e-12 0.0137612 0 0 0.0994391 0.281282 0.277813 0.0972578 0.14908 0.061147 0.073768 0.0131126 0.0133332 2.47714e-09 0 0
841.414 3.53535 416.305 325.168 1.00759 1.01384 0.3 0.9 1.1 1.5 2.2 2.4 3.3 3.9 5.1 6.4 0 0 0.134373 0.288907 0.123017 0.185143 0.210762 9.87838e-12 0.065387 4.83336e-13 1.64178e-11 7.42573e-13 0 0 0.171427 0.272424 0.0348274 0.265696 0.0401519 0.121769 0.0121059 0.0406846 0.0363657 0.0183882 0 0
551.804 2.3185 307.035 215.898 1.01192 1.08122 0.2 0.7 1.2 1.7 2.1 2.5 3.2 4.5 5.2 5.5 0 0 0.116172 0.170793 0.327523 0.19436 0.072743 0.0348379 0.0870394 1.38334e-13 0.00845188 1.06865e-12 0 0 0.103507 0.251953 0.246752 0.159078 0.120234 0.0477821 0.0850188 0.0419652 4.95352e-10 0.0249322 0 0
562.328 2.36272 311.928 220.792 1.00807 0.988861 0.2 0.7 1.2 1.7 2.1 2.9 3.3 4.2 4.7 5.6 0 0 0.116093 0.17079 0.32947 0.188121 0.0938581 0.0537443 0.0559912 5.16254e-15 7.21645e-16 1.67309e-11 0 0 0.10087 0.25429 0.231884 0.154591 0.119233 0.0579588 0.0206455 0.00439485 0.0221932 0.0228005 0 0
523.771 2.20072 293.531 202.395 1.01253 1.18925 0.2 0.5 1 1.5 1.9 2.4 3.2 4.3 5.2 5.7 0 0 0.106418 0.078831 0.305968 0.244531 0.122061 0.0558882 0.0882059 5.41717e-12 0.0106276 1.15916e-10 0 0 0.0775093 0.154574 0.29749 0.168172 0.159536 0.115237 0.115837 0.0613627 0.0271228 0.0124142 0 0
526.855 2.21368 295.052 203.915 1.01327 1.07536 0.2 0.6 1.1 1.6 1.9 2.4 3.2 4.1 4.6 5.2 0 0 0.110764 0.118311 0.330079 0.196402 0.101366 0.0574088 0.087335 8.70909e-12 7.24448e-12 0.0116087 0 0 0.0891914 0.203519 0.272161 0.152086 0.118896 0.108764 0.0909329 0.0197339 0.0169227 0.00315031 0 0
539.487 2.26675 301.188 210.052 1.0125 1.04023 0.1 0.6 1.1 1.5 2 2.3 3.1 3.8 5.1 5.2 0 0 0.0833281 0.169756 0.258622 0.237525 0.125644 0.0279573 0.0937457 0.00644585 1.00932e-09 0.00947226 0 0 0.073508 0.226854 0.217621 0.224778 0.0320589 0.153685 0.0556963 0.0333771 0.0226485 2.84657e-09 0 0
540.379 2.2705 301.616 210.48 1.01305 0.991892 0.2 0.7 1.1 1.4 1.9 2.4 3.1 3.5 4.6 5.2 0 0 0.116927 0.160293 0.195945 0.225091 0.172805 0.0355927 0.0801601 0.0165674 5.11648e-10 0.00967016 0 0 0.10232 0.252719 0.127069 0.184959 0.175018 0.0727624 0.071263 9.45293e-11 0.00578078 1.97607e-08 0 0
519.801 2.18404 291.561 200.424 1.01351 1.00262 0.2 0.6 1 1.5 2.1 2.5 3.1 3.6 4.5 5.2 0 0 0.114033 0.0934166 0.266085 0.295806 0.131363 0.00258961 0.0877636 0.0120839 2.57919e-11 0.0103733 0 0 0.0916531 0.183243 0.216519 0.241221 0.154765 0.0320657 0.0725122 0.00381948 0.00682344 3.9213e-09 0 0
556.436 2.33797 309.2 218.063 1.01218 1.00405 0.2 0.7 1.2 1.7 2.1 2.8 3.2 4.1 4.7 5.2 0 0 0.116112 0.171175 0.328559 0.188178 0.0908151 0.0338565 0.0733318 4.07441e-12 2.08389e-12 0.0101524 0 0 0.101488 0.254446 0.234595 0.156983 0.126075 0.0468358 0.0549601 0.0169474 0.0117232 3.33603e-08 0 0
475.815 1.99922 268.661 177.524 1.0081 1.01442 0.2 0.6 1.1 1.6 2 2.5 3.2 4.1 4.3 5.3 0 0 0.0517435 0.233667 0.275091 0.197648 0.091701 0.0979535 0.0463047 0.01399 2.66631e-12 6.83786e-13 0 0 0.0897388 0.199181 0.274932 0.159518 0.128799 0.077931 0.0585642 1.79625e-10 0.0247392 0.0010162 0 0
445.498 1.87184 251.609 160.473 1.0082 1.01203 0.0001 0.5 1 1.6 1.9 2.4 3.2 4.1 4.4 6 0 0 0.0235602 0.198562 0.306686 0.253227 0.0319399 0.130316 0.0508784 0.0130289 3.61198e-10 1.18962e-09 0 0 0.0495994 0.189609 0.284706 0.217998 0.0670838 0.108191 0.0593282 3.02742e-09 0.0224657 0.0130539 0 0
447.094 1.87854 252.535 161.398 1.0085 0.983917 0.2 0.6 1 1.5 2 2.5 3.2 3.9 4.5 5.2 0 0 0.0551331 0.209886 0.228159 0.249972 0.107874 0.0973739 0.0445606 0.0113626 0.00417646 1.01086e-13 0 0 0.103362 0.147208 0.249045 0.226821 0.0977866 0.108067 0.0285122 0.0231153 1.73134e-11 5.34649e-09 0 0
452.869 1.90281 255.859 164.723 1.00799 1.09835 0.1 0.6 1.1 1.6 1.9 2.4 3.1 3.8 4.5 5.8 0 0 0.0395432 0.253771 0.259801 0.211286 0.0539371 0.122331 0.0470335 0.016427 0.00386312 2.45726e-12 0 0 0.0684088 0.234239 0.255308 0.158152 0.116811 0.100008 0.079276 0.0282054 0.0387892 0.0191525 0 0
488.689 2.05332 275.575 184.439 1.00867 1.03537 0.2 0.7 1.3 1.8 2.2 2.7 3.5 4.5 4 5.3 0 0 0.0646601 0.309926 0.289307 0.144106 0.0785002 0.081647 0.0343364 0.0061892 3.69909e-09 3.24663e-12 0 0 0.105974 0.253664 0.323988 0.0781134 0.124935 0.0765607 0.0223769 6.99652e-10 0.0338016 0.01596 0 0
489.778 2.05789 276.152 185.015 1.00716 1.13502 0.2 0.7 1.3 1.8 2.2 2.7 3.4 4.1 5.2 5.3 0 0 0.0647468 0.309791 0.289827 0.143682 0.080256 0.0785064 0.0318076 0.00854041 7.96554e-10 3.18266e-10 0 0 0.106311 0.254321 0.328123 0.0794789 0.134817 0.0860261 0.0461326 0.065067 0.0303606 0.00438481 0 0
462.806 1.94456 261.481 170.344 1.00826 1.00257 0.2 0.7 1.3 1.7 2.1 2.6 3.3 4 4.6 5.2 0 0 0.064482 0.311588 0.276772 0.117099 0.104327 0.0826679 0.0389184 0.0100575 0.00234608 2.04947e-12 0 0 0.106492 0.252262 0.315809 0.054769 0.129415 0.0827359 0.0294982 0.0260057 9.57628e-12 0.00558317 0 0
465.495 1.95586 262.981 171.845 1.00759 1.12383 0.2 0.6 0.9 1.4 1.8 2.3 3 3.8 4.5 5.3 0 0 0.0574727 0.184372 0.194987 0.260282 0.10327 0.126489 0.0598662 0.0179522 0.00290478 2.72005e-15 0 0 0.106713 0.115522 0.223543 0.243749 0.0971943 0.140783 0.0781557 0.0571363 0.0395145 0.021514 0 0
517.77 2.1755 290.546 199.41 1.02141 0.977735 0.2 0.5 1 1.5 1.9 2.4 3.2 3.6 5.2 7.2 0 0 0.106183 0.0797665 0.303876 0.247238 0.120424 0.0570246 0.0868949 2.91211e-12 0.00778668 0.0122116 0 0 0.0854533 0.13938 0.28382 0.206913 0.0778285 0.124322 0.0254559 0.0109723 0.0134775 0.0101122 0 0
507.925 2.13414 285.574 194.438 1.01298 1.04413 0.2 0.5 1 1.5 1.9 2.4 3.1 3.5 3.8 5.2 0 0 0.106498 0.0787203 0.30616 0.243194 0.125883 0.0489758 0.0762048 0.0181618 9.60343e-15 0.00918102 0 0 0.0870962 0.137316 0.289202 0.209526 0.0846707 0.135136 0.0446393 7.32702e-11 0.0327502 0.0237911 0 0
552.647 2.32205 307.431 216.294 1.00955 1.3644 0.1 0.6 1.1 1.5 2 2.5 3.1 3.9 4.7 5.5 0 0 0.0834491 0.168813 0.263151 0.229631 0.142928 0.017874 0.0919546 0.00459347 1.67311e-13 0.00715891 0 0 0.0682901 0.243345 0.231086 0.179895 0.192346 0.0802293 0.139647 0.0997361 0.0849117 0.0449124 0 0
525.109 2.20634 294.192 203.055 1.01315 1.02908 0.1 0.5 1 1.4 1.8 2.3 3.1 3.5 4.2 5.2 0 0 0.0751732 0.12655 0.258357 0.21741 0.164505 0.0650927 0.0803429 0.0158163 4.12148e-12 0.00989704 0 0 0.0543982 0.188111 0.262442 0.133507 0.17478 0.106869 0.0832302 5.50401e-07 0.0176616 0.00807589 0 0
525.451 2.20778 294.361 203.224 1.01225 1.15403 0.2 0.5 1 1.5 1.8 2.3 3.1 3.5 4.1 5.1 0 0 0.106971 0.0772802 0.309672 0.223447 0.117606 0.0735617 0.0774362 0.0173413 2.17049e-14 0.00893816 0 0 0.0789164 0.150423 0.304281 0.135051 0.15339 0.129271 0.110946 0.00365037 0.055212 0.0328934 0 0
522.001 2.19328 292.655 201.518 1.01279 0.990204 0.2 0.5 0.9 1.3 1.7 2.2 3.1 3.5 4.4 5.2 0 0 0.110456 0.0576571 0.225449 0.23314 0.188289 0.0904236 0.0846438 0.0132969 2.26136e-12 0.00943901 0 0 0.0812726 0.129697 0.228569 0.163766 0.163942 0.129451 0.0776024 2.99874e-11 0.0131234 0.00278043 0 0
505.436 2.12368 284.302 193.166 1.01234 1.11896 0.2 0.5 1 1.5 1.9 2.4 3.1 3.5 3.9 5.1 0 0 0.106468 0.0786616 0.306225 0.243279 0.125654 0.0495746 0.0750088 0.0189985 1.01585e-12 0.00847285 0 0 0.088331 0.135244 0.294161 0.207654 0.0926486 0.141077 0.0655389 2.18704e-08 0.0568221 0.0374877 0 0
531.515 2.23325 297.332 206.196 1.01303 1.0512 0.2 0.4 0.9 1.4 1.9 2.3 3.1 3.5 4.2 5.2 0 0 0.101389 0.0529424 0.262952 0.296486 0.143388 0.0480195 0.0816 0.0161051 2.30349e-12 0.0101511 0 0 0.0601459 0.123779 0.284389 0.205192 0.160734 0.0889642 0.0960428 1.39688e-11 0.0247475 0.0072098 0 0
4015.74 16.8729 821.094 729.958 1.00007 3.54419 0.3 0.7 1.1 1.6 1.9 2.4 3.1 3.9 4.6 5.4 0 0 0.101718 0.21598 0.236497 0.206762 0.0560405 0.100504 0.0504404 0.0309577 0.00116949 2.58843e-12 0 0 0.0521656 0.0908761 0.357147 0.39651 0.400149 0.358539 0.163536 0.370692 0.781325 0.573255 0 0
591.24 2.4842 324.914 233.777 1.01268 1.01656 0.1 0.5 1 1.5 2.1 2.9 3.3 4.2 5.1 5.2 0 0 0.0758149 0.123998 0.275142 0.295449 0.129587 0.0486789 0.0549993 1.24448e-11 3.18915e-08 0.00900964 0 0 0.0580624 0.177682 0.276363 0.203344 0.180929 0.0546444 0.0422629 0.0142032 0.00906659 4.31107e-09 0 0
526.784 2.21338 295.017 203.88 1.01294 0.981069 0.1 0.5 1 1.4 1.8 2.3 3.1 3.5 4.7 5.2 0 0 0.0750407 0.126755 0.258511 0.217403 0.163997 0.0661265 0.0798954 0.0159562 1.35989e-11 0.00925689 0 0 0.0539863 0.188636 0.259619 0.13161 0.174048 0.0976775 0.070915 8.57014e-12 0.00457733 1.06212e-08 0 0
701.375 2.94696 369.156 278.02 1.01428 1.06681 0.2 0.7 1.3 1.7 2.1 2.6 3.2 4.6 5.2 5.6 0 0 0.112418 0.198054 0.384547 0.0638001 0.146637 0.00282848 0.0951872 1.84297e-14 0.0108116 8.43769e-15 0 0 0.098995 0.281162 0.275851 0.095347 0.147436 0.0536416 0.064297 0.0255096 1.31342e-09 0.0245756 0 0
532.821 2.23874 297.968 206.831 1.01451 1.02456 0.0001 0.6 1.2 1.8 2.2 2.9 3.4 4.1 5.2 5.6 0 0 0.0744346 0.193369 0.366925 0.218397 0.0371621 0.0656873 0.047602 3.27927e-12 0.0109271 2.90399e-11 0 0 0.0595489 0.264731 0.304207 0.176267 0.103688 0.0783032 0.0218347 0.00809341 3.13579e-08 0.00788551 0 0
517.211 2.17316 290.267 199.131 1.01324 0.992633 -0.0999 0.6 1.2 1.8 2 2.6 3.2 3.4 4.5 5.2 0 0 0.0817101 0.18237 0.37431 0.203809 0.0326688 0.0492921 0.0664432 0.0126621 1.37457e-12 0.00997198 0 0 0.0652871 0.25456 0.306571 0.135393 0.0982281 0.0714149 0.0467665 0.00739367 0.00701745 1.021e-10 0 0
520.258 2.18596 291.788 200.652 1.01306 1.10661 0.2 0.5 1 1.5 1.9 2.5 3.2 4.1 5.2 5 0 0 0.1065 0.0788556 0.30639 0.241126 0.132035 0.0531147 0.0830878 7.27363e-13 0.0119471 3.99015e-10 0 0 0.0756124 0.158631 0.290283 0.167544 0.16949 0.106748 0.0838077 0.0365441 0.00356164 0.0143907 0 0
469.828 1.97407 265.381 174.245 1.00844 0.974763 0.3 0.7 1 1.5 1.8 2.3 3.1 4 4.6 4.6 0 0 0.100003 0.200314 0.185615 0.25232 0.0545248 0.137957 0.0621487 0.0147517 0.000808401 2.85383e-13 0 0 0.16205 0.0749436 0.287445 0.154462 0.101964 0.133302 0.0479281 0.0126685 3.43059e-14 4.38538e-15 0 0
452.869 1.90281 255.859 164.723 1.00799 1.09835 0.1 0.6 1.1 1.6 1.9 2.4 3.1 3.8 4.5 5.8 0 0 0.0395432 0.253771 0.259801 0.211286 0.0539371 0.122331 0.0470335 0.016427 0.00386312 2.45731e-12 0 0 0.0684088 0.234239 0.255308 0.158152 0.116811 0.100008 0.079276 0.0282054 0.0387892 0.0191525 0 0
479.06 2.01286 270.421 179.284 1.00744 1.12077 0.0001 0.6 1.1 1.6 2.1 2.5 3.1 3.9 4.5 5.5 0 0 0.0359639 0.260215 0.253711 0.226822 0.0829864 0.0838377 0.0453506 0.0185557 2.01052e-09 5.07533e-10 0 0 0.0632332 0.24071 0.252224 0.186828 0.144604 0.0427499 0.085184 0.0319265 0.0464223 0.0268925 0 0
455.691 1.91467 257.468 166.332 1.00784 1.12618 0.2 0.7 1.2 1.5 2 2.3 3 3.9 4.8 5 0 0 0.0648628 0.308119 0.146521 0.230662 0.0614552 0.114157 0.0606521 0.0192863 0.0021219 4.61182e-11 0 0 0.108802 0.242058 0.209505 0.174239 0.0736206 0.132034 0.0907298 0.0708422 0.0136005 0.0107486 0 0
543.458 2.28344 303.088 211.951 1.01222 1.0148 0.0001 0.5 1 1.4 1.9 2.4 3.1 3.6 5.1 5.2 0 0 0.0667286 0.141712 0.237686 0.257627 0.165968 0.036811 0.0855052 0.012015 0.00816355 5.71865e-12 0 0 0.0531875 0.189006 0.238796 0.202915 0.127605 0.117234 0.0311411 0.0328844 0.0220284 2.62365e-11 0 0
530.544 2.22917 296.859 205.722 1.01321 1.0298 0.2 0.6 1.1 1.6 2 2.5 3.2 3.6 4.4 5.2 0 0 0.110585 0.119385 0.326293 0.216856 0.101971 0.0410199 0.0856996 0.00023632 6.82494e-11 0.0111674 0 0 0.0889605 0.203848 0.268573 0.169476 0.130027 0.077443 0.0718862 0.00171189 0.0161665 0.00170535 0 0
528.244 2.21951 295.734 204.597 1.01296 0.971255 0.2 0.5 0.9 1.3 1.7 2.1 3 3.4 4.1 5.2 0 0 0.10942 0.0614484 0.216807 0.248414 0.161007 0.100086 0.0734574 0.032716 9.14413e-12 0.00960121 0 0 0.0820818 0.127929 0.226925 0.177466 0.125951 0.144561 0.0809244 1.34111e-10 0.00541683 1.49638e-10 0 0
546.422 2.29589 304.497 213.36 1.01259 1.01188 0.1 0.5 1 1.4 1.8 2.2 3.1 3.5 4.3 5.2 0 0 0.0744502 0.128607 0.253428 0.22849 0.142523 0.0767443 0.084582 0.0141836 3.4972e-15 0.00958188 0 0 0.0552777 0.184524 0.264529 0.13373 0.147516 0.113799 0.090423 7.07878e-13 0.0197267 0.00235361 0 0
559.365 2.35027 310.56 219.423 1.01309 0.936095 0.1 0.5 1 1.4 1.8 2.1 3 3.5 4.2 5.2 0 0 0.0742683 0.129499 0.249639 0.2386 0.115024 0.0902017 0.0798839 0.0278631 5.97578e-13 0.00811549 0 0 0.0545774 0.184916 0.25826 0.136851 0.118963 0.109356 0.0720766 5.55689e-12 0.00109508 2.39867e-09 0 0
562.328 2.36272 311.928 220.792 1.00807 0.988861 0.2 0.7 1.2 1.7 2.1 2.9 3.3 4.2 4.7 5.6 0 0 0.116093 0.17079 0.32947 0.188121 0.0938581 0.0537443 0.0559912 5.16254e-15 7.21645e-16 1.67314e-11 0 0 0.10087 0.25429 0.231884 0.154591 0.119233 0.0579588 0.0206455 0.00439485 0.0221932 0.0228005 0 0
528.718 2.2215 295.966 204.829 1.0135 0.966877 0.2 0.5 0.9 1.3 1.7 2.1 3 3.5 4.1 5.2 0 0 0.10948 0.0610863 0.216961 0.248661 0.160572 0.099846 0.0785676 0.0294514 1.20886e-11 0.00887493 0 0 0.0821726 0.127975 0.226501 0.177682 0.126584 0.143415 0.0801519 5.55112e-17 0.00239535 6.51122e-09 0 0
565.734 2.37704 313.492 222.356 1.01258 0.993489 0.2 0.7 1.2 1.4 1.9 2.2 3.1 3.7 4.4 5.2 0 0 0.11497 0.179161 0.252257 0.148687 0.161985 0.0442619 0.0952511 0.00688606 4.64406e-13 0.00911979 0 0 0.09901 0.275308 0.102184 0.211437 0.0918849 0.118268 0.0773722 6.98515e-10 0.0138674 0.00415706 0 0
452.787 1.90247 255.812 164.676 1.00833 0.983941 0.3 0.7 0.9 1.4 1.9 2.4 3.1 3.9 4.5 4.9 0 0 0.101276 0.174343 0.158637 0.271831 0.125559 0.10544 0.0534185 0.0145223 0.00330336 4.97763e-12 0 0 0.169866 0.00293673 0.285773 0.224689 0.12597 0.106188 0.045198 0.0213182 0.00200105 6.35101e-10 0 0
450.984 1.89489 254.779 163.642 1.00731 1.10432 0.2 0.7 1.2 1.4 1.8 2.3 3 3.9 4 5.2 0 0 0.064584 0.310767 0.100053 0.220364 0.103034 0.128593 0.0594697 0.020442 1.59478e-10 1.15098e-11 0 0 0.107541 0.245485 0.170335 0.168648 0.0872045 0.156524 0.0737941 0.0203418 0.0478233 0.0266243 0 0
633.37 2.66122 342.741 251.605 1.01365 1.13488 0.1 0.4 1 1.6 2.2 2.4 3.1 3.8 5 5.3 0 0 0.0584484 0.11889 0.333507 0.30105 0.0908193 9.37249e-09 0.0926092 0.00627251 2.94335e-10 0.01205 0 0 0.0393121 0.167024 0.334125 0.255331 0.0362197 0.146433 0.065506 0.0598996 0.0310322 1.94341e-08 0 0
553.061 2.32379 307.625 216.488 1.01273 1.00118 0.2 0.6 1 1.4 1.9 2.3 3.1 3.6 4.4 5.2 0 0 0.112627 0.101897 0.23253 0.25602 0.161788 0.0385249 0.0887648 0.011543 8.22897e-13 0.00903597 0 0 0.0913215 0.184961 0.197879 0.194628 0.154308 0.0797899 0.0775307 2.84516e-08 0.0150864 0.00567809 0 0
841.414 3.53535 416.305 325.168 1.00759 1.01384 0.3 0.9 1.1 1.5 2.2 2.4 3.3 3.9 5.1 6.4 0 0 0.134373 0.288907 0.123017 0.185143 0.210762 9.87838e-12 0.065387 4.83336e-13 1.64178e-11 7.42573e-13 0 0 0.171427 0.272424 0.0348274 0.265696 0.0401519 0.121769 0.0121059 0.0406846 0.0363657 0.0183882 0 0
436.645 1.83464 246.41 155.274 1.00822 1.00972 0.3 0.7 0.9 1.4 1.7 2.2 2.9 3.6 4.3 4.9 0 0 0.101632 0.170317 0.165379 0.250085 0.0841009 0.140841 0.0673786 0.0214391 0.00704491 1.00142e-13 0 0 0.156834 0.0554965 0.250939 0.18088 0.120042 0.136881 0.0686315 0.0252427 0.0147734 2.08722e-13 0 0
479.736 2.0157 270.786 179.65 1.00783 1.12715 0.3 0.7 1 1.5 2 2.5 3.3 4.1 4.3 5.2 0 0 0.101001 0.196251 0.190285 0.25834 0.102462 0.103288 0.0466248 0.00348454 0.00609612 7.32196e-10 0 0 0.165809 0.0699048 0.281111 0.21092 0.11295 0.131259 0.057681 0.0602306 0.00284974 0.0344306 0 0
472.823 1.98665 267.027 175.89 1.00777 1.12694 0.0001 0.6 1.1 1.5 1.9 2.5 3.2 3.9 4.5 5.5 0 0 0.0357556 0.262403 0.23792 0.174017 0.132947 0.107585 0.0424519 0.0109721 0.00371483 1.86428e-10 0 0 0.060604 0.250505 0.223444 0.151023 0.153615 0.108968 0.0660719 0.0384076 0.0459698 0.0283338 0 0
455.263 1.91287 257.225 166.088 1.00822 1.00762 0.2 0.6 1 1.5 1.9 2.4 3.1 4 4.3 4.7 0 0 0.055227 0.209575 0.229461 0.241681 0.0869624 0.115884 0.0518716 0.0165061 7.63506e-10 0.00104727 0 0 0.09466 0.165862 0.250376 0.177908 0.138835 0.0899473 0.0639254 0.0152396 0.010863 1.69197e-09 0 0
477.399 2.00588 269.522 178.385 1.00729 1.05045 0.2 0.7 1.3 1.8 2.2 2.6 3.3 4 5.1 5.5 0 0 0.0647018 0.310266 0.288006 0.150076 0.0623769 0.0834014 0.037134 0.0113302 1.6093e-11 9.82825e-13 0 0 0.106179 0.253187 0.321234 0.0850508 0.10831 0.0777518 0.0359764 0.0438193 0.0153757 0.00356973 0 0
532.408 2.23701 297.767 206.631 1.01287 0.966535 0.2 0.5 1 1.5 1.9 2.4 3.2 3.5 5.2 5.7 0 0 0.106011 0.0800077 0.304043 0.247299 0.12041 0.0569363 0.0888285 1.42664e-14 0.00933294 3.06977e-14 0 0 0.0855347 0.139556 0.28255 0.208166 0.0767881 0.123351 0.0206706 0.0126282 0.0172896 1.28231e-14 0 0
555.34 2.33336 308.689 217.553 1.00923 1.35901 0.2 0.7 1.2 1.7 2 2.5 3.2 4 4.6 5.5 0 0 0.116448 0.169978 0.33031 0.178817 0.078554 0.0445124 0.0856233 1.56116e-09 5.70617e-10 0.00498946 0 0 0.103349 0.254436 0.257756 0.138917 0.137495 0.102183 0.135321 0.0712425 0.0875524 0.0707567 0 0
522.639 2.19596 292.971 201.834 1.01281 1.24627 0.2 0.5 1 1.5 1.9 2.4 3.2 3.6 4.3 5.3 0 0 0.106375 0.079063 0.305294 0.24584 0.12085 0.0563608 0.0874028 8.16161e-11 1.61038e-13 0.0116241 0 0 0.0776831 0.15498 0.298177 0.173612 0.157031 0.129609 0.127257 0.0126316 0.0778537 0.0374309 0 0
763.982 3.21001 391.301 300.165 1.0116 1.07263 0.3 0.9 1.1 1.6 1.7 2.5 2.8 4 4.1 5.4 0 0 0.153968 0.127312 0.327076 9.82721e-08 0.2052 0.133382 0.0344529 0.0302048 2.70168e-06 1.1363e-07 0 0 0.1692 0.227874 0.141277 0.156067 0.0720524 0.148179 0.0100803 0.0874675 0.00392092 0.0565166 0 0
446.102 1.87438 251.96 160.824 1.00738 1.18053 0.2 0.6 0.9 1.4 1.8 2.3 3 3.7 4.5 5.5 0 0 0.0572176 0.185451 0.19288 0.263718 0.0998529 0.127935 0.0573846 0.0188439 0.00409937 1.41307e-09 0 0 0.0965765 0.142407 0.216192 0.21393 0.143332 0.128353 0.094272 0.0603644 0.0620743 0.0230241 0 0
451.826 1.89843 255.262 164.125 1.0084 1.01594 0.2 0.6 1 1.5 1.9 2.4 3.1 3.9 4.3 4.7 0 0 0.0551595 0.209548 0.229573 0.241733 0.0865127 0.116597 0.0500501 0.0169697 2.15312e-08 0.00225442 0 0 0.0947321 0.166359 0.249683 0.178668 0.140512 0.0898304 0.0668861 0.0118329 0.017438 2.44181e-11 0 0
463.255 1.94645 261.732 170.596 1.00728 1.11979 0.2 0.6 1 1.4 1.8 2.4 3 3.9 4.9 5.4 0 0 0.0544611 0.215442 0.204883 0.196172 0.151746 0.112064 0.0501795 0.0223296 1.33083e-06 3.98226e-12 0 0 0.0988298 0.169086 0.200542 0.220682 0.11239 0.153954 0.0563826 0.0743892 0.0156086 0.0179308 0 0
477.399 2.00588 269.522 178.385 1.00729 1.05016 0.2 0.7 1.3 1.8 2.2 2.6 3.3 4 5.1 5.5 0 0 0.0647014 0.310267 0.288007 0.150072 0.0623826 0.0833981 0.0371398 0.0113234 2.11497e-13 1.55431e-15 0 0 0.106177 0.253182 0.321216 0.0850318 0.108304 0.0776855 0.0359282 0.043736 0.0153297 0.00356713 0 0
462.806 1.94456 261.481 170.344 1.00826 1.00256 0.2 0.7 1.3 1.7 2.1 2.6 3.3 4 4.6 5.2 0 0 0.064482 0.311588 0.276772 0.117099 0.104327 0.0826678 0.0389187 0.010057 0.00234669 3.37225e-12 0 0 0.106491 0.252262 0.315808 0.0547679 0.129415 0.0827338 0.0294963 0.0260035 1.04228e-12 0.00558647 0 0
446.403 1.87564 252.135 160.998 1.00849 0.997405 0.1 0.5 1 1.6 1.8 2.4 3.2 4.2 4.3 6 0 0 0.0263674 0.194217 0.310236 0.236111 0.0448826 0.132395 0.0514582 0.0128237 4.85859e-09 2.00839e-13 0 0 0.0553772 0.180159 0.292317 0.187954 0.0859491 0.116965 0.0525491 2.77085e-09 0.0170254 0.0091089 0 0
448.438 1.88419 253.312 162.176 1.00809 1.1096 0.2 0.6 1 1.4 1.9 2.5 3.1 3.8 4.8 5.8 0 0 0.0536236 0.218801 0.195485 0.222521 0.158528 0.095881 0.0410306 0.0193364 0.00287993 1.72658e-10 0 0 0.098529 0.173297 0.189608 0.238191 0.131868 0.136688 0.0381941 0.0614923 0.0297089 0.0120215 0 0
480.539 2.01907 271.219 180.083 1.00684 1.32068 0.2 0.6 1.1 1.6 2.1 2.6 3.3 4 4.8 5.6 0 0 0.0518416 0.233678 0.273661 0.208367 0.106017 0.0838968 0.037413 0.0105607 0.00140664 3.32003e-10 0 0 0.0997104 0.178964 0.297742 0.194517 0.123958 0.134372 0.0853403 0.101986 0.0667187 0.0373724 0 0
471.212 1.97988 266.143 175.006 1.00803 1.0587 0.2 0.7 1.3 1.8 2.1 2.5 3.2 4 4.6 5.1 0 0 0.0647454 0.310349 0.286831 0.151311 0.0345667 0.101872 0.0431378 0.0130464 0.00216997 5.84616e-12 0 0 0.106728 0.252931 0.322302 0.0797621 0.085019 0.104294 0.0498523 0.0448795 1.51181e-10 0.0129275 0 0
844.722 3.54925 417.321 326.185 1.01181 1.03079 0.2 0.6 1.1 1.7 2.2 2.5 3.4 3.8 5.1 4.8 0 0 0.0757409 0.158043 0.393172 0.121431 0.17745 0.0166228 0.0620641 5.4341e-12 4.21898e-11 0.00728896 0 0 0.102509 0.164761 0.314587 0.215433 0.00293695 0.147629 2.97155e-08 0.0558638 0.027072 1.97479e-09 0 0
447.909 1.88197 253.007 161.87 1.00841 0.982717 0.2 0.6 1 1.5 2.1 2.6 3.2 3.8 4.6 5.3 0 0 0.0548906 0.211001 0.224863 0.26133 0.128468 0.0721798 0.0373251 0.0153604 0.00298867 2.87548e-14 0 0 0.103023 0.145466 0.250671 0.230273 0.112817 0.0917379 0.000762591 0.0334197 2.91167e-12 0.0145472 0 0
456.065 1.91624 257.681 166.544 1.00697 1.25195 0.1 0.6 1 1.4 1.8 2.3 2.9 3.8 4.5 5.3 0 0 0.0406192 0.243122 0.176394 0.22673 0.118294 0.114998 0.0599965 0.0250966 0.00172236 3.71148e-13 0 0 0.0771576 0.204706 0.184551 0.234405 0.101427 0.153681 0.105969 0.102866 0.045318 0.0418725 0 0
468.116 1.96687 264.435 173.299 1.00817 1.05669 0.1 0.6 1.1 1.6 2 2.5 3.2 4.2 4.6 6 0 0 0.039788 0.253695 0.258925 0.215655 0.0764659 0.104676 0.0459256 0.0130435 4.30512e-10 2.30422e-11 0 0 0.0690639 0.232292 0.253055 0.17189 0.128158 0.068914 0.0698903 0.00913558 0.0291449 0.0251479 0 0
471.212 1.97988 266.143 175.006 1.00803 1.05869 0.2 0.7 1.3 1.8 2.1 2.5 3.2 4 4.6 5.1 0 0 0.0647454 0.310349 0.28683 0.151311 0.0345666 0.101873 0.043138 0.0130449 0.00217146 1.03905e-10 0 0 0.106728 0.252931 0.322302 0.0797605 0.0850196 0.104291 0.04985 0.0448789 1.25837e-09 0.0129289 0 0
774.795 3.25544 394.941 303.805 1.01 1.31202 0.3 0.9 1.1 1.6 1.7 2.5 3.1 3.9 4.7 5.4 0 0 0.151473 0.140442 0.316674 1.3157e-09 0.199553 0.16211 0.00315647 0.0359611 1.2651e-13 0.000626162 0 0 0.170393 0.272716 0.0815618 0.285977 2.27137e-09 0.210176 0.0505145 0.141693 0.0350156 0.0639752 0 0
560.17 2.35365 310.932 219.796 1.01296 0.972271 0.2 0.7 1.2 1.7 2.1 2.9 3.3 4.1 4.7 5.2 0 0 0.116048 0.170897 0.328783 0.187442 0.0926686 0.053039 0.0547799 7.7266e-13 2.9875e-12 0.00930458 0 0 0.101148 0.253868 0.233531 0.15361 0.123846 0.0620388 0.0257519 0.00868564 0.00979187 6.44428e-11 0 0
531.632 2.23375 297.39 206.253 1.01321 0.99674 0.2 0.7 1.2 1.7 2.1 2.5 3.1 3.4 4.4 5.2 0 0 0.1162 0.170444 0.328174 0.19195 0.0784963 0.0248997 0.0687404 0.0244481 9.62508e-13 0.00985469 0 0 0.102573 0.254803 0.238957 0.166292 0.113509 0.0377568 0.0731765 6.00263e-11 0.00847745 0.00119412 0 0
562.328 2.36272 311.928 220.792 1.00807 0.988861 0.2 0.7 1.2 1.7 2.1 2.9 3.3 4.2 4.7 5.6 0 0 0.116093 0.17079 0.32947 0.188121 0.0938581 0.0537443 0.0559912 5.16254e-15 7.21645e-16 1.67312e-11 0 0 0.10087 0.25429 0.231884 0.154591 0.119233 0.0579588 0.0206455 0.00439485 0.0221932 0.0228005 0 0
527.508 2.21642 295.373 204.236 1.01315 1.06502 0.2 0.6 1.1 1.6 1.9 2.4 3.2 4 4.6 5.2 0 0 0.110737 0.118349 0.330174 0.196416 0.101069 0.0579093 0.0871028 2.69336e-11 7.94936e-11 0.0113889 0 0 0.0892283 0.203352 0.271504 0.151938 0.118509 0.106689 0.0878741 0.0147345 0.0208408 0.00034542 0 0
560.17 2.35365 310.932 219.796 1.01296 0.972271 0.2 0.7 1.2 1.7 2.1 2.9 3.3 4.1 4.7 5.2 0 0 0.116048 0.170897 0.328783 0.187442 0.0926686 0.053039 0.0547799 7.7266e-13 2.9875e-12 0.00930458 0 0 0.101148 0.253868 0.233531 0.15361 0.123846 0.0620388 0.0257519 0.00868564 0.00979187 6.44426e-11 0 0
552.272 2.32047 307.254 216.118 1.01347 1.03367 0.2 0.6 1.1 1.7 2 2.5 3.3 3.9 5.1 5.6 0 0 0.111814 0.113164 0.347085 0.268178 0.0151908 0.0719709 0.0778533 3.44169e-15 0.00821798 8.91676e-13 0 0 0.0998193 0.170464 0.310034 0.200129 0.0314418 0.125448 0.0363426 0.0312321 0.0255684 0.00318708 0 0
542.348 2.27877 302.558 211.422 1.01134 1.15023 0.2 0.7 1.2 1.7 2.1 2.7 3.2 4 4.6 5.4 0 0 0.116291 0.170735 0.328342 0.190777 0.0858419 0.0315599 0.0793973 5.80782e-09 1.69e-08 0.00839214 0 0 0.102395 0.255371 0.242747 0.161677 0.136195 0.0593054 0.0850008 0.0402739 0.039463 0.0278005 0 0
525.133 2.20644 294.204 203.067 1.01259 1.22876 0.0001 0.6 1.2 1.8 2.1 2.5 3.2 4.1 4.8 5.3 0 0 0.0745841 0.193671 0.366247 0.225516 0.0069261 0.0510406 0.0831724 2.24376e-13 5.57423e-10 0.0114332 0 0 0.060471 0.264799 0.310075 0.178462 0.0800871 0.0879152 0.123647 0.0704474 0.0328146 0.020044 0 0
701.375 2.94696 369.156 278.02 1.01428 1.06681 0.2 0.7 1.3 1.7 2.1 2.6 3.2 4.6 5.2 5.6 0 0 0.112418 0.198054 0.384547 0.0638001 0.146637 0.00282848 0.0951872 1.84297e-14 0.0108116 8.43769e-15 0 0 0.098995 0.281162 0.275851 0.095347 0.147436 0.0536416 0.064297 0.0255096 1.31343e-09 0.0245756 0 0
674.253 2.833 358.942 267.805 1.01429 0.99759 0.2 0.7 1.3 1.6 2 2.4 3.2 3.1 4.5 5.1 0 0 0.112743 0.196694 0.391497 0.0202604 0.16587 0.0202492 0.0716348 0.0233295 7.12341e-12 0.012013 0 0 0.0987493 0.279563 0.260026 0.074878 0.13355 0.0734835 0.035162 0.033329 0.00885002 3.39219e-11 0 0
455.505 1.91389 257.363 166.226 1.00817 1.10367 0.2 0.6 0.9 1.4 1.8 2.3 3 3.9 4.8 5.3 0 0 0.0573151 0.185185 0.193199 0.262901 0.100329 0.127265 0.0594507 0.020609 0.00191954 1.90951e-11 0 0 0.103227 0.135003 0.193585 0.285975 0.058008 0.169524 0.0732066 0.0633034 0.00857545 0.013263 0 0
520.258 2.18596 291.788 200.652 1.01306 1.10661 0.2 0.5 1 1.5 1.9 2.5 3.2 4.1 5.2 5 0 0 0.1065 0.0788556 0.30639 0.241125 0.132035 0.0531141 0.0830878 1.21569e-14 0.0119481 9.31716e-12 0 0 0.075612 0.158631 0.290282 0.167544 0.169489 0.106748 0.0838065 0.036542 0.00356714 0.0143856 0 0
517.469 2.17424 290.396 199.259 1.01371 1.02673 0.1 0.6 1.1 1.4 1.8 2.3 3.1 3.5 4 5.2 0 0 0.0831472 0.170498 0.242411 0.176082 0.170027 0.0645199 0.07933 0.016576 7.51066e-14 0.0111179 0 0 0.0667082 0.246283 0.19859 0.14331 0.152686 0.12213 0.081537 2.5482e-11 0.0136466 0.00184031 0 0
533.226 2.24045 298.165 207.028 1.01315 0.982795 0.2 0.5 1 1.5 1.8 2.3 3.1 3.5 5.2 4.8 0 0 0.106748 0.0775028 0.310422 0.222156 0.117706 0.0746112 0.07754 0.0171594 0.00930607 7.06768e-13 0 0 0.0766573 0.154006 0.293976 0.132658 0.149118 0.10221 0.0699687 1.97214e-11 9.09217e-12 0.0042006 0 0
546.422 2.29589 304.497 213.36 1.01259 1.01188 0.1 0.5 1 1.4 1.8 2.2 3.1 3.5 4.3 5.2 0 0 0.0744502 0.128607 0.253428 0.22849 0.142524 0.0767438 0.0845819 0.0141839 2.38698e-15 0.00958091 0 0 0.0552777 0.184524 0.264529 0.13373 0.147515 0.113799 0.0904236 1.92069e-14 0.0197295 0.00235278 0 0
546.422 2.29589 304.497 213.36 1.01259 1.01188 0.1 0.5 1 1.4 1.8 2.2 3.1 3.5 4.3 5.2 0 0 0.0744502 0.128607 0.253428 0.22849 0.142524 0.0767438 0.0845819 0.0141839 2.38698e-15 0.00958091 0 0 0.0552777 0.184524 0.264529 0.13373 0.147515 0.113799 0.0904236 1.92069e-14 0.0197295 0.00235278 0 0
534.786 2.247 298.922 207.785 1.01232 1.08776 0.2 0.4 1 1.6 2.2 2.4 3.1 3.5 4 5.2 0 0 0.0894216 0.0828617 0.341021 0.298307 0.0897127 0.00490144 0.0840923 0.0137023 1.46855e-12 0.00830405 0 0 0.0583389 0.143402 0.334824 0.243407 0.0172923 0.147731 0.0344131 0.02079 0.0426792 0.0448873 0 0
530.103 2.22732 296.643 205.507 1.00779 1.25802 0.2 0.6 1.1 1.7 2.3 2.9 3.3 4.1 4.8 5.6 0 0 0.111622 0.11401 0.346891 0.270656 0.0617894 0.039835 0.0622559 1.9984e-15 0.00072525 2.27056e-09 0 0 0.0895505 0.202946 0.285534 0.240787 0.138788 0.0583048 0.0842014 0.0596488 0.0583298 0.0399311 0 0
515.139 2.16445 289.227 198.091 1.01292 1.1568 0.2 0.6 1.1 1.7 2.3 2.4 3.2 4 4.7 5.2 0 0 0.111569 0.11432 0.346335 0.272382 1.6549e-12 0.0732053 0.0835704 1.45939e-13 2.46791e-12 0.0115397 0 0 0.0899177 0.201882 0.281419 0.240674 0.0854362 0.0585276 0.114388 0.0435618 0.0373772 0.0036121 0 0
725.392 3.04787 377.877 286.74 1.00841 1.19028 0.2 0.7 1.3 1.8 2.2 2.5 3.2 4.1 4.7 5.6 0 0 0.112522 0.19781 0.387893 0.106541 0.109175 1.44884e-14 0.0944717 4.67822e-11 3.40988e-12 4.84725e-10 0 0 0.0991679 0.281347 0.285919 0.141084 0.0981199 0.0632484 0.0928137 0.0340941 0.0463838 0.0481038 0 0
508.406 2.13616 285.819 194.683 1.01333 0.99221 0.0001 0.6 1.2 1.7 1.8 2.3 3.1 3.5 4.4 5.2 0 0 0.0744056 0.19471 0.35957 0.0674491 0.149952 0.0599516 0.0808832 0.0162865 4.7945e-13 0.0101242 0 0 0.0596155 0.264857 0.293353 0.0328475 0.156473 0.105659 0.0726857 0.000602716 0.00611623 1.64111e-08 0 0
532.821 2.23874 297.968 206.831 1.01451 1.02456 0.0001 0.6 1.2 1.8 2.2 2.9 3.4 4.1 5.2 5.6 0 0 0.0744346 0.193369 0.366925 0.218397 0.0371621 0.0656873 0.047602 3.27927e-12 0.0109271 2.904e-11 0 0 0.0595489 0.264731 0.304207 0.176267 0.103688 0.0783032 0.0218347 0.00809341 3.13579e-08 0.00788551 0 0
505.713 2.12485 284.444 193.308 1.00683 1.28277 0.0001 0.5 0.9 1.4 1.8 2.4 3.1 3.8 4.5 5.4 0 0 0.0275677 0.172316 0.25253 0.2278 0.139413 0.120973 0.0486891 0.0139233 0.00361225 5.67668e-12 0 0 0.053323 0.165409 0.238637 0.208731 0.157065 0.147397 0.100288 0.0847911 0.0822084 0.044924 0 0
454.078 1.90789 256.55 165.413 1.00791 1.08696 0.0001 0.5 1 1.6 2.1 2.5 3.2 4.1 4.5 5.9 0 0 0.0234741 0.199378 0.304751 0.26009 0.0624166 0.098835 0.0449703 0.0139989 2.20348e-10 3.07049e-12 0 0 0.0519312 0.184171 0.294111 0.225658 0.119247 0.0584725 0.0860358 0.0112024 0.037086 0.0190471 0 0
468.264 1.9675 264.518 173.381 1.00796 1.16039 0.1 0.6 1.1 1.6 2.1 2.6 3.3 4.4 4.5 5.7 0 0 0.0395396 0.254387 0.257883 0.221358 0.0977168 0.0858122 0.0411006 0.0101673 1.77847e-10 6.27265e-12 0 0 0.0710409 0.2273 0.263436 0.18393 0.152207 0.0633176 0.0988796 0.0320699 0.0399036 0.0283084 0 0
456.713 1.91896 258.048 166.912 1.00792 1.08142 0.1 0.6 1.1 1.6 1.9 2.4 3.1 3.9 4.5 5.7 0 0 0.0395423 0.253847 0.259808 0.210817 0.0546438 0.121825 0.0485262 0.0168311 0.00207602 4.767e-10 0 0 0.0684183 0.232571 0.259392 0.150329 0.11983 0.0990167 0.0759384 0.0290284 0.0292273 0.01767 0 0
461.73 1.94004 260.878 169.741 1.00816 0.993131 0.2 0.6 1 1.5 1.8 2.3 3 3.7 4.4 5.3 0 0 0.0551547 0.209392 0.230965 0.232965 0.0681689 0.131031 0.057694 0.017767 0.00502409 1.37929e-12 0 0 0.103104 0.1464 0.254853 0.198739 0.0727021 0.127577 0.0504911 0.0217712 0.0159151 0.00157818 0 0
520.345 2.18632 291.832 200.695 1.01306 1.1066 -0.1999 0.5 1 1.5 1.9 2.5 3.2 4.1 5.2 5 0 0 0.106452 0.078923 0.306356 0.241156 0.132013 0.0531238 0.0830848 4.30378e-13 0.011948 1.53308e-08 0 0 0.0755764 0.158683 0.290248 0.167577 0.169467 0.106752 0.0838038 0.0365436 0.00354417 0.0144052 0 0
534.786 2.247 298.922 207.785 1.01233 1.08782 0.2 0.4 1 1.6 2.2 2.4 3.1 3.5 4 5.2 0 0 0.0894215 0.082862 0.341021 0.298306 0.0897163 0.004898 0.0840942 0.013702 3.26117e-12 0.00830478 0 0 0.0583403 0.143402 0.334828 0.243416 0.0172975 0.14774 0.0344243 0.0207936 0.0426851 0.0448923 0 0
472.476 1.98519 266.837 175.7 1.00772 1.24482 0.2 0.5 0.9 1.5 2.1 2.4 3.1 3.9 4.7 4.8 0 0 0.0453727 0.140444 0.284762 0.291574 0.0881135 0.0832624 0.0559385 0.0142668 0.00398702 3.78931e-08 0 0 0.0849688 0.119878 0.271604 0.286988 0.133043 0.0869145 0.127613 0.0789767 0.0548334 4.46198e-10 0 0
488.689 2.05332 275.575 184.439 1.00867 1.0354 0.2 0.7 1.3 1.8 2.2 2.7 3.5 4.5 4 5.3 0 0 0.06466 0.309926 0.289308 0.144104 0.0785011 0.081647 0.034336 0.00618943 3.91273e-09 2.56462e-14 0 0 0.105974 0.253666 0.323991 0.0781148 0.124939 0.0765658 0.0223821 6.7432e-08 0.0338008 0.0159632 0 0
464.225 1.95052 262.274 171.137 1.00794 1.17847 0.2 0.6 1 1.5 2 2.4 3.1 3.9 4.7 4.6 0 0 0.054843 0.210771 0.226108 0.254922 0.0906179 0.0977382 0.0543576 0.0149815 0.00360207 1.48946e-10 0 0 0.0923747 0.182966 0.22282 0.240441 0.122029 0.107881 0.105035 0.0655135 0.0394127 2.91765e-07 0 0
483.118 2.02991 272.606 181.469 1.00854 0.968861 0.0001 0.6 1.1 1.5 1.9 2.5 3.2 4.2 4.5 5.7 0 0 0.0358411 0.262347 0.237946 0.173913 0.133244 0.106555 0.0460088 0.0126843 2.7004e-12 7.77156e-16 0 0 0.0600986 0.248832 0.21846 0.147814 0.140442 0.0855755 0.029809 0.00564205 0.0132 0.0189868 0 0
448.394 1.88401 253.287 162.15 1.00683 1.23718 0.1 0.6 1 1.4 1.9 2.4 3 3.9 4.9 5.9 0 0 0.0401181 0.245483 0.169823 0.244468 0.137328 0.0924149 0.0570281 0.0199904 0.000171757 2.0739e-13 0 0 0.0733055 0.224935 0.142751 0.279734 0.104815 0.14176 0.0848044 0.099556 0.0595731 0.0259404 0 0
460.152 1.93341 259.991 168.855 1.008 1.18128 0.2 0.7 1.2 1.4 1.9 2.4 3.1 3.9 4.7 5.5 0 0 0.0643934 0.311333 0.0927634 0.237773 0.12307 0.107782 0.0516383 0.016333 0.00291296 9.90874e-14 0 0 0.107637 0.250169 0.151379 0.200324 0.113922 0.151103 0.0787928 0.0746538 0.0339528 0.0193414 0 0
471.212 1.97988 266.143 175.006 1.00803 1.05869 0.2 0.7 1.3 1.8 2.1 2.5 3.2 4 4.6 5.1 0 0 0.0647454 0.310349 0.28683 0.151311 0.0345666 0.101873 0.043138 0.0130449 0.00217146 1.03226e-10 0 0 0.106728 0.252931 0.322302 0.0797605 0.0850196 0.104291 0.04985 0.0448789 1.26799e-09 0.0129289 0 0
456.713 1.91896 258.048 166.912 1.00792 1.08142 0.1 0.6 1.1 1.6 1.9 2.4 3.1 3.9 4.5 5.7 0 0 0.0395423 0.253847 0.259808 0.210817 0.0546438 0.121825 0.0485262 0.0168311 0.00207602 4.767e-10 0 0 0.0684183 0.232571 0.259392 0.150329 0.11983 0.0990167 0.0759384 0.0290284 0.0292273 0.01767 0 0
454.078 1.90789 256.55 165.413 1.00791 1.08696 0.0001 0.5 1 1.6 2.1 2.5 3.2 4.1 4.5 5.9 0 0 0.0234741 0.199378 0.304751 0.26009 0.0624166 0.098835 0.0449703 0.0139989 2.20347e-10 3.07032e-12 0 0 0.0519312 0.184171 0.294111 0.225658 0.119247 0.0584725 0.0860358 0.0112024 0.037086 0.0190471 0 0
477.399 2.00588 269.522 178.385 1.00729 1.04994 0.2 0.7 1.3 1.8 2.2 2.6 3.3 4 5.1 5.5 0 0 0.0647012 0.310268 0.288008 0.150074 0.0623826 0.0833944 0.0371473 0.0113176 5.21201e-11 2.2553e-11 0 0 0.106175 0.253174 0.3212 0.085009 0.108289 0.077646 0.0358784 0.0436906 0.0153042 0.00357257 0 0
477.964 2.00825 269.828 178.691 1.0065 1.38722 0.0001 0.6 1 1.4 1.9 2.4 3 3.7 4.4 5.3 0 0 0.036386 0.253076 0.162829 0.249819 0.132191 0.097918 0.0503332 0.0191372 0.00480888 2.18159e-14 0 0 0.0683464 0.229639 0.15301 0.27634 0.113089 0.170678 0.0993068 0.117646 0.0972804 0.0618865 0 0
462.607 1.94373 261.369 170.233 1.00788 1.12307 0.2 0.6 1 1.5 2.1 2.7 3.2 3.9 4.6 4.6 0 0 0.0553064 0.21046 0.224641 0.260138 0.138373 0.0693539 0.0320645 0.0138153 0.00372334 7.35967e-13 0 0 0.091917 0.184397 0.216692 0.244123 0.171193 0.0566248 0.0790105 0.0348208 0.0442959 2.77556e-16 0 0
449.808 1.88995 254.102 162.966 1.00818 1.055 0.2 0.7 1.3 1.5 1.9 2.3 3 3.8 4.5 5 0 0 0.0640416 0.314172 0.239306 0.0988634 0.0957322 0.111595 0.0623366 0.0183132 0.00381866 3.09086e-13 0 0 0.0991252 0.277425 0.27839 0.0222907 0.146021 0.0977589 0.0810986 0.0338368 0.0190522 7.21645e-16 0 0
465.19 1.95458 262.812 171.675 1.00784 1.09529 0.1 0.6 1.1 1.6 2 2.5 3.2 4.1 4.6 5.9 0 0 0.0397187 0.253621 0.259485 0.214459 0.0777506 0.104514 0.0444689 0.0138249 1.49993e-09 6.06848e-13 0 0 0.0696086 0.230673 0.258651 0.166568 0.137103 0.0721089 0.0822876 0.0196167 0.0358006 0.0228758 0 0
446.72 1.87698 252.319 161.182 1.00739 1.21681 0.1 0.6 0.9 1.4 1.9 2.2 2.9 3.6 4.5 5.6 0 0 0.0419694 0.222228 0.157512 0.301434 0.062598 0.125031 0.0692841 0.0212055 0.00613333 1.60205e-13 0 0 0.0712299 0.204052 0.159463 0.271176 0.106029 0.121712 0.10996 0.0771429 0.0742973 0.0217492 0 0
459.838 1.93209 259.814 168.678 1.00854 0.971108 0.2 0.6 1 1.5 1.9 2.4 3.1 3.9 4.6 4.4 0 0 0.0554164 0.20893 0.230756 0.239665 0.0884248 0.11615 0.0508971 0.0151401 0.00316154 4.60743e-15 0 0 0.103438 0.145872 0.251618 0.214321 0.0801733 0.118147 0.0365601 0.0209783 3.47827e-12 1.21014e-14 0 0
469.895 1.97435 265.418 174.281 1.00766 1.14108 0.1 0.6 1 1.4 1.9 2.5 3.1 3.7 4.5 5.4 0 0 0.0404358 0.243655 0.174369 0.237383 0.150625 0.100122 0.0383695 0.0179266 0.00477483 7.21645e-15 0 0 0.0749276 0.214311 0.160824 0.254458 0.124486 0.144757 0.034458 0.0672664 0.0439581 0.0216343 0 0
477.399 2.00588 269.522 178.385 1.00729 1.05045 0.2 0.7 1.3 1.8 2.2 2.6 3.3 4 5.1 5.5 0 0 0.0647018 0.310266 0.288006 0.150076 0.0623769 0.0834014 0.0371339 0.0113302 1.60999e-11 9.83991e-13 0 0 0.106179 0.253187 0.321234 0.0850508 0.10831 0.0777518 0.0359764 0.0438193 0.0153758 0.00356973 0 0
468.116 1.96687 264.435 173.299 1.00817 1.05669 0.1 0.6 1.1 1.6 2 2.5 3.2 4.2 4.6 6 0 0 0.039788 0.253695 0.258925 0.215655 0.0764659 0.104676 0.0459256 0.0130435 4.30152e-10 2.41323e-11 0 0 0.0690639 0.232292 0.253055 0.17189 0.128158 0.0689139 0.0698907 0.00913602 0.0291448 0.0251476 0 0
450.21 1.89164 254.334 163.197 1.00806 1.16443 0.2 0.6 1 1.5 2.1 2.7 3.2 3.9 4.6 5.8 0 0 0.0553171 0.210556 0.224393 0.26047 0.137124 0.0713998 0.0303154 0.0148081 0.00367455 1.92217e-11 0 0 0.0916526 0.184518 0.218435 0.243157 0.172387 0.0560984 0.0799496 0.0310997 0.0560343 0.0310962 0 0
479.736 2.0157 270.786 179.65 1.00783 1.12718 0.3 0.7 1 1.5 2 2.5 3.3 4.1 4.3 5.2 0 0 0.101001 0.196251 0.190286 0.258339 0.102462 0.103291 0.0466233 0.00349387 0.00608654 3.44169e-15 0 0 0.165809 0.0699062 0.28111 0.210924 0.112952 0.131263 0.0576898 0.0602279 0.0028613 0.0344398 0 0
446.979 1.87806 252.469 161.332 1.008 0.994638 0.1 0.6 1.1 1.5 2 2.6 3.3 3.9 4.1 5.4 0 0 0.0388019 0.258442 0.235489 0.192186 0.143479 0.0899481 0.0376719 4.35146e-10 0.0119867 1.10451e-12 0 0 0.0750735 0.21805 0.242374 0.176944 0.13074 0.103541 0.019465 0.0284506 1.09357e-14 1.26446e-09 0 0
468.264 1.9675 264.518 173.381 1.00796 1.16039 0.1 0.6 1.1 1.6 2.1 2.6 3.3 4.4 4.5 5.7 0 0 0.0395396 0.254387 0.257883 0.221358 0.0977168 0.0858122 0.0411006 0.0101673 1.77848e-10 6.27243e-12 0 0 0.0710409 0.2273 0.263436 0.18393 0.152207 0.0633176 0.0988796 0.0320699 0.0399036 0.0283084 0 0
455.878 1.91545 257.575 166.438 1.00798 1.16002 0.2 0.6 1 1.4 1.8 2.4 3.1 3.9 4.7 5.5 0 0 0.0540573 0.216075 0.204443 0.196859 0.149595 0.11779 0.0495746 0.0172197 0.0023625 2.90878e-14 0 0 0.099708 0.167236 0.204774 0.21749 0.117244 0.163144 0.0664094 0.071951 0.029355 0.0227056 0 0
469.895 1.97435 265.418 174.281 1.00766 1.14108 0.1 0.6 1 1.4 1.9 2.5 3.1 3.7 4.5 5.4 0 0 0.0404358 0.243655 0.174369 0.237383 0.150625 0.100122 0.0383695 0.0179266 0.00477482 7.32747e-15 0 0 0.0749276 0.214311 0.160824 0.254458 0.124486 0.144757 0.034458 0.0672664 0.0439581 0.0216343 0 0
454.309 1.90886 256.681 165.545 1.0078 0.996044 0.2 0.6 0.9 1.4 1.9 2.4 3.1 3.9 4.5 4.7 0 0 0.0568325 0.187911 0.187948 0.276291 0.12137 0.107279 0.0529316 0.016851 0.000382232 9.6913e-10 0 0 0.0968137 0.139959 0.211647 0.22296 0.155919 0.0791997 0.0607638 0.010406 0.0183752 1.27526e-09 0 0
467.127 1.96272 263.888 172.751 1.0085 1.00432 0.2 0.7 1.3 1.8 1.9 2.4 3.1 3.9 4.6 5.2 0 0 0.0646128 0.310764 0.285132 0.161678 1.28397e-12 0.116809 0.0500685 0.0163302 0.00310736 1.33948e-13 0 0 0.106577 0.252629 0.320772 0.0298062 0.0951747 0.12528 0.0449291 0.0291495 4.21219e-13 1.2591e-09 0 0
466.53 1.96021 263.557 172.42 1.0082 1.10179 0.1 0.6 1.1 1.6 2.1 2.5 3.1 3.7 4.5 5.6 0 0 0.0391093 0.254996 0.25807 0.221044 0.0904893 0.0769002 0.0469621 0.013684 0.00694901 8.34181e-11 0 0 0.07214 0.222473 0.269604 0.184835 0.125974 0.076778 0.0580269 0.0443133 0.0352335 0.0124145 0 0
676.812 2.84375 359.923 268.786 1.00887 1.07727 0.3 0.8 1.2 1.6 2.1 2.6 3.3 4.2 4.5 5.8 0 0 0.11215 0.301542 0.130418 0.235891 0.0860896 0.0933987 0.0356598 0.000878076 0.0128394 2.4758e-14 0 0 0.152916 0.240367 0.167987 0.184498 0.124692 0.0800836 0.0646416 0.0420604 1.61581e-09 0.020026 0 0
817.572 3.43518 408.86 317.723 1.01115 1.18099 0.3 0.8 1.1 1.7 2.2 2.7 3.3 4.2 4.6 5.6 0 0 0.130874 0.156987 0.325826 0.140953 0.176462 0.00531772 0.0638757 2.1072e-13 0.0108567 1.64666e-10 0 0 0.158104 0.202897 0.199441 0.256252 0.0914384 0.0844155 0.0835728 0.0486955 0.0286522 0.0275257 0 0
457.582 1.92261 258.541 167.404 1.00719 1.08703 0.0001 0.6 0.9 1.3 1.5 2.2 2.9 3.8 3.9 5.2 0 0 0.0385089 0.227708 0.155545 0.108049 0.228588 0.158143 0.064849 0.025803 1.6761e-12 4.75181e-11 0 0 0.0682306 0.221972 0.0940071 0.230975 0.122632 0.182065 0.081917 4.52012e-09 0.0638627 0.0213726 0 0
470.877 1.97848 265.959 174.822 1.00807 1.03087 0.1 0.6 1.1 1.6 2.1 2.6 3.2 4 4.4 6 0 0 0.0391951 0.254321 0.259694 0.217318 0.104156 0.0775004 0.04082 0.0135819 0.001482 5.01188e-12 0 0 0.0716884 0.224181 0.263948 0.179834 0.141405 0.0503664 0.0592134 4.93716e-12 0.0257104 0.0145264 0 0
452.924 1.90304 255.891 164.754 1.0082 1.08721 0.0001 0.6 1.1 1.6 2.1 2.4 3 3.7 4.5 6 0 0 0.0359648 0.260393 0.252031 0.232142 0.0603053 0.0911521 0.0503835 0.0209023 0.00493053 4.86278e-14 0 0 0.0629533 0.244249 0.243729 0.198083 0.137457 0.0298344 0.0899713 0.0299447 0.0341083 0.0168765 0 0
477.399 2.00588 269.522 178.385 1.00729 1.0499 0.2 0.7 1.3 1.8 2.2 2.6 3.3 4 5.1 5.5 0 0 0.0647012 0.310268 0.288008 0.150073 0.062383 0.083394 0.0371476 0.0113176 1.33447e-10 2.81335e-11 0 0 0.106175 0.253173 0.321198 0.0850065 0.108288 0.0776382 0.0358717 0.0436804 0.0152986 0.00357317 0 0
636.842 2.67581 344.157 253.02 1.01289 1.06631 0.1 0.4 1 1.5 1.8 2.3 3.2 3.7 4.4 5.2 0 0 0.0568771 0.122743 0.316738 0.2212 0.114743 0.081452 0.0875204 0.000303506 1.30551e-12 0.0113176 0 0 0.0312254 0.176204 0.337375 0.0926046 0.175785 0.114372 0.105622 3.22845e-11 0.033121 6.74764e-11 0 0
452.572 1.90156 255.69 164.553 1.00883 1.03241 0.2 0.5 0.9 1.4 1.7 2.3 3 3.8 4.6 5.9 0 0 0.043399 0.147809 0.267258 0.196927 0.138546 0.132906 0.057375 0.0201522 0.00445448 2.60902e-15 0 0 0.092837 0.108753 0.24398 0.237377 0.0863244 0.160565 0.0584163 0.0383161 0.00583682 1.99776e-11 0 0
749.889 3.15079 386.479 295.342 1.00996 1.59364 0.2 0.6 1.1 1.6 2 2.6 3.1 4 4.8 5.5 0 0 0.0936312 0.126063 0.384236 0.153998 0.0746728 0.144647 4.27824e-13 0.0327128 4.16334e-15 5.68395e-10 0 0 0.0952221 0.189569 0.306062 0.183497 0.137595 0.182082 0.108903 0.213755 0.0778843 0.0990653 0 0
446.704 1.87691 252.309 161.173 1.00672 1.11797 0.0001 0.5 0.7 1.3 1.7 2.2 2.9 3.7 4 5.1 0 0 0.0375762 0.0615177 0.26968 0.291493 0.112523 0.140378 0.0688348 0.0217143 0.00300376 2.25458e-07 0 0 0.0672331 0.0716664 0.219224 0.325284 0.0644773 0.174055 0.0886454 0.0190108 0.059135 0.0292352 0 0
448.082 1.8827 253.107 161.97 1.00758 1.18423 0.2 0.7 1.2 1.4 2.1 2.8 3.6 4.3 5.2 6.2 0 0 0.0639278 0.31515 0.0606249 0.28981 0.170116 0.0743483 0.0281747 0.00542714 4.07576e-10 6.48649e-11 0 0 0.108501 0.249249 0.142374 0.224814 0.192616 0.105533 0.060613 0.0425824 0.0356434 0.0223058 0 0
468.116 1.96687 264.435 173.299 1.00817 1.05669 0.1 0.6 1.1 1.6 2 2.5 3.2 4.2 4.6 6 0 0 0.039788 0.253695 0.258925 0.215655 0.0764659 0.104676 0.0459256 0.0130435 4.3035e-10 2.34129e-11 0 0 0.0690639 0.232292 0.253055 0.17189 0.128158 0.068914 0.0698905 0.00913573 0.0291449 0.0251478 0 0
453.198 1.90419 256.047 164.911 1.00879 1.05572 -0.0999 0.6 0.9 1.4 1.8 2.2 2.9 3.8 4.7 4.8 0 0 0.0421813 0.220249 0.161831 0.290533 0.0581072 0.138892 0.0692617 0.0240194 0.00371395 2.23305e-09 0 0 0.0759162 0.199542 0.135334 0.329526 3.57926e-10 0.180964 0.0779748 0.0485777 0.00137342 0.00650868 0 0
467.127 1.96272 263.888 172.751 1.0085 1.00432 0.2 0.7 1.3 1.8 1.9 2.4 3.1 3.9 4.6 5.2 0 0 0.0646128 0.310764 0.285132 0.161678 1.1845e-12 0.116809 0.0500685 0.0163302 0.00310736 2.75557e-13 0 0 0.106577 0.252629 0.320772 0.029806 0.0951749 0.12528 0.044929 0.0291495 7.00273e-13 1.25299e-09 0 0
454.191 1.90837 256.614 165.478 1.00831 1.06457 0.1 0.5 1 1.6 2 2.5 3.3 4.3 4.4 6 0 0 0.0263919 0.194199 0.309957 0.2473 0.0620537 0.113484 0.0443653 0.0105608 6.93751e-10 2.15938e-14 0 0 0.0558323 0.181345 0.291183 0.226254 0.0895258 0.102927 0.0709872 4.51306e-14 0.0348507 0.0116618 0 0
884.08 3.71462 429.116 337.979 1.01099 1.18355 0.2 0.6 1.1 1.6 2.2 2.5 3.3 3.9 4.9 5.6 0 0 0.0750773 0.162585 0.378093 0.114574 0.208439 4.14668e-14 0.0636483 1.85962e-14 0.00857156 3.15401e-11 0 0 0.0991666 0.182108 0.281614 0.227794 0.0588942 0.15077 0.046829 0.0803451 0.0439359 0.0120886 0 0
454.372 1.90913 256.718 165.581 1.0076 1.30517 0.2 0.5 0.9 1.5 2.1 2.4 3.1 3.9 4.7 5.8 0 0 0.0453218 0.140838 0.284008 0.292579 0.0858349 0.0851756 0.055883 0.0147786 0.00317834 1.06165e-10 0 0 0.0850225 0.119276 0.27395 0.285169 0.138462 0.0808645 0.128994 0.0761308 0.0767486 0.040552 0 0
526.096 2.21049 294.678 203.542 1.01239 1.08073 0.0001 0.5 1 1.4 1.9 2.4 3.1 3.5 4.1 5.1 0 0 0.0666204 0.141355 0.239484 0.254943 0.167366 0.0370241 0.0799358 0.0164714 4.88498e-15 0.00919431 0 0 0.0490273 0.19684 0.253726 0.164112 0.193283 0.0789011 0.0944285 2.06932e-08 0.0333083 0.0170997 0 0
518.895 2.18023 291.109 199.972 1.01384 1.03065 0.1 0.6 1.1 1.5 2 2.4 3.1 3.6 4 5.2 0 0 0.0832526 0.169225 0.26046 0.233482 0.134566 0.0228135 0.0858735 0.0128606 5.53946e-12 0.0113115 0 0 0.0667908 0.2455 0.21426 0.191591 0.142532 0.0739047 0.0822712 8.75189e-13 0.0134345 0.000364024 0 0
564.22 2.37067 312.798 221.662 1.01006 1.34768 0.2 0.6 1.1 1.7 2.1 2.6 3.3 3.9 4.9 5.7 0 0 0.111962 0.11255 0.348975 0.263312 0.0342894 0.0606369 0.0740518 0 0.00428589 4.86888e-13 0 0 0.0991745 0.18063 0.306207 0.247757 0.0387424 0.178693 0.0617413 0.114082 0.0904095 0.0302454 0 0
535.753 2.25106 299.389 208.253 1.01305 1.03261 0.2 0.5 1 1.5 1.9 2.3 3.1 3.5 4.2 5.2 0 0 0.106025 0.079726 0.303942 0.250734 0.108014 0.0587501 0.0782806 0.0180471 2.58732e-12 0.00952861 0 0 0.0788824 0.148857 0.299181 0.154461 0.147379 0.0856002 0.0901694 2.49245e-14 0.0211372 0.00694031 0 0
556.436 2.33797 309.2 218.063 1.01218 1.00405 0.2 0.7 1.2 1.7 2.1 2.8 3.2 4.1 4.7 5.2 0 0 0.116112 0.171175 0.328559 0.188178 0.0908151 0.0338565 0.0733318 4.07518e-12 2.08433e-12 0.0101524 0 0 0.101488 0.254446 0.234595 0.156983 0.126075 0.0468358 0.0549601 0.0169474 0.0117232 3.336e-08 0 0
527.508 2.21642 295.373 204.236 1.01315 1.06507 0.2 0.6 1.1 1.6 1.9 2.4 3.2 4 4.6 5.2 0 0 0.110737 0.118349 0.330174 0.196417 0.101068 0.0579106 0.0871034 3.82427e-12 7.66348e-12 0.0113864 0 0 0.0892287 0.203353 0.271508 0.151938 0.118513 0.106696 0.0878799 0.0147488 0.0208442 0.000364899 0 0
570.154 2.39561 315.508 224.371 1.01177 1.12149 0.1 0.6 1.1 1.5 2.1 2.4 3.1 3.9 5.1 5.2 0 0 0.0830081 0.171948 0.251175 0.256413 0.141387 7.43849e-15 0.0954784 0.0027152 0.00964161 1.31704e-09 0 0 0.0734515 0.229447 0.214979 0.23583 0.0843435 0.117851 0.0657233 0.060148 0.0397156 1.87333e-08 0 0
451.826 1.89843 255.262 164.125 1.0084 1.01594 0.2 0.6 1 1.5 1.9 2.4 3.1 3.9 4.3 4.7 0 0 0.0551595 0.209548 0.229573 0.241733 0.0865125 0.116597 0.0500497 0.0169705 1.98157e-08 0.00225405 0 0 0.0947321 0.166359 0.249683 0.178668 0.140512 0.0898295 0.0668852 0.0118319 0.0174374 8.30421e-11 0 0
448.394 1.88401 253.287 162.15 1.00683 1.23718 0.1 0.6 1 1.4 1.9 2.4 3 3.9 4.9 5.9 0 0 0.0401181 0.245483 0.169823 0.244468 0.137328 0.0924149 0.0570281 0.0199904 0.000171757 2.07334e-13 0 0 0.0733055 0.224935 0.142751 0.279734 0.104815 0.14176 0.0848044 0.099556 0.0595731 0.0259404 0 0
445.262 1.87085 251.472 160.335 1.00724 1.12529 0.1 0.6 1 1.4 1.7 2.2 2.9 3.7 3.9 5 0 0 0.0401406 0.24433 0.17479 0.220684 0.0923365 0.140094 0.0687533 0.0238807 0.000494049 0.00173657 0 0 0.0756123 0.212452 0.160447 0.267099 0.0321971 0.179921 0.0936859 1.0368e-08 0.0765433 0.0273329 0 0
470.631 1.97744 265.824 174.687 1.00851 0.977591 0.1 0.6 1.1 1.6 2.1 2.5 3.1 3.8 4.4 4.5 0 0 0.0390557 0.255076 0.258058 0.220711 0.0918548 0.0753257 0.049319 0.0137084 0.00540541 1.3803e-09 0 0 0.0719607 0.221065 0.266024 0.180375 0.115353 0.0650521 0.0373102 0.0174986 0.0029531 5.11845e-10 0 0
483.584 2.03187 272.855 181.719 1.00642 1.36268 0.0001 0.6 1 1.4 1.8 2.3 2.9 3.8 4.5 5.3 0 0 0.0367986 0.251679 0.16643 0.236291 0.11253 0.116537 0.06023 0.0240832 0.00183789 9.40914e-14 0 0 0.0694674 0.222791 0.165612 0.257396 0.0906653 0.169582 0.124858 0.134534 0.0679391 0.0598322 0 0
442.003 1.85716 249.569 158.433 1.00797 1.06156 -0.0999 0.6 1.1 1.6 1.8 2.3 3 3.7 4.5 4.6 0 0 0.0392974 0.254792 0.256581 0.221637 0.0215135 0.133939 0.0560361 0.0197491 0.00442632 1.4651e-10 0 0 0.068531 0.23441 0.253347 0.14414 0.103176 0.115636 0.0768518 0.0353481 0.0301243 1.38778e-13 0 0
450.984 1.89489 254.779 163.642 1.00731 1.10432 0.2 0.7 1.2 1.4 1.8 2.3 3 3.9 4 5.2 0 0 0.064584 0.310767 0.100053 0.220364 0.103035 0.128593 0.0594697 0.020442 1.60413e-10 1.15179e-11 0 0 0.107541 0.245485 0.170335 0.168648 0.0872045 0.156524 0.0737941 0.0203418 0.0478234 0.0266243 0 0
460.152 1.93341 259.991 168.855 1.008 1.18128 0.2 0.7 1.2 1.4 1.9 2.4 3.1 3.9 4.7 5.5 0 0 0.0643934 0.311333 0.0927634 0.237773 0.12307 0.107782 0.0516383 0.016333 0.00291294 1.19738e-13 0 0 0.107637 0.250169 0.151379 0.200324 0.113922 0.151103 0.0787928 0.0746538 0.0339529 0.0193415 0 0
516.331 2.16946 289.826 198.689 1.01319 1.0187 0.0001 0.6 1.2 1.7 2 2.4 3.1 3.5 4.4 5.2 0 0 0.0743579 0.195336 0.354841 0.162188 0.0844458 0.0361627 0.0793755 0.0166517 6.55032e-15 0.0098334 0 0 0.0597028 0.265179 0.289993 0.126219 0.105532 0.0730713 0.0691167 0.00989791 0.0140137 0.0059787 0 0
454.599 1.91008 256.847 165.71 1.0085 1.04976 0.2 0.6 0.9 1.4 1.9 2.3 2.9 3.8 4.6 5.4 0 0 0.0568282 0.188576 0.186239 0.27979 0.106296 0.0989323 0.0639352 0.0248556 0.00304894 1.99285e-14 0 0 0.102285 0.139562 0.184929 0.293934 0.0639233 0.138686 0.0652017 0.048597 0.00601939 0.00662443 0 0
453.224 1.9043 256.062 164.926 1.00798 1.0137 0.2 0.6 1 1.5 1.9 2.4 3.1 4 4.4 6 0 0 0.0552331 0.209586 0.229306 0.242343 0.0860122 0.116745 0.0512941 0.0174625 8.62865e-13 2.65841e-11 0 0 0.094597 0.167101 0.247765 0.179661 0.139922 0.0857324 0.0635143 0.00727984 0.0131602 0.014968 0 0
442.737 1.86024 249.999 158.862 1.00804 1.0179 0.2 0.6 1 1.5 1.8 2.3 3 3.7 4.4 4.6 0 0 0.0549401 0.210321 0.228268 0.23984 0.0611617 0.133526 0.0558156 0.0197684 0.00439817 2.34006e-08 0 0 0.0941534 0.168694 0.247393 0.163649 0.126201 0.110079 0.06778 0.0214267 0.018523 3.32236e-10 0 0
468.367 1.96793 264.574 173.438 1.008 1.08736 0.1 0.6 1.1 1.6 2 2.5 3.2 4.2 4.7 6 0 0 0.0398013 0.253609 0.259208 0.215002 0.0774509 0.104012 0.0459168 0.0130006 5.65546e-09 2.75846e-12 0 0 0.0695031 0.23102 0.256741 0.168002 0.13489 0.0699095 0.0801981 0.024405 0.0275393 0.0251484 0 0
446.102 1.87438 251.96 160.824 1.00738 1.18053 0.2 0.6 0.9 1.4 1.8 2.3 3 3.7 4.5 5.5 0 0 0.0572176 0.185451 0.19288 0.263718 0.0998529 0.127935 0.0573846 0.0188439 0.00409937 1.41307e-09 0 0 0.0965765 0.142407 0.216192 0.21393 0.143332 0.128353 0.094272 0.0603644 0.0620743 0.0230241 0 0
442.178 1.85789 249.671 158.535 1.00783 1.09325 0.2 0.6 0.9 1.4 1.7 2.2 2.9 3.6 4.5 4.4 0 0 0.0570759 0.185875 0.19261 0.257054 0.0769938 0.143599 0.0660256 0.0228725 0.00572512 7.46491e-09 0 0 0.0967652 0.141993 0.215297 0.197239 0.122022 0.142165 0.0850877 0.0528193 0.0398655 1.01303e-07 0 0
477.399 2.00588 269.522 178.385 1.00729 1.05016 0.2 0.7 1.3 1.8 2.2 2.6 3.3 4 5.1 5.5 0 0 0.0647014 0.310267 0.288007 0.150072 0.0623826 0.0833981 0.0371398 0.0113234 2.11497e-13 1.55431e-15 0 0 0.106177 0.253182 0.321216 0.0850318 0.108304 0.0776855 0.0359282 0.043736 0.0153297 0.00356713 0 0
478.801 2.01177 270.281 179.144 1.00786 1.08742 0.0001 0.6 1.1 1.6 2.1 2.5 3.1 3.8 4.5 4.7 0 0 0.0360225 0.260092 0.253221 0.228307 0.0816457 0.084063 0.0440984 0.017576 8.6116e-09 0.00283445 0 0 0.0634643 0.24184 0.246989 0.191943 0.145827 0.0367841 0.0911761 0.0272292 0.042172 5.36252e-09 0 0
466.53 1.96021 263.557 172.42 1.0082 1.10179 0.1 0.6 1.1 1.6 2.1 2.5 3.1 3.7 4.5 5.6 0 0 0.0391093 0.254996 0.25807 0.221044 0.0904893 0.0769002 0.0469621 0.013684 0.00694901 8.34181e-11 0 0 0.07214 0.222473 0.269604 0.184835 0.125974 0.076778 0.0580269 0.0443133 0.0352335 0.0124145 0 0
493.747 2.07457 278.242 187.106 1.00753 1.19412 0.0001 0.6 1.1 1.6 2.1 2.6 3.1 3.8 4.5 5.6 0 0 0.0362683 0.259058 0.256111 0.221538 0.0984559 0.0821753 0.0298686 0.0215405 0.00251783 2.16216e-13 0 0 0.063197 0.24249 0.253735 0.189617 0.161012 0.0475769 0.095581 0.0462068 0.0624373 0.0322707 0 0
464.644 1.95229 262.507 171.371 1.00748 1.12653 0.1 0.6 1.1 1.6 2 2.5 3.2 4 4.5 5.7 0 0 0.0396348 0.253607 0.260116 0.213505 0.0779881 0.105764 0.0418709 0.0149913 2.96352e-08 1.28764e-12 0 0 0.0695499 0.230317 0.261957 0.163788 0.141134 0.0778343 0.090148 0.0213128 0.0469887 0.0235037 0 0
471.212 1.97988 266.143 175.006 1.00803 1.05869 0.2 0.7 1.3 1.8 2.1 2.5 3.2 4 4.6 5.1 0 0 0.0647454 0.310349 0.28683 0.151311 0.0345666 0.101873 0.043138 0.0130449 0.00217147 1.05733e-10 0 0 0.106728 0.252931 0.322302 0.0797605 0.0850196 0.104291 0.04985 0.0448789 1.23282e-09 0.0129289 0 0
804.367 3.37969 404.643 313.506 1.01135 1.09915 0.3 0.9 1.3 1.5 2.1 2.5 3.3 3.9 4.6 5 0 0 0.132679 0.326306 0.181017 0.0600921 0.210868 0.0256271 0.0643187 4.13003e-14 0.0104413 7.87981e-13 0 0 0.172525 0.288358 0.0595263 0.233649 0.0901911 0.136043 0.0412941 0.05499 8.59757e-13 0.0225792 0 0
474.261 1.99269 267.813 176.677 1.00624 1.5684 0.2 0.6 1 1.5 2 2.5 3.2 4 4.7 5.7 0 0 0.0553999 0.209163 0.228559 0.250546 0.106188 0.0977418 0.0439998 0.0124147 0.00222528 1.72195e-11 0 0 0.0926597 0.185986 0.230527 0.246087 0.164486 0.140265 0.175709 0.131061 0.124534 0.0770826 0 0
452.432 1.90097 255.609 164.473 1.00755 1.00953 0.2 0.6 1 1.5 1.9 2.4 3.1 3.9 4.3 4.7 0 0 0.0551456 0.209563 0.229646 0.241976 0.0865645 0.116976 0.0498352 0.0178412 5.37698e-07 5.54538e-09 0 0 0.0946741 0.166424 0.249083 0.178407 0.139903 0.0886238 0.0650039 0.0103609 0.0170522 5.03198e-09 0 0
464.644 1.95229 262.507 171.371 1.00748 1.12653 0.1 0.6 1.1 1.6 2 2.5 3.2 4 4.5 5.7 0 0 0.0396348 0.253607 0.260116 0.213505 0.0779881 0.105764 0.0418709 0.0149913 2.96912e-08 1.28225e-12 0 0 0.0695499 0.230317 0.261957 0.163788 0.141134 0.0778343 0.090148 0.0213128 0.0469887 0.0235037 0 0
451.191 1.89576 254.898 163.761 1.00909 0.968938 -0.0999 0.6 1 1.4 1.8 2.2 2.8 3.6 4.6 5.8 0 0 0.0401416 0.244711 0.171969 0.237414 0.0931417 0.1154 0.0703299 0.0309908 0.00498919 2.26624e-12 0 0 0.0739632 0.218739 0.1422 0.281581 0.0226998 0.153942 0.0519651 0.0187052 3.55549e-13 0.00514212 0 0
458.508 1.9265 259.064 167.928 1.0081 1.1353 0.2 0.6 1 1.5 1.8 2.3 3 3.9 4.7 5.4 0 0 0.0551308 0.210041 0.228473 0.239258 0.0612806 0.132854 0.0585226 0.0203922 0.00214733 3.1608e-12 0 0 0.100679 0.160333 0.231557 0.268959 0.00887148 0.181318 0.0754247 0.0717976 0.0151251 0.0212316 0 0
448.394 1.88401 253.287 162.15 1.00683 1.23718 0.1 0.6 1 1.4 1.9 2.4 3 3.9 4.9 5.9 0 0 0.0401181 0.245483 0.169823 0.244468 0.137328 0.0924149 0.0570281 0.0199904 0.00017176 1.62148e-13 0 0 0.0733055 0.224935 0.142751 0.279734 0.104815 0.14176 0.0848044 0.0995561 0.0595732 0.0259404 0 0
452.875 1.90284 255.863 164.726 1.00776 1.23157 0.2 0.6 1 1.5 2 2.4 3.1 3.9 4.7 5.8 0 0 0.0548918 0.210997 0.22528 0.256252 0.0887666 0.0990223 0.0543171 0.0156093 0.00262418 5.98804e-12 0 0 0.0924986 0.182767 0.224348 0.23776 0.12953 0.0997057 0.107955 0.0606939 0.0616356 0.0346759 0 0
446.372 1.87551 252.116 160.98 1.00808 1.1062 0.2 0.6 1.1 1.6 1.8 2.4 3.1 3.9 4.7 5.5 0 0 0.0520913 0.231994 0.281185 0.153053 0.100681 0.12041 0.048968 0.0174623 0.00223526 2.77556e-16 0 0 0.0977293 0.181746 0.286532 0.17842 0.0527477 0.160845 0.0542317 0.0585816 0.0176552 0.017715 0 0
448.017 1.88242 253.069 161.933 1.00728 1.12145 0.2 0.7 1.1 1.4 1.9 2.3 3 3.9 4 5.2 0 0 0.0646291 0.308792 0.0561644 0.289687 0.0891372 0.117053 0.0617907 0.0200228 2.37737e-09 2.80433e-11 0 0 0.107899 0.240287 0.106643 0.264995 0.0648428 0.156397 0.0774229 0.0190451 0.0543527 0.0295664 0 0
455.263 1.91287 257.225 166.088 1.00822 1.00762 0.2 0.6 1 1.5 1.9 2.4 3.1 4 4.3 4.7 0 0 0.055227 0.209575 0.229461 0.241681 0.0869624 0.115884 0.0518716 0.0165061 7.6349e-10 0.00104727 0 0 0.09466 0.165862 0.250376 0.177908 0.138835 0.0899473 0.0639254 0.0152396 0.010863 1.69199e-09 0 0
