Chi2   rChi2   BIC   AIC    Qichtot    Qimtot  R[0]  R[1]  R[2]  R[3]  R[4]  R[5]  R[6]  R[7]  R[8]  R[9]  R[10]  R[11]  Q0ch    Q1ch    Q2ch    Q3ch    Q4ch    Q5ch    Q6ch    Q7ch    Q8ch    Q9ch    Q10ch    Q11ch    Q0m    Q1m    Q2m    Q3m    Q4m    Q5m    Q6m    Q7m    Q8m    Q9m    Q10m    Q11m
322.04 1.35311 167.559 76.4222 1.00509 1.529 0.1 0.6 0.7 1.3 1.4 2 2.7 3.4 4.3 5.2 0 0 0.0443138 0.103773 0.218125 0.243399 0.0956142 0.170767 0.0848321 0.0289105 0.0110095 0.00434998 0 0 0.0776725 0.103368 0.218712 0.295431 0.0749712 0.303098 0.201735 0.173834 0.0801806 9.7714e-09 0 0
427.9 1.7979 241.171 150.034 1.00764 1.14353 0.1 0.6 0.7 1.3 1.4 2 2.7 3.4 4.3 5.2 0 0 0.0444785 0.104985 0.218583 0.241887 0.0981303 0.173222 0.0873217 0.0289358 0.000194021 0.00990121 0 0 0.0727708 0.0851105 0.213883 0.242453 0.0666465 0.199809 0.107352 0.084663 0.060546 0.0102933 0 0
412.403 1.73279 231.616 140.48 1.00894 1.10104 0.1 0.6 0.7 1.3 1.4 2 2.7 3.4 4.3 5.2 0 0 0.0439466 0.104238 0.216976 0.245039 0.0978172 0.176395 0.077833 0.0301203 0.0165784 1.34894e-10 0 0 0.073242 0.0797195 0.225329 0.231828 0.0816322 0.197911 0.112911 0.0595677 0.038902 6.31029e-12 0 0
355.848 1.49516 193.414 102.278 1.01247 1.16392 0.1 0.6 0.7 1.3 1.4 2 2.7 3.4 4.3 5.2 0 0 0.0449232 0.108093 0.215783 0.237797 0.0927882 0.172054 0.0877158 0.0335249 0.0113882 0.00840206 0 0 0.0770205 0.0899375 0.199867 0.312099 1.41537e-08 0.226966 0.0851921 0.0908883 0.0439942 0.0379516 0 0
417.594 1.7546 234.856 143.72 1.00987 1.14014 0.1 0.6 0.7 1.3 1.4 2 2.7 3.4 4.3 5.2 0 0 0.0444433 0.10204 0.22014 0.240479 0.101425 0.173225 0.0840166 0.0372755 0.00181455 0.00500904 0 0 0.073118 0.0832202 0.219963 0.24609 0.065101 0.206448 0.110031 0.0701306 0.0485587 0.0174777 0 0
388.615 1.63284 216.229 125.092 1.01361 1.06048 0.1 0.6 0.7 1.3 1.4 2 2.7 3.4 4.3 5.2 0 0 0.0440981 0.116587 0.201345 0.26699 0.0728468 0.177708 0.084806 0.0300819 0.019142 2.76694e-11 0 0 0.0729928 0.0773096 0.226474 0.216867 0.0926553 0.188765 0.0985268 0.0534536 0.0334363 5.41754e-09 0 0
380.481 1.59866 210.75 119.613 1.01016 1.20183 0.1 0.6 0.7 1.3 1.4 2 2.7 3.4 4.3 5.2 0 0 0.0446709 0.113173 0.208074 0.253826 0.0804004 0.176845 0.0885128 0.0251554 0.0195054 2.85143e-08 0 0 0.0744493 0.0894505 0.204201 0.312893 1.58258e-06 0.216502 0.101409 0.0956007 0.0708349 0.0364911 0 0
415.654 1.74645 233.65 142.514 1.00875 1.08168 0.1 0.6 0.7 1.3 1.4 2 2.7 3.4 4.3 5.2 0 0 0.0443667 0.11 0.212875 0.252008 0.0829935 0.175438 0.0906327 0.028643 0.0117904 4.32147e-09 0 0 0.076416 0.0835298 0.204995 0.307009 1.1127e-10 0.212064 0.0737648 0.0782246 0.0287138 0.0169619 0 0
331.581 1.3932 175.121 83.9846 1.01298 1.0274 0.1 0.6 0.7 1.3 1.4 2 2.7 3.4 4.3 5.2 0 0 0.0442802 0.112812 0.206742 0.256034 0.0801491 0.179707 0.0792796 0.032544 0.0113584 0.0100755 0 0 0.0788894 0.086947 0.19242 0.328712 1.26564e-10 0.180251 0.0998469 0.0298728 0.0304647 3.93412e-09 0 0
343.528 1.44339 184.288 93.1517 1.01094 1.0168 0.1 0.6 0.7 1.3 1.4 2 2.7 3.4 4.3 5.2 0 0 0.0447726 0.109751 0.211653 0.261289 0.0781748 0.180928 0.0782227 0.0316675 0.0128874 0.00159022 0 0 0.0790544 0.0801778 0.196068 0.322597 8.86543e-11 0.176667 0.0956304 0.0351939 0.0239922 0.0074172 0 0
341.873 1.43644 183.038 91.901 1.01042 1.0406 0.1 0.6 0.7 1.3 1.4 2 2.7 3.4 4.3 5.2 0 0 0.0438725 0.112474 0.207272 0.25712 0.0804123 0.178362 0.0803338 0.034077 0.0164964 4.09685e-11 0 0 0.0800538 0.0823889 0.197445 0.305236 0.0233598 0.186343 0.0988746 0.0466181 0.020286 6.50382e-10 0 0
434.575 1.82594 245.179 154.043 1.01055 0.98105 0.1 0.6 0.7 1.3 1.4 2 2.7 3.4 4.3 5.2 0 0 0.0448353 0.11711 0.202208 0.255732 0.0798058 0.183932 0.0805004 0.0288748 0.0175559 2.64549e-09 0 0 0.0788925 0.0887189 0.188925 0.326889 2.40428e-09 0.170397 0.0854428 0.0213991 0.0203859 1.6407e-10 0 0
319.616 1.34292 165.602 74.4654 1.00852 0.995121 0.1 0.6 0.7 1.3 1.4 2 2.7 3.4 4.3 5.2 0 0 0.0443169 0.109314 0.211498 0.253112 0.0860209 0.1792 0.0783271 0.029543 0.0171845 6.75515e-09 0 0 0.0794764 0.0793369 0.197024 0.322477 2.4906e-08 0.177753 0.0940583 0.0314716 0.0135238 8.12654e-10 0 0
378.864 1.59187 209.647 118.511 1.01126 1.03683 0.1 0.6 0.7 1.3 1.4 2 2.7 3.4 4.3 5.2 0 0 0.0444882 0.101801 0.220208 0.248397 0.0888474 0.175997 0.0806279 0.0365066 0.0143831 1.6371e-09 0 0 0.0790793 0.0800679 0.198305 0.32354 0.00212938 0.181492 0.107075 0.0350189 0.0301215 1.70158e-12 0 0
420.451 1.7666 236.622 145.485 1.01023 0.988792 0.1 0.6 0.7 1.3 1.4 2 2.7 3.4 4.3 5.2 0 0 0.0446717 0.108852 0.213097 0.244936 0.0925364 0.177487 0.0768642 0.0393653 1.343e-08 0.012418 0 0 0.0789701 0.0848379 0.192506 0.321436 1.7388e-10 0.180315 0.0840571 0.0309467 0.0157229 2.61607e-12 0 0
363.127 1.52574 198.659 107.523 1.00949 1.0404 0.1 0.6 0.7 1.3 1.4 2 2.7 3.4 4.3 5.2 0 0 0.0453872 0.112265 0.211229 0.245171 0.0893817 0.178798 0.0772336 0.0302965 0.00568087 0.0140476 0 0 0.079024 0.0807729 0.198676 0.322517 0.00369398 0.1785 0.102536 0.0359353 0.0387505 4.03442e-10 0 0
392.107 1.64751 218.546 127.409 1.0111 1.05122 0.1 0.6 0.7 1.3 1.4 2 2.7 3.4 4.3 5.2 0 0 0.0445484 0.106817 0.215279 0.249439 0.0885927 0.176977 0.0816636 0.0321178 0.0122484 0.00341742 0 0 0.080523 0.0825286 0.198245 0.31477 0.0145345 0.181365 0.0892767 0.0393313 0.0414767 0.00916801 0 0
396.675 1.6667 221.546 130.409 1.0113 1.02589 0.1 0.6 0.7 1.3 1.4 2 2.7 3.4 4.3 5.2 0 0 0.0442296 0.112766 0.207712 0.254604 0.0812912 0.177196 0.0833543 0.0316682 0.0184796 4.31044e-13 0 0 0.0788874 0.0784688 0.200117 0.319742 0.00826161 0.177629 0.10279 0.0355894 0.0244024 5.88111e-11 0 0
418.671 1.75912 235.524 144.387 1.0069 0.977302 0.1 0.6 0.7 1.3 1.4 2 2.7 3.4 4.3 5.2 0 0 0.0447664 0.108035 0.214674 0.252922 0.0848325 0.17951 0.0835498 0.0308586 0.00775303 2.22499e-11 0 0 0.0796886 0.0781035 0.199605 0.299896 0.0204565 0.175922 0.0848729 0.02506 0.013697 6.34493e-10 0 0
358.362 1.50572 195.238 104.101 1.01329 1.07007 0.1 0.6 0.7 1.3 1.4 2 2.7 3.4 4.3 5.2 0 0 0.0442421 0.105967 0.215392 0.248955 0.0894134 0.176803 0.0802636 0.0308985 0.0213571 7.37632e-11 0 0 0.0791151 0.0830098 0.19662 0.328613 3.9365e-11 0.183989 0.113651 0.0435009 0.0415683 5.94414e-10 0 0
319.947 1.34432 165.87 74.7338 1.01109 1.0494 0.1 0.6 0.7 1.3 1.4 2 2.7 3.4 4.3 5.2 0 0 0.0443047 0.105777 0.215895 0.248347 0.0902386 0.176433 0.0809936 0.0351118 0.013987 1.0654e-11 0 0 0.0789145 0.0820343 0.196349 0.324987 2.9076e-09 0.182848 0.106771 0.0438423 0.0336499 2.33021e-10 0 0
375.93 1.57954 207.633 116.497 1.00923 1.09682 0.1 0.6 0.7 1.3 1.4 2 2.7 3.4 4.3 5.2 0 0 0.043836 0.110232 0.21095 0.245746 0.092292 0.174693 0.0803373 0.0363666 0.0147753 1.63847e-08 0 0 0.0783523 0.0856721 0.193736 0.326725 2.08469e-08 0.184917 0.116508 0.0574446 0.0534669 1.44199e-10 0 0
463.895 1.94914 262.09 170.953 1.00956 1.02479 0.1 0.6 0.7 1.3 1.4 2 2.7 3.4 4.3 5.2 0 0 0.0437948 0.109726 0.21126 0.263912 0.0753658 0.174913 0.0858375 0.0348185 0.00992713 6.45423e-12 0 0 0.0789792 0.0764626 0.204879 0.326104 0.00635461 0.175219 0.104643 0.0279503 0.0241997 8.72931e-11 0 0
318.911 1.33996 165.031 73.894 1.00469 1.04476 0.1 0.6 0.7 1.3 1.4 2 2.7 3.4 4.3 5.2 0 0 0.0439246 0.104419 0.217336 0.249245 0.089494 0.176196 0.0803962 0.0241158 0.019567 6.45328e-12 0 0 0.0783886 0.0785911 0.200022 0.329728 3.67584e-09 0.172946 0.115381 0.0349895 0.0309522 0.00375753 0 0
422.445 1.77498 237.847 146.711 1.0083 1.02495 0.1 0.6 0.7 1.3 1.4 2 2.7 3.4 4.3 5.2 0 0 0.0448751 0.116089 0.205408 0.251819 0.0830808 0.181869 0.0826107 0.0214508 0.0208934 0.000200446 0 0 0.0783654 0.0872963 0.193366 0.321396 2.30032e-11 0.188842 0.0890994 0.0427969 0.0237857 3.61098e-09 0 0
422.863 1.77673 238.103 146.967 1.01197 1.01316 0.1 0.6 0.7 1.3 1.4 2 2.7 3.4 4.3 5.2 0 0 0.0448898 0.0964904 0.228009 0.227008 0.107927 0.171419 0.0827547 0.0360804 0.00421094 0.0131797 0 0 0.0785186 0.0735247 0.206908 0.311118 0.0164168 0.172243 0.100934 0.0289835 0.0245121 6.05832e-10 0 0
485.446 2.03969 273.851 182.714 1.00848 0.950409 0.1 0.6 0.7 1.3 1.4 2 2.7 3.4 4.3 5.2 0 0 0.0441093 0.111533 0.209594 0.25776 0.0807001 0.180382 0.08745 0.0316421 0.00531111 1.24566e-11 0 0 0.0788959 0.0874339 0.189056 0.323266 6.12993e-10 0.16463 0.0828945 0.0136348 0.0105981 7.57672e-13 0 0
398.769 1.6755 222.909 131.773 1.00868 1.05995 0.1 0.6 0.7 1.3 1.4 2 2.7 3.4 4.3 5.2 0 0 0.0455976 0.111782 0.207111 0.244757 0.0891124 0.183672 0.070942 0.0451461 0.0105599 1.71533e-10 0 0 0.0797279 0.083409 0.19548 0.327814 2.2507e-05 0.189058 0.106798 0.0455597 0.0320846 5.95877e-08 0 0
362.76 1.5242 198.397 107.261 1.01446 1.06476 0.1 0.6 0.7 1.3 1.4 2 2.7 3.4 4.3 5.2 0 0 0.0442639 0.110756 0.209222 0.260027 0.0761391 0.179553 0.0787657 0.0312545 0.0244788 1.53969e-10 0 0 0.0789685 0.0814356 0.198471 0.325631 0.00278424 0.185287 0.0999388 0.0519211 0.0301162 0.0102039 0 0
385.215 1.61855 213.953 122.816 1.01075 1.01009 0.1 0.6 0.7 1.3 1.4 2 2.7 3.4 4.3 5.2 0 0 0.0451276 0.0940058 0.231061 0.231376 0.105581 0.175604 0.0810417 0.0338545 0.00922164 0.00388067 0 0 0.0788697 0.0788933 0.199813 0.313807 0.00437776 0.183823 0.0946041 0.0362684 0.0196304 3.48732e-09 0 0
428.02 1.7984 241.243 150.106 1.00914 0.998345 0.1 0.6 0.7 1.3 1.4 2 2.7 3.4 4.3 5.2 0 0 0.0447033 0.106142 0.215871 0.244976 0.0899272 0.177689 0.0817413 0.0323766 0.0157149 1.6257e-12 0 0 0.0798773 0.0785278 0.203312 0.308711 0.0155771 0.179271 0.0930239 0.0210095 0.0190359 7.37039e-09 0 0
356.504 1.49792 193.892 102.755 1.00798 0.992748 0.1 0.6 0.7 1.3 1.4 2 2.7 3.4 4.3 5.2 0 0 0.0442105 0.112799 0.207645 0.261229 0.0766295 0.178898 0.0793991 0.0300564 0.0145655 0.00254403 0 0 0.0787014 0.0875668 0.189011 0.323904 2.49557e-10 0.177387 0.0851895 0.0293344 0.0216532 1.4988e-14 0 0
349.487 1.46843 188.743 97.6064 1.0059 1.01327 0.1 0.6 0.7 1.3 1.4 2 2.7 3.4 4.3 5.2 0 0 0.044339 0.115657 0.204595 0.255378 0.0799262 0.177424 0.0831469 0.0304857 0.0149495 6.58917e-14 0 0 0.0787701 0.0862184 0.191436 0.326479 9.64551e-08 0.181352 0.0963215 0.032374 0.0203157 2.88852e-12 0 0
348.701 1.46513 188.16 97.0233 1.00694 1.01251 0.1 0.6 0.7 1.3 1.4 2 2.7 3.4 4.3 5.2 0 0 0.0445363 0.112241 0.208172 0.263945 0.0712839 0.180829 0.0844825 0.0341125 0.00733442 2.09618e-08 0 0 0.0788958 0.0795208 0.199363 0.318173 0.00327601 0.18265 0.0919608 0.0388532 0.0148873 0.00492833 0 0
451.74 1.89807 255.213 164.076 1.017 1.03512 0.1 0.6 0.7 1.3 1.4 2 2.7 3.4 4.3 5.2 0 0 0.0447174 0.109678 0.212429 0.249605 0.0881858 0.17761 0.0795517 0.0326049 0.01007 0.0125426 0 0 0.0791015 0.0802081 0.198263 0.317445 0.0093283 0.177712 0.102615 0.0449575 0.0188871 0.00660135 0 0
387.656 1.62881 215.589 124.452 1.01305 1.01778 0.1 0.6 0.7 1.3 1.4 2 2.7 3.4 4.3 5.2 0 0 0.0446801 0.0987205 0.223715 0.240326 0.09749 0.176746 0.079782 0.033563 0.0115811 0.00644701 0 0 0.0795816 0.0792618 0.200129 0.321629 0.00235352 0.178469 0.0950847 0.0351628 0.0261051 7.60035e-10 0 0
435.978 1.83184 246.015 154.878 1.00708 1.031 0.1 0.6 0.7 1.3 1.4 2 2.7 3.4 4.3 5.2 0 0 0.0450425 0.110578 0.210944 0.256407 0.0784547 0.181119 0.0805207 0.035645 0.0083726 2.02735e-10 0 0 0.0795149 0.0799834 0.198094 0.315668 0.00888086 0.182826 0.0852193 0.0449176 0.0251252 0.0107665 0 0
380.66 1.59941 210.872 119.735 1.01053 1.08492 0.1 0.6 0.7 1.3 1.4 2 2.7 3.4 4.3 5.2 0 0 0.0443453 0.101731 0.220322 0.248072 0.0892791 0.174856 0.0773438 0.0381993 0.00577824 0.0106053 0 0 0.0792271 0.0842989 0.195345 0.32489 0.000885023 0.19118 0.1026 0.0558631 0.0341125 0.0165209 0 0
348.056 1.46242 187.68 96.5438 1.01178 0.951131 0.1 0.6 0.7 1.3 1.4 2 2.7 3.4 4.3 5.2 0 0 0.0439729 0.114105 0.205176 0.26942 0.0692309 0.183904 0.0816372 0.0309794 0.0133539 9.40396e-11 0 0 0.0794284 0.0844861 0.195279 0.320747 4.75064e-10 0.170764 0.0719913 0.012455 0.0159795 4.62674e-12 0 0
405.696 1.7046 227.369 136.233 1.00847 1.02195 0.1 0.6 0.7 1.3 1.4 2 2.7 3.4 4.3 5.2 0 0 0.0445085 0.106123 0.217316 0.252637 0.0856893 0.175872 0.0852647 0.0308636 0.00140973 0.00878276 0 0 0.0786131 0.0796447 0.197688 0.322333 4.88746e-09 0.177247 0.102812 0.0327507 0.030862 3.95889e-10 0 0
402.103 1.68951 225.066 133.929 1.00992 1.0198 0.1 0.6 0.7 1.3 1.4 2 2.7 3.4 4.3 5.2 0 0 0.0441422 0.111183 0.209109 0.24936 0.0867036 0.179674 0.0812941 0.0332981 0.0151569 1.51597e-11 0 0 0.0791087 0.0795604 0.199541 0.317535 0.00641039 0.183304 0.0955457 0.0388653 0.0199309 1.21689e-08 0 0
315.431 1.32534 162.189 71.0524 1.009 1.0497 0.1 0.6 0.7 1.3 1.4 2 2.7 3.4 4.3 5.2 0 0 0.0437372 0.105434 0.215411 0.25701 0.0809683 0.174416 0.0822622 0.0308001 0.0134476 0.00551546 0 0 0.078421 0.0782234 0.200521 0.327896 0.00268459 0.177684 0.112516 0.0366815 0.0302888 0.00477957 0 0
446.122 1.87446 251.971 160.835 1.01082 0.997929 0.1 0.6 0.7 1.3 1.4 2 2.7 3.4 4.3 5.2 0 0 0.045251 0.122984 0.198495 0.275237 0.0565654 0.18303 0.0954502 0.0201228 0.0136828 1.42149e-10 0 0 0.0786415 0.0770716 0.200735 0.315372 0.00894349 0.170104 0.0910742 0.0275304 0.0284568 9.36534e-11 0 0
460.288 1.93398 260.068 168.931 1.01267 1.02601 0.1 0.6 0.7 1.3 1.4 2 2.7 3.4 4.3 5.2 0 0 0.0454631 0.113432 0.208125 0.246471 0.0889832 0.181563 0.0796436 0.0349492 0.0116044 0.00243738 0 0 0.079013 0.0860438 0.191141 0.324487 1.31872e-08 0.183642 0.0963455 0.0379888 0.0273478 8.97643e-12 0 0
413.106 1.73574 232.057 140.921 1.00941 1.0971 0.1 0.6 0.7 1.3 1.4 2 2.7 3.4 4.3 5.2 0 0 0.0452629 0.100356 0.225368 0.230821 0.107825 0.177265 0.0788909 0.0331942 1.86082e-08 0.0104261 0 0 0.0795899 0.0826758 0.200597 0.327022 0.00507835 0.2012 0.112047 0.0549854 0.0339044 4.0476e-12 0 0
438.745 1.84347 247.653 156.517 1.00831 1.00365 0.1 0.6 0.7 1.3 1.4 2 2.7 3.4 4.3 5.2 0 0 0.0442484 0.107003 0.215758 0.250842 0.0868118 0.175166 0.0868594 0.0344253 0.00719881 9.82068e-11 0 0 0.0791253 0.0764703 0.203148 0.301123 0.0247301 0.174941 0.0935387 0.034218 0.0163543 1.21343e-10 0 0
349.76 1.46958 188.945 97.8083 1.00647 1.00492 0.1 0.6 0.7 1.3 1.4 2 2.7 3.4 4.3 5.2 0 0 0.0447718 0.102767 0.220668 0.248445 0.089688 0.178337 0.0826029 0.0278978 0.00927943 0.00201575 0 0 0.0790571 0.078727 0.198358 0.321743 8.817e-12 0.175791 0.0993154 0.0259562 0.0259664 3.91718e-10 0 0
371.706 1.56179 204.707 113.57 1.00624 1.04419 0.1 0.6 0.7 1.3 1.4 2 2.7 3.4 4.3 5.2 0 0 0.0443682 0.103185 0.219813 0.24905 0.09156 0.176898 0.0814427 0.0195268 0.0203937 2.79696e-10 0 0 0.0786576 0.0815223 0.19635 0.32147 0.00178166 0.181969 0.105678 0.0438791 0.0328877 2.87548e-14 0 0
429.665 1.80532 242.237 151.1 1.01085 1.0314 0.1 0.6 0.7 1.3 1.4 2 2.7 3.4 4.3 5.2 0 0 0.0451418 0.0866644 0.23886 0.220783 0.117156 0.170705 0.0837369 0.037811 0.00345608 0.00653893 0 0 0.0790187 0.0784597 0.20076 0.323201 5.02432e-09 0.178768 0.105141 0.0287326 0.0373207 5.72672e-10 0 0
407.935 1.71401 228.795 137.658 1.01081 0.991404 0.1 0.6 0.7 1.3 1.4 2 2.7 3.4 4.3 5.2 0 0 0.0451049 0.108811 0.212369 0.244328 0.0937618 0.180043 0.0724508 0.0389351 0.00278455 0.0122203 0 0 0.0791466 0.0871268 0.190703 0.326291 9.1231e-09 0.175374 0.090625 0.0257471 0.0163906 8.34465e-11 0 0
423.543 1.77959 238.52 147.383 1.00908 1.0383 0.1 0.6 0.7 1.3 1.4 2 2.7 3.4 4.3 5.2 0 0 0.0444963 0.108291 0.213493 0.250785 0.0867256 0.177219 0.0844421 0.0316485 0.0119827 1.52107e-10 0 0 0.0790582 0.0810937 0.197365 0.324495 5.84775e-10 0.183081 0.101004 0.0393374 0.0328646 1.08409e-08 0 0
360.879 1.5163 197.051 105.914 1.01054 1.00886 0.1 0.6 0.7 1.3 1.4 2 2.7 3.4 4.3 5.2 0 0 0.044522 0.106577 0.216558 0.24186 0.0951085 0.17328 0.0787753 0.0332136 0.00912525 0.0115185 0 0 0.0800047 0.0795923 0.199523 0.32444 3.43886e-12 0.18478 0.0934364 0.0305754 0.0165124 2.58848e-12 0 0
394.438 1.6573 220.081 128.944 1.0092 0.953576 0.1 0.6 0.7 1.3 1.4 2 2.7 3.4 4.3 5.2 0 0 0.0448368 0.107221 0.21555 0.252633 0.0824331 0.179152 0.0868018 0.0304623 0.0101116 1.46855e-09 0 0 0.0794412 0.0746549 0.202181 0.301926 0.0176653 0.171742 0.0824444 0.0235219 3.10383e-09 1.68216e-11 0 0
427.666 1.79692 241.029 149.892 1.00845 1.05545 0.1 0.6 0.7 1.3 1.4 2 2.7 3.4 4.3 5.2 0 0 0.044278 0.107894 0.21369 0.262195 0.0786937 0.17731 0.0835602 0.033908 5.45945e-10 0.00692566 0 0 0.0793348 0.0810988 0.198461 0.331226 0.000800355 0.187468 0.112119 0.0389131 0.0260284 1.54357e-11 0 0
382.418 1.6068 212.066 120.929 1.01311 1.03996 0.1 0.6 0.7 1.3 1.4 2 2.7 3.4 4.3 5.2 0 0 0.0446573 0.106188 0.214978 0.254598 0.0811955 0.176935 0.0839916 0.0367977 0.00967662 0.00409595 0 0 0.0802702 0.0814724 0.198676 0.316215 0.011351 0.185109 0.0938822 0.0423598 0.0306259 3.78269e-08 0 0
465.091 1.95416 262.756 171.62 1.0141 1.04001 0.1 0.6 0.7 1.3 1.4 2 2.7 3.4 4.3 5.2 0 0 0.0441764 0.109887 0.209571 0.261243 0.0773294 0.184618 0.0755009 0.0308073 0.0209663 2.63338e-11 0 0 0.0792968 0.0820013 0.197485 0.324688 4.18031e-09 0.184376 0.09812 0.0437015 0.0286267 0.00171781 0 0
347.393 1.45963 187.186 96.0498 1.01354 1.03611 0.1 0.6 0.7 1.3 1.4 2 2.7 3.4 4.3 5.2 0 0 0.0444838 0.105874 0.214401 0.246232 0.08908 0.177878 0.0791818 0.0324177 0.0239928 9.79916e-12 0 0 0.0800726 0.0793544 0.201981 0.321533 0.00923649 0.187256 0.101118 0.03341 0.022151 7.57831e-09 0 0
477.357 2.0057 269.499 178.362 1.00945 1.06308 0.1 0.6 0.7 1.3 1.4 2 2.7 3.4 4.3 5.2 0 0 0.044329 0.10635 0.216456 0.24802 0.0889638 0.178173 0.086142 0.0262223 0.00987256 0.00491845 0 0 0.0787268 0.0827532 0.198088 0.322955 3.21712e-08 0.184232 0.0996655 0.0498378 0.0468208 2.25803e-12 0 0
328.297 1.3794 172.543 81.4066 1.00759 1.02704 0.1 0.6 0.7 1.3 1.4 2 2.7 3.4 4.3 5.2 0 0 0.0445383 0.108681 0.210795 0.251777 0.0867255 0.176578 0.0847599 0.0297454 0.0139955 3.43463e-11 0 0 0.0815481 0.0839638 0.191056 0.292522 0.0384841 0.169761 0.100326 0.0341673 0.0352081 4.49879e-11 0 0
448.317 1.88368 253.243 162.106 1.00915 1.03226 0.1 0.6 0.7 1.3 1.4 2 2.7 3.4 4.3 5.2 0 0 0.0457578 0.106738 0.214058 0.22905 0.104783 0.185294 0.074054 0.0395065 0.00991034 3.09061e-11 0 0 0.0797291 0.0808546 0.197396 0.318506 0.00521165 0.18614 0.0932022 0.0418192 0.024376 0.00502602 0 0
392.385 1.64867 218.729 127.592 1.00944 1.03351 0.1 0.6 0.7 1.3 1.4 2 2.7 3.4 4.3 5.2 0 0 0.0448854 0.106781 0.216049 0.242933 0.0931766 0.181111 0.082366 0.0333149 0.00882361 1.40059e-10 0 0 0.0790006 0.0803039 0.198123 0.318864 0.00332696 0.183156 0.0924862 0.043248 0.0284349 0.00657119 0 0
377.563 1.5864 208.756 117.619 1.01031 0.998831 0.1 0.6 0.7 1.3 1.4 2 2.7 3.4 4.3 5.2 0 0 0.0448335 0.109624 0.211713 0.259275 0.0785781 0.180164 0.0836254 0.0313306 0.0102359 0.000935131 0 0 0.0784599 0.0851238 0.192587 0.32039 2.05189e-09 0.180194 0.0908823 0.0307077 0.0204861 1.51646e-11 0 0
342.811 1.44038 183.748 92.6112 1.01131 1.02135 0.1 0.6 0.7 1.3 1.4 2 2.7 3.4 4.3 5.2 0 0 0.0442127 0.115081 0.205788 0.266216 0.0692661 0.176264 0.0868796 0.0304965 0.00397267 0.0131328 0 0 0.0795277 0.080481 0.198562 0.303607 0.0211477 0.182003 0.0908385 0.0415255 0.0236584 1.9873e-14 0 0
329.804 1.38573 173.73 82.593 1.0072 1.06907 0.1 0.6 0.7 1.3 1.4 2 2.7 3.4 4.3 5.2 0 0 0.044005 0.107518 0.213205 0.246302 0.091716 0.177403 0.0795647 0.0312776 0.0162091 4.08824e-09 0 0 0.0791852 0.082677 0.198967 0.33013 0.000162836 0.183386 0.11086 0.042245 0.0414565 1.06581e-14 0 0
335.744 1.41069 178.352 87.2159 1.00544 0.992627 0.1 0.6 0.7 1.3 1.4 2 2.7 3.4 4.3 5.2 0 0 0.045039 0.108325 0.214142 0.250478 0.0869477 0.179587 0.0801486 0.0321245 0.0086509 1.48191e-09 0 0 0.0790126 0.0785814 0.198674 0.302533 0.0161974 0.178039 0.0876658 0.0384511 0.0134726 1.39567e-10 0 0
416.309 1.7492 234.058 142.921 1.00867 1.0192 0.1 0.6 0.7 1.3 1.4 2 2.7 3.4 4.3 5.2 0 0 0.0448338 0.107423 0.214555 0.249371 0.0841813 0.175456 0.0941059 0.0275543 0.0111857 1.2103e-09 0 0 0.0793982 0.0754665 0.204214 0.324453 0.0072826 0.169218 0.0961098 0.0286233 0.031152 0.00327988 0 0
410.845 1.72624 230.636 139.5 1.00601 1.03174 0.1 0.6 0.7 1.3 1.4 2 2.7 3.4 4.3 5.2 0 0 0.0450504 0.109233 0.211983 0.24402 0.091611 0.18158 0.0788063 0.0350296 0.00868892 1.17861e-05 0 0 0.0802963 0.0787675 0.204491 0.314459 0.0161362 0.179547 0.0857908 0.0306036 0.031506 0.0101386 0 0
404.692 1.70039 226.728 135.591 1.00911 0.97452 0.1 0.6 0.7 1.3 1.4 2 2.7 3.4 4.3 5.2 0 0 0.0447736 0.110887 0.211331 0.255224 0.0833518 0.176193 0.0844406 0.0340507 0.00655737 0.00230083 0 0 0.079354 0.0876179 0.188258 0.310052 0.015784 0.177736 0.0840991 0.030302 0.00131752 1.78947e-10 0 0
396.788 1.66718 221.619 130.483 1.00828 1.03914 0.1 0.6 0.7 1.3 1.4 2 2.7 3.4 4.3 5.2 0 0 0.0446187 0.0979003 0.225722 0.229578 0.104807 0.171648 0.0851303 0.0323737 0.00690408 0.00960051 0 0 0.0788393 0.0758887 0.204011 0.314124 0.0157956 0.180257 0.104171 0.0382514 0.027801 4.2112e-11 0 0
374.587 1.57389 206.706 115.57 1.01044 1.05601 0.1 0.6 0.7 1.3 1.4 2 2.7 3.4 4.3 5.2 0 0 0.0448203 0.10794 0.21313 0.258351 0.0729915 0.177375 0.0870117 0.0312063 0.0106247 0.00699111 0 0 0.0791961 0.081049 0.198154 0.32673 1.75257e-10 0.186685 0.103315 0.0471931 0.0336861 1.3391e-12 0 0
395.372 1.66123 220.693 129.557 1.00682 0.962041 0.1 0.6 0.7 1.3 1.4 2 2.7 3.4 4.3 5.2 0 0 0.0438761 0.115827 0.203398 0.271993 0.0673673 0.177553 0.0794687 0.0331865 0.00965831 0.0044938 0 0 0.0788007 0.088319 0.18858 0.328181 5.18949e-09 0.170398 0.0876637 0.013331 0.00676856 3.3184e-10 0 0
385.476 1.61965 214.128 122.991 1.01051 1.05812 0.1 0.6 0.7 1.3 1.4 2 2.7 3.4 4.3 5.2 0 0 0.0448986 0.101848 0.221798 0.232617 0.104574 0.178128 0.0785874 0.0297802 0.0164458 0.00183233 0 0 0.0784388 0.08224 0.199157 0.318764 2.10657e-08 0.1956 0.0954205 0.0600136 0.0284839 5.64654e-10 0 0
429.488 1.80457 242.13 150.993 1.01129 1.01615 0.1 0.6 0.7 1.3 1.4 2 2.7 3.4 4.3 5.2 0 0 0.0448475 0.112409 0.207999 0.260388 0.0760938 0.179847 0.0860222 0.0349733 0.0087089 2.80508e-10 0 0 0.0794602 0.0782428 0.20072 0.310894 0.0157582 0.176119 0.089854 0.033031 0.0195406 0.0125248 0 0
398.875 1.67595 222.978 131.841 1.00977 1.01538 0.1 0.6 0.7 1.3 1.4 2 2.7 3.4 4.3 5.2 0 0 0.0454517 0.114896 0.207356 0.259882 0.0752649 0.184354 0.0841204 0.0220186 0.010447 0.00597819 0 0 0.0782117 0.0769455 0.199267 0.322303 0.00315117 0.171409 0.102463 0.0371915 0.0215711 0.00286581 0 0
420.143 1.76531 236.432 145.296 1.00845 1.02618 0.1 0.6 0.7 1.3 1.4 2 2.7 3.4 4.3 5.2 0 0 0.0442923 0.104862 0.218219 0.246219 0.0912504 0.176523 0.0851958 0.0314617 0.0104293 1.47816e-10 0 0 0.0789615 0.0803038 0.197483 0.323872 2.71894e-13 0.178008 0.102954 0.0353219 0.0292757 8.23897e-13 0 0
372.607 1.56558 205.334 114.197 1.00852 1.00643 0.1 0.6 0.7 1.3 1.4 2 2.7 3.4 4.3 5.2 0 0 0.0440464 0.109949 0.211011 0.252642 0.0852195 0.177489 0.0824621 0.0335551 0.0121437 2.04373e-09 0 0 0.0790012 0.0838832 0.194637 0.324789 8.15639e-11 0.174341 0.096139 0.0267719 0.0268701 9.87604e-12 0 0
445.817 1.87318 251.794 160.658 1.01142 1.07633 0.1 0.6 0.7 1.3 1.4 2 2.7 3.4 4.3 5.2 0 0 0.0446353 0.103926 0.218896 0.243209 0.0982941 0.180052 0.0796249 0.0293814 0.013398 2.18479e-11 0 0 0.078781 0.0837902 0.197437 0.322677 9.4369e-16 0.194296 0.0979637 0.0582765 0.0384856 0.00462063 0 0
337.771 1.4192 179.911 88.7745 1.0132 1.06554 0.1 0.6 0.7 1.3 1.4 2 2.7 3.4 4.3 5.2 0 0 0.0441015 0.101534 0.220121 0.235758 0.100973 0.178211 0.0790461 0.0336047 0.0198552 2.5579e-11 0 0 0.0790078 0.0826721 0.199711 0.319549 0.00310776 0.191851 0.0960578 0.0518133 0.0345207 0.0072513 0 0
364.431 1.53122 199.587 108.451 1.01035 1.02838 0.1 0.6 0.7 1.3 1.4 2 2.7 3.4 4.3 5.2 0 0 0.0447182 0.10556 0.217986 0.250206 0.0859062 0.174673 0.0860436 0.0309918 0.00393324 0.0103272 0 0 0.0789674 0.0802964 0.199503 0.323133 1.10389e-09 0.178156 0.102454 0.0313787 0.0344962 1.19781e-08 0 0
445.857 1.87335 251.818 160.681 1.00535 1.04938 0.1 0.6 0.7 1.3 1.4 2 2.7 3.4 4.3 5.2 0 0 0.0443821 0.109988 0.211399 0.258776 0.0786366 0.177066 0.0846407 0.0360674 0.00439784 8.98559e-13 0 0 0.0786748 0.0810467 0.198138 0.324869 0.00134102 0.183615 0.104969 0.0409189 0.0358054 7.91932e-10 0 0
362.797 1.52436 198.423 107.287 1.00795 0.988113 0.1 0.6 0.7 1.3 1.4 2 2.7 3.4 4.3 5.2 0 0 0.0448275 0.11286 0.208204 0.266244 0.0692109 0.17942 0.0840203 0.0294047 0.0137613 1.12951e-10 0 0 0.0786182 0.075858 0.20066 0.316149 0.00914115 0.170876 0.103407 0.0215095 0.0118931 9.58036e-10 0 0
419.143 1.7611 235.815 144.678 1.00968 1.0438 0.1 0.6 0.7 1.3 1.4 2 2.7 3.4 4.3 5.2 0 0 0.0444497 0.106045 0.216645 0.249227 0.0880991 0.175094 0.0825029 0.0357145 1.57559e-07 0.0119007 0 0 0.0786293 0.0810356 0.19836 0.323264 1.22775e-08 0.184669 0.103821 0.0391936 0.0348245 4.4818e-12 0 0
459.461 1.93051 259.602 168.466 1.00719 1.03939 0.1 0.6 0.7 1.3 1.4 2 2.7 3.4 4.3 5.2 0 0 0.0439753 0.11084 0.211856 0.242942 0.0907869 0.175983 0.0918064 0.03548 0.000656659 0.00286516 0 0 0.0815352 0.0742018 0.221645 0.287061 0.0539791 0.174656 0.0567628 2.98703e-10 0.0417878 0.0477594 0 0
383.38 1.61084 212.716 121.58 1.00986 1.01015 0.1 0.6 0.7 1.3 1.4 2 2.7 3.4 4.3 5.2 0 0 0.0460757 0.103936 0.217273 0.224513 0.1148 0.185978 0.0630563 0.0378913 0.0163372 6.97664e-13 0 0 0.0794746 0.0803599 0.196108 0.309681 0.0121516 0.179969 0.0980011 0.0338678 0.0155905 0.00494776 0 0
359.684 1.51128 196.192 105.055 1.00674 0.95212 0.1 0.6 0.7 1.3 1.4 2 2.7 3.4 4.3 5.2 0 0 0.044564 0.119055 0.200791 0.256728 0.0781662 0.178914 0.0804234 0.037727 0.00174684 0.00862647 0 0 0.0795908 0.0938439 0.187505 0.320231 0.0100857 0.172679 0.0664928 8.57074e-10 0.00778886 0.0139021 0 0
392.762 1.65026 218.978 127.841 1.01724 1.05081 0.1 0.6 0.7 1.3 1.4 2 2.7 3.4 4.3 5.2 0 0 0.0447103 0.115843 0.203201 0.252653 0.0864303 0.177771 0.0830214 0.0262463 0.0273622 2.8425e-12 0 0 0.0804233 0.0850954 0.193275 0.299918 0.0269838 0.187561 0.0943605 0.0582093 0.0249885 2.55498e-11 0 0
381.968 1.60491 211.761 120.624 1.00898 1.04518 0.1 0.6 0.7 1.3 1.4 2 2.7 3.4 4.3 5.2 0 0 0.0449063 0.109128 0.21066 0.256744 0.078236 0.179671 0.077276 0.0354904 0.0168726 7.05362e-08 0 0 0.0791855 0.081015 0.19751 0.328732 8.33635e-08 0.182099 0.111731 0.0403999 0.0245055 1.04029e-10 0 0
338.984 1.4243 180.84 89.7032 1.00761 1.04742 0.1 0.6 0.7 1.3 1.4 2 2.7 3.4 4.3 5.2 0 0 0.0440958 0.108173 0.214737 0.2479 0.0908032 0.177584 0.0805208 0.0305341 0.0132617 4.88687e-11 0 0 0.078545 0.0827735 0.19539 0.32175 1.63841e-08 0.182066 0.104002 0.0474876 0.0354051 4.74656e-10 0 0
332.723 1.398 176.012 84.8752 1.0081 0.985369 0.1 0.6 0.7 1.3 1.4 2 2.7 3.4 4.3 5.2 0 0 0.0456447 0.108073 0.212245 0.238467 0.0976046 0.187136 0.0691658 0.0394013 0.0103597 2.81365e-10 0 0 0.0796506 0.0790534 0.197606 0.309779 0.00987784 0.175925 0.0874622 0.0297032 0.0163121 1.44978e-09 0 0
386.08 1.62219 214.534 123.397 1.01384 1.06582 0.1 0.6 0.7 1.3 1.4 2 2.7 3.4 4.3 5.2 0 0 0.044701 0.103035 0.217969 0.245198 0.0892979 0.180322 0.0808378 0.0356065 0.0168765 2.66454e-15 0 0 0.0796414 0.082719 0.198936 0.326244 3.90582e-12 0.196998 0.103826 0.054163 0.0232946 1.57097e-13 0 0
397.835 1.67158 222.302 131.165 1.01105 1.04019 0.1 0.6 0.7 1.3 1.4 2 2.7 3.4 4.3 5.2 0 0 0.0444058 0.105948 0.215385 0.251301 0.0865053 0.177385 0.0823413 0.0348701 0.0101857 0.00272114 0 0 0.0797931 0.0813876 0.19614 0.315011 0.0120906 0.184039 0.10065 0.04704 0.0240425 2.37438e-12 0 0
368.629 1.54886 202.554 111.418 1.0128 1.03477 0.1 0.6 0.7 1.3 1.4 2 2.7 3.4 4.3 5.2 0 0 0.0439929 0.108063 0.211644 0.259064 0.0772636 0.17633 0.0848771 0.033138 0.0184277 4.13741e-12 0 0 0.079493 0.0799078 0.199851 0.328648 2.47445e-10 0.17904 0.104429 0.0318071 0.0315935 7.59615e-09 0 0
328.073 1.37846 172.366 81.2296 1.00925 1.08103 0.1 0.6 0.7 1.3 1.4 2 2.7 3.4 4.3 5.2 0 0 0.0442416 0.104795 0.21613 0.247189 0.0917812 0.177704 0.078564 0.0329725 0.0158684 1.18943e-07 0 0 0.0791582 0.0837481 0.196554 0.328372 1.51413e-08 0.190231 0.106178 0.0581337 0.0386592 4.45755e-14 0 0
390.74 1.64176 217.641 126.504 1.00626 1.06198 0.1 0.6 0.7 1.3 1.4 2 2.7 3.4 4.3 5.2 0 0 0.044341 0.107826 0.213742 0.251789 0.0876776 0.17695 0.0793494 0.0284483 0.016137 1.16227e-10 0 0 0.0786713 0.0819179 0.197835 0.328027 1.9503e-08 0.181697 0.11111 0.0425886 0.0401292 4.45411e-11 0 0
416.231 1.74887 234.009 142.873 1.00738 1.00692 0.1 0.6 0.7 1.3 1.4 2 2.7 3.4 4.3 5.2 0 0 0.0442458 0.107773 0.214019 0.253052 0.0863402 0.178325 0.0775387 0.0338953 0.0121939 1.47867e-11 0 0 0.078924 0.0803424 0.198129 0.315556 0.00471007 0.182037 0.0974784 0.0291464 0.0205935 1.74314e-11 0 0
431.436 1.81276 243.302 152.165 1.00893 1.00733 0.1 0.6 0.7 1.3 1.4 2 2.7 3.4 4.3 5.2 0 0 0.0440714 0.110237 0.209504 0.259471 0.0785536 0.180166 0.0828501 0.0333157 0.0107575 2.52884e-11 0 0 0.0788412 0.0850624 0.192431 0.326131 3.84895e-10 0.174853 0.0970209 0.0291014 0.0238882 2.83962e-12 0 0
448.384 1.88397 253.281 162.145 1.00503 1.03519 0.1 0.6 0.7 1.3 1.4 2 2.7 3.4 4.3 5.2 0 0 0.0444647 0.110486 0.210363 0.260723 0.0780085 0.179451 0.0814081 0.0294541 0.010675 1.26391e-11 0 0 0.0795642 0.082577 0.19321 0.315123 0.00900633 0.1835 0.0955244 0.0486446 0.0280394 6.0438e-10 0 0
365.902 1.5374 200.63 109.494 1.00953 0.963639 0.1 0.6 0.7 1.3 1.4 2 2.7 3.4 4.3 5.2 0 0 0.0445906 0.110617 0.210729 0.255056 0.0821753 0.177912 0.0842351 0.0412178 0.00299425 7.68874e-10 0 0 0.079049 0.0848555 0.191034 0.323428 9.15426e-09 0.171622 0.0865929 0.0176584 0.00939961 8.64691e-10 0 0
356.178 1.49654 193.654 102.518 1.00575 0.991681 0.1 0.6 0.7 1.3 1.4 2 2.7 3.4 4.3 5.2 0 0 0.045763 0.0900345 0.237333 0.216706 0.121524 0.173136 0.0830316 0.0360422 0.00217677 5.07776e-10 0 0 0.0788029 0.0750409 0.202652 0.302607 0.0164951 0.173155 0.087863 0.0346025 0.020462 7.78702e-09 0 0
363.7 1.52815 199.068 107.931 1.00545 1.51373 0.1 0.6 0.7 1.3 1.4 2 2.7 3.4 4.3 5.2 0 0 0.0444642 0.103349 0.218012 0.237 0.099245 0.17146 0.0848179 0.0323214 0.0147846 4.12503e-11 0 0 0.0782434 0.100661 0.221544 0.29804 0.0767536 0.302234 0.202696 0.164569 0.0689838 7.48246e-09 0 0
382.465 1.60699 212.097 120.96 1.0092 1.01 0.1 0.6 0.7 1.3 1.4 2 2.7 3.4 4.3 5.2 0 0 0.0442307 0.116671 0.20292 0.269596 0.0683623 0.18541 0.0796337 0.0270537 0.0153166 1.66648e-10 0 0 0.0779366 0.0816187 0.201846 0.310215 1.38743e-08 0.194811 0.0734217 0.0521406 0.013783 0.00423254 0 0
391.236 1.64385 217.97 126.833 1.01197 1.04727 0.1 0.6 0.7 1.3 1.4 2 2.7 3.4 4.3 5.2 0 0 0.0442103 0.10612 0.215457 0.248762 0.0900386 0.176798 0.0843695 0.0367361 0.00844264 0.00104015 0 0 0.0789105 0.0798929 0.198463 0.325597 0.00259799 0.178318 0.106058 0.0441918 0.0293738 0.00387284 0 0
416.499 1.74999 234.176 143.039 1.00797 1.00088 0.1 0.6 0.7 1.3 1.4 2 2.7 3.4 4.3 5.2 0 0 0.0448743 0.105422 0.217207 0.251207 0.0848641 0.179665 0.0836707 0.029819 0.00990889 0.00133384 0 0 0.078961 0.0770507 0.20381 0.315704 0.00579066 0.179315 0.0844376 0.0350053 0.0182381 0.00256547 0 0
394.797 1.65881 220.316 129.18 1.00685 1.02267 0.1 0.6 0.7 1.3 1.4 2 2.7 3.4 4.3 5.2 0 0 0.0462701 0.115547 0.205565 0.234567 0.101919 0.187552 0.0705209 0.0380682 0.00684085 5.05209e-10 0 0 0.07959 0.0798985 0.196181 0.308879 0.0180306 0.181168 0.0946808 0.031427 0.0106532 0.0221581 0 0
470.693 1.9777 265.857 174.721 1.00513 1.00429 0.1 0.6 0.7 1.3 1.4 2 2.7 3.4 4.3 5.2 0 0 0.0446944 0.111878 0.211065 0.255364 0.0829189 0.176297 0.0858599 0.0348161 0.00223172 2.37044e-12 0 0 0.0787325 0.0791398 0.201488 0.303532 0.0153318 0.179746 0.0842215 0.0333658 0.0233147 0.00541637 0 0
405.211 1.70257 227.06 135.923 1.01121 1.06258 0.1 0.6 0.7 1.3 1.4 2 2.7 3.4 4.3 5.2 0 0 0.0445257 0.109208 0.211799 0.2513 0.0871631 0.177958 0.0861975 0.0289295 0.0141302 1.25605e-11 0 0 0.0808431 0.0833917 0.194142 0.305287 0.0309275 0.182978 0.110757 0.0421206 0.0321362 1.98144e-09 0 0
457.216 1.92108 258.334 167.197 1.01123 1.13144 0.1 0.6 0.7 1.3 1.4 2 2.7 3.4 4.3 5.2 0 0 0.0437264 0.109765 0.209873 0.25318 0.0850118 0.177552 0.082504 0.038435 0.011187 1.42419e-12 0 0 0.0803104 0.0887808 0.195122 0.342837 1.30197e-08 0.210653 0.123813 0.0582008 0.0317267 8.4112e-11 0 0
487.143 2.04682 274.755 183.618 1.01308 1.00637 0.1 0.6 0.7 1.3 1.4 2 2.7 3.4 4.3 5.2 0 0 0.0448835 0.107167 0.215306 0.248611 0.0889894 0.179066 0.0784254 0.0327477 0.0075538 0.0103335 0 0 0.0784597 0.0845871 0.193193 0.319014 2.04602e-11 0.184472 0.0903884 0.037538 0.0187138 5.01516e-07 0 0
442.672 1.85997 249.961 158.824 1.01604 1.02101 0.1 0.6 0.7 1.3 1.4 2 2.7 3.4 4.3 5.2 0 0 0.0445546 0.10395 0.219212 0.2525 0.0841509 0.176203 0.086276 0.0393278 0.00387716 0.00598391 0 0 0.0787774 0.0792546 0.200835 0.313849 0.00719863 0.184538 0.0951841 0.0380662 0.0233045 1.2614e-10 0 0
359.611 1.51097 196.139 105.002 1.009 1.04474 0.1 0.6 0.7 1.3 1.4 2 2.7 3.4 4.3 5.2 0 0 0.0439864 0.107044 0.214105 0.250077 0.0882609 0.179517 0.0802047 0.0309654 0.0148406 3.42355e-11 0 0 0.079285 0.0830849 0.196448 0.323103 0.000947291 0.181461 0.10209 0.0369489 0.0359508 0.00542084 0 0
367.419 1.54378 201.702 110.566 1.01351 0.945714 0.1 0.6 0.7 1.3 1.4 2 2.7 3.4 4.3 5.2 0 0 0.0448504 0.104478 0.216647 0.244224 0.09322 0.174867 0.0835913 0.0324719 0.0191567 2.8607e-11 0 0 0.0787819 0.0856198 0.19076 0.32049 0.00245665 0.167849 0.0799601 0.0145576 0.00523901 2.6501e-13 0 0
428.042 1.7985 241.256 150.12 1.01298 1.01143 0.1 0.6 0.7 1.3 1.4 2 2.7 3.4 4.3 5.2 0 0 0.0444848 0.112522 0.208015 0.262725 0.0723614 0.177895 0.0878691 0.0362993 0.0108088 4.15731e-10 0 0 0.0800536 0.0796281 0.20079 0.312143 0.0144731 0.180552 0.0901761 0.0316086 0.0217322 0.000274931 0 0
358.775 1.50746 195.536 104.4 1.01322 0.980014 0.1 0.6 0.7 1.3 1.4 2 2.7 3.4 4.3 5.2 0 0 0.0438549 0.115548 0.204105 0.256878 0.0813273 0.180671 0.0818947 0.0337564 0.0151888 3.7415e-11 0 0 0.0785824 0.0883378 0.188494 0.32734 1.9363e-11 0.174232 0.0890519 0.0283802 0.00559636 1.15953e-11 0 0
441.095 1.85334 249.036 157.9 1.01473 1.01433 0.1 0.6 0.7 1.3 1.4 2 2.7 3.4 4.3 5.2 0 0 0.044562 0.108849 0.21328 0.255958 0.0795157 0.177514 0.0855312 0.0302522 0.0130718 0.00619461 0 0 0.079013 0.0773642 0.201117 0.313658 0.0116486 0.178238 0.0948021 0.0365058 0.021979 2.44171e-12 0 0
425.515 1.78788 239.723 148.586 1.01252 1.02372 0.1 0.6 0.7 1.3 1.4 2 2.7 3.4 4.3 5.2 0 0 0.0444788 0.101916 0.22123 0.241912 0.0975329 0.177159 0.082851 0.0321474 0.0112636 0.00202942 0 0 0.0791778 0.0797298 0.20038 0.324427 0.000687882 0.176888 0.09953 0.033668 0.0292263 5.05745e-12 0 0
373.12 1.56773 205.69 114.553 1.00671 0.980292 0.1 0.6 0.7 1.3 1.4 2 2.7 3.4 4.3 5.2 0 0 0.0445328 0.101681 0.221059 0.245988 0.0934774 0.178172 0.0869213 0.0348748 7.57783e-11 1.78308e-11 0 0 0.0787088 0.082145 0.193199 0.322638 1.10669e-08 0.167637 0.0903619 0.0236692 0.0219328 1.84114e-12 0 0
342.666 1.43977 183.638 92.5017 1.01233 1.04875 0.1 0.6 0.7 1.3 1.4 2 2.7 3.4 4.3 5.2 0 0 0.0444685 0.102584 0.220544 0.245791 0.0937324 0.17552 0.0853764 0.0337271 0.0105876 1.2116e-08 0 0 0.0790109 0.0809996 0.196219 0.327311 5.43005e-10 0.176426 0.110842 0.0339857 0.0439592 1.82744e-08 0 0
411.83 1.73038 231.256 140.12 1.01546 1.05407 0.1 0.6 0.7 1.3 1.4 2 2.7 3.4 4.3 5.2 0 0 0.0450772 0.115443 0.206607 0.264011 0.0695191 0.182931 0.0829594 0.023391 0.0192487 0.00627763 0 0 0.0790897 0.0826058 0.197681 0.325031 4.64397e-09 0.194216 0.0988541 0.0506916 0.0258992 3.02147e-13 0 0
370.01 1.55466 203.522 112.386 1.00889 0.996329 0.1 0.6 0.7 1.3 1.4 2 2.7 3.4 4.3 5.2 0 0 0.0464904 0.105098 0.216891 0.215057 0.120926 0.185517 0.0695305 0.04026 0.00911844 3.24676e-10 0 0 0.0799061 0.0787533 0.198715 0.305362 0.016897 0.174794 0.0913567 0.037388 0.0129208 0.000235933 0 0
446.869 1.8776 252.405 161.268 1.00515 1.00199 0.1 0.6 0.7 1.3 1.4 2 2.7 3.4 4.3 5.2 0 0 0.0453132 0.0992124 0.224841 0.236158 0.0995967 0.175295 0.0856042 0.0336587 0.00256845 0.00289936 0 0 0.0791154 0.077347 0.201724 0.318527 8.45272e-10 0.184578 0.0845101 0.0345839 0.0216069 1.31572e-09 0 0
383.048 1.60945 212.492 121.355 1.01127 1.01043 0.1 0.6 0.7 1.3 1.4 2 2.7 3.4 4.3 5.2 0 0 0.0447115 0.10572 0.215078 0.253089 0.0831696 0.181704 0.0789594 0.0313771 0.0174676 1.06267e-10 0 0 0.0795712 0.0802288 0.198502 0.321822 1.44051e-10 0.184123 0.095743 0.0368913 0.0135471 1.3546e-08 0 0
350.927 1.47448 189.808 98.6715 1.00808 1.02132 0.1 0.6 0.7 1.3 1.4 2 2.7 3.4 4.3 5.2 0 0 0.0440501 0.108368 0.212513 0.250332 0.0871789 0.178924 0.0817038 0.0286885 0.0163214 1.45235e-10 0 0 0.0797081 0.0808058 0.19769 0.30332 0.022214 0.180051 0.0990228 0.0420636 0.0164495 2.42815e-09 0 0
342.213 1.43787 183.296 92.1591 1.0105 1.04064 0.1 0.6 0.7 1.3 1.4 2 2.7 3.4 4.3 5.2 0 0 0.0465596 0.1143 0.205131 0.236563 0.0963856 0.187984 0.0666242 0.0436132 0.0069461 0.00638889 0 0 0.079574 0.0833527 0.193894 0.320543 0.00265433 0.186867 0.101325 0.0407779 0.03165 1.33532e-12 0 0
403.824 1.69674 226.172 135.035 1.01442 1.03494 0.1 0.6 0.7 1.3 1.4 2 2.7 3.4 4.3 5.2 0 0 0.0449392 0.109362 0.211449 0.255743 0.0769761 0.175593 0.0902393 0.0274877 0.0200354 0.00259768 0 0 0.0790566 0.0774545 0.201469 0.322647 0.00726135 0.179772 0.104295 0.0389051 0.024084 1.3812e-11 0 0
373.831 1.57072 206.183 115.047 1.00884 0.982115 0.1 0.6 0.7 1.3 1.4 2 2.7 3.4 4.3 5.2 0 0 0.0441901 0.108877 0.211579 0.260421 0.0760612 0.179638 0.0786179 0.031682 0.0148449 0.0029303 0 0 0.0796736 0.0764722 0.20448 0.311726 0.0117004 0.176477 0.0816997 0.0254614 0.0144249 3.98785e-08 0 0
448.081 1.88269 253.106 161.97 1.00754 1.02858 0.1 0.6 0.7 1.3 1.4 2 2.7 3.4 4.3 5.2 0 0 0.0442887 0.105898 0.21418 0.254031 0.0828821 0.178977 0.084498 0.0394676 0.00331485 1.08361e-10 0 0 0.0793514 0.0805241 0.19986 0.321041 0.00250968 0.180215 0.0902986 0.0410019 0.033781 7.83589e-08 0 0
366.744 1.54094 201.226 110.089 1.0085 0.987258 0.1 0.6 0.7 1.3 1.4 2 2.7 3.4 4.3 5.2 0 0 0.0444352 0.109073 0.212975 0.258621 0.0808636 0.17864 0.0803898 0.0280912 0.0111228 0.00428732 0 0 0.0783402 0.0847005 0.191647 0.319802 0.00318286 0.172674 0.0951523 0.0263728 0.0153866 8.04871e-11 0 0
495.786 2.08313 279.309 188.173 1.01207 1.02745 0.1 0.6 0.7 1.3 1.4 2 2.7 3.4 4.3 5.2 0 0 0.0445359 0.102512 0.219288 0.245254 0.0923723 0.177883 0.0833489 0.0325965 0.0142842 4.30822e-13 0 0 0.0797388 0.0788997 0.200533 0.321392 0.00653718 0.177897 0.0961162 0.0349986 0.0313401 1.20545e-11 0 0
401.812 1.68828 224.878 133.741 1.00581 1.04921 0.1 0.6 0.7 1.3 1.4 2 2.7 3.4 4.3 5.2 0 0 0.0436885 0.105814 0.215984 0.254681 0.0830596 0.175864 0.085155 0.0276238 0.0139431 6.1441e-08 0 0 0.0783407 0.0772614 0.204461 0.328574 0.00330932 0.173158 0.110911 0.0334545 0.0397394 3.22485e-09 0 0
373.163 1.56791 205.72 114.583 1.0108 0.98712 0.1 0.6 0.7 1.3 1.4 2 2.7 3.4 4.3 5.2 0 0 0.0445465 0.109486 0.210535 0.257862 0.0803282 0.179333 0.0777331 0.0379465 0.0130299 2.41569e-09 0 0 0.0796409 0.07893 0.197173 0.321845 9.93233e-09 0.177985 0.0898475 0.0280394 0.0136583 3.55271e-14 0 0
357.282 1.50118 194.456 103.319 1.00931 0.956255 0.1 0.6 0.7 1.3 1.4 2 2.7 3.4 4.3 5.2 0 0 0.0448026 0.105435 0.216861 0.247226 0.0907592 0.179584 0.0793891 0.0323206 0.0129307 2.66065e-13 0 0 0.0786373 0.0882941 0.188954 0.316782 0.00152641 0.171531 0.0792899 0.0174341 0.0138057 1.11414e-11 0 0
359.151 1.50904 195.807 104.671 1.01271 1.04535 0.1 0.6 0.7 1.3 1.4 2 2.7 3.4 4.3 5.2 0 0 0.0447185 0.10821 0.213828 0.251769 0.0817044 0.176967 0.0865459 0.0316545 0.0173169 3.05005e-10 0 0 0.0791296 0.0812079 0.198625 0.322011 0.00224854 0.188325 0.100358 0.0427547 0.0306903 8.24275e-08 0 0
346.09 1.45416 186.213 95.0765 1.0112 1.05802 0.1 0.6 0.7 1.3 1.4 2 2.7 3.4 4.3 5.2 0 0 0.0448867 0.103744 0.219357 0.236993 0.0961773 0.177408 0.0852643 0.0299406 0.0174329 1.80201e-08 0 0 0.080136 0.0828973 0.196226 0.31351 0.0136746 0.187817 0.0997432 0.054037 0.0299807 1.87762e-09 0 0
403.465 1.69523 225.941 134.805 1.01064 1.02124 0.1 0.6 0.7 1.3 1.4 2 2.7 3.4 4.3 5.2 0 0 0.0447548 0.108353 0.216009 0.245145 0.0872337 0.175512 0.090131 0.0256968 0.0104976 0.00730574 0 0 0.0797207 0.0796141 0.198227 0.303066 0.0217758 0.182534 0.0925614 0.0430871 0.0206572 1.37004e-10 0 0
374.754 1.5746 206.822 115.686 1.00602 0.993933 0.1 0.6 0.7 1.3 1.4 2 2.7 3.4 4.3 5.2 0 0 0.0450755 0.0967707 0.228049 0.235023 0.102396 0.17324 0.0835529 0.0324265 0.00865809 0.00082671 0 0 0.0783599 0.0815878 0.195163 0.328737 6.12256e-08 0.169584 0.0977137 0.0270003 0.0157876 4.48159e-11 0 0
346.755 1.45696 186.711 95.5741 1.0074 1.07008 0.1 0.6 0.7 1.3 1.4 2 2.7 3.4 4.3 5.2 0 0 0.0440181 0.103437 0.219298 0.243112 0.0976293 0.173955 0.0796224 0.0366046 0.00972218 4.95176e-11 0 0 0.078931 0.0830769 0.198303 0.326958 1.34335e-09 0.181791 0.108972 0.0390358 0.0506187 0.00239182 0 0
419.684 1.76338 236.149 145.012 1.00922 1.0159 0.1 0.6 0.7 1.3 1.4 2 2.7 3.4 4.3 5.2 0 0 0.0444354 0.109549 0.212352 0.252943 0.0849341 0.179818 0.0842085 0.0281848 0.0127961 3.11129e-12 0 0 0.0786544 0.0783536 0.198586 0.323098 0.00284828 0.168749 0.106719 0.0292283 0.0296632 2.01629e-10 0 0
374.782 1.57471 206.841 115.705 1.0115 1.03181 0.1 0.6 0.7 1.3 1.4 2 2.7 3.4 4.3 5.2 0 0 0.0448885 0.108739 0.213948 0.258418 0.0739528 0.17751 0.0870501 0.0274443 0.0110412 0.00851247 0 0 0.0789595 0.079108 0.19938 0.319983 0.00491718 0.182782 0.099468 0.0387988 0.0284138 5.56055e-12 0 0
384.938 1.61739 213.767 122.63 1.01447 1.05218 0.1 0.6 0.7 1.3 1.4 2 2.7 3.4 4.3 5.2 0 0 0.0444846 0.103807 0.218191 0.244158 0.0937078 0.178169 0.0841426 0.0296704 0.0181378 8.80175e-10 0 0 0.0793432 0.0801294 0.198463 0.331074 1.55084e-08 0.180818 0.113186 0.0440559 0.0251115 3.74877e-10 0 0
365.362 1.53513 200.248 109.111 1.00149 1.08617 0.1 0.6 0.7 1.3 1.4 2 2.7 3.4 4.3 5.2 0 0 0.044899 0.107548 0.21413 0.238149 0.101339 0.181745 0.074465 0.0280205 0.0111904 1.26654e-10 0 0 0.0795812 0.0842633 0.196164 0.331055 1.73639e-08 0.193913 0.112168 0.0568931 0.0321279 4.56819e-09 0 0
448.573 1.88476 253.391 162.254 1.00333 1.02844 0.1 0.6 0.7 1.3 1.4 2 2.7 3.4 4.3 5.2 0 0 0.0448586 0.111209 0.211369 0.258109 0.0785115 0.177329 0.0839136 0.0286442 0.00931185 7.70599e-05 0 0 0.079244 0.0804962 0.196934 0.318474 0.00655296 0.178408 0.09483 0.0408871 0.0271581 0.00545048 0 0
416.885 1.75162 234.416 143.279 1.00834 1.02832 0.1 0.6 0.7 1.3 1.4 2 2.7 3.4 4.3 5.2 0 0 0.0446678 0.104635 0.218427 0.245687 0.0903646 0.176247 0.0849117 0.0340676 0.00933107 7.79732e-12 0 0 0.0792633 0.0789157 0.199674 0.322851 0.00407952 0.178233 0.103626 0.0322132 0.0294654 1.76778e-10 0 0
446.394 1.87561 252.13 160.993 1.0122 1.03493 0.1 0.6 0.7 1.3 1.4 2 2.7 3.4 4.3 5.2 0 0 0.0441726 0.110219 0.211796 0.254164 0.0816765 0.178 0.0849122 0.032267 0.00635528 0.00863731 0 0 0.0789254 0.0813888 0.200672 0.321014 3.61588e-10 0.183268 0.0912706 0.0448106 0.0335847 5.83654e-08 0 0
358.991 1.50837 195.692 104.555 1.01284 1.05002 0.1 0.6 0.7 1.3 1.4 2 2.7 3.4 4.3 5.2 0 0 0.0441222 0.109085 0.21197 0.254907 0.0799033 0.175852 0.0879854 0.0325965 0.0133013 0.00311492 0 0 0.0793802 0.0801346 0.199886 0.325162 0.00539142 0.184716 0.10441 0.038856 0.030473 0.00161234 0 0
405.577 1.70411 227.294 136.157 1.01212 1.03963 0.1 0.6 0.7 1.3 1.4 2 2.7 3.4 4.3 5.2 0 0 0.044608 0.107204 0.214571 0.251266 0.0868117 0.179502 0.0803624 0.0346994 0.0130948 1.87035e-11 0 0 0.0794543 0.0826707 0.195381 0.322737 0.000623317 0.181592 0.0987292 0.042587 0.0339985 0.0018621 0 0
380.642 1.59934 210.86 119.723 1.00848 0.989856 0.1 0.6 0.7 1.3 1.4 2 2.7 3.4 4.3 5.2 0 0 0.0441613 0.108086 0.214086 0.243905 0.0939825 0.175893 0.0823447 0.0341123 0.0119089 3.36263e-09 0 0 0.0797975 0.0767131 0.201664 0.325615 9.06422e-08 0.181321 0.0904603 0.0260428 0.00824237 1.81816e-11 0 0
387.604 1.62859 215.554 124.417 1.00986 1.02153 0.1 0.6 0.7 1.3 1.4 2 2.7 3.4 4.3 5.2 0 0 0.0441632 0.111641 0.208544 0.261533 0.0746286 0.178102 0.0851113 0.0319498 0.0126277 0.00155588 0 0 0.0792298 0.0764469 0.203203 0.323293 0.00987391 0.166175 0.105093 0.0211558 0.0370591 7.1081e-10 0 0
400.479 1.68269 224.018 132.881 1.01333 1.02155 0.1 0.6 0.7 1.3 1.4 2 2.7 3.4 4.3 5.2 0 0 0.0455225 0.096916 0.226596 0.224754 0.11293 0.175145 0.0813747 0.0346446 0.00634119 0.00910171 0 0 0.0811731 0.0812078 0.193713 0.285897 0.0406841 0.182302 0.0903806 0.0460037 0.0134273 0.0067584 0 0
362.956 1.52503 198.537 107.401 1.00737 1.00706 0.1 0.6 0.7 1.3 1.4 2 2.7 3.4 4.3 5.2 0 0 0.0442337 0.115867 0.203803 0.266932 0.069017 0.178093 0.0854432 0.0340478 0.00890286 0.00103399 0 0 0.0785064 0.087777 0.192875 0.325079 2.50984e-11 0.187812 0.0871974 0.0301651 0.0128462 0.00480079 0 0
431.821 1.81437 243.533 152.397 1.00826 1.02547 0.1 0.6 0.7 1.3 1.4 2 2.7 3.4 4.3 5.2 0 0 0.0444944 0.104916 0.218543 0.24377 0.0949873 0.181429 0.0817794 0.0253277 0.0130102 1.04391e-10 0 0 0.0790643 0.0796137 0.198593 0.314794 0.00875406 0.179399 0.0939122 0.0445736 0.0267671 4.58785e-08 0 0
469.548 1.97289 265.227 174.09 1.00941 1.04551 0.1 0.6 0.7 1.3 1.4 2 2.7 3.4 4.3 5.2 0 0 0.0444202 0.10837 0.213649 0.25892 0.0811356 0.178308 0.0789996 0.0341286 0.00466102 0.00682114 0 0 0.0784289 0.0812511 0.19662 0.324768 5.6614e-07 0.181905 0.107558 0.038806 0.0361685 3.56478e-11 0 0
436.95 1.83592 246.591 155.454 1.00533 0.97787 0.1 0.6 0.7 1.3 1.4 2 2.7 3.4 4.3 5.2 0 0 0.045054 0.0991011 0.224547 0.244056 0.0937997 0.180002 0.0834564 0.0304452 0.0048716 9.8399e-10 0 0 0.0792738 0.0769357 0.200224 0.304437 0.0141856 0.173221 0.0873142 0.0252129 0.0170653 9.45779e-10 0 0
350.934 1.47451 189.813 98.6762 1.0137 1.0121 0.1 0.6 0.7 1.3 1.4 2 2.7 3.4 4.3 5.2 0 0 0.0466017 0.128752 0.189751 0.255202 0.0723499 0.193196 0.0806843 0.034038 0.0131251 4.79481e-10 0 0 0.0792373 0.0810296 0.196793 0.311639 0.0106209 0.180433 0.0921501 0.038059 0.0221332 7.4178e-08 0 0
419.611 1.76307 236.104 144.967 1.00658 0.972964 0.1 0.6 0.7 1.3 1.4 2 2.7 3.4 4.3 5.2 0 0 0.0446882 0.106603 0.215313 0.244426 0.0909037 0.180169 0.0839366 0.0309032 0.00963558 1.86097e-09 0 0 0.0811127 0.0718586 0.215153 0.294938 0.038108 0.176595 0.0674364 0.00362302 0.0108893 0.01325 0 0
442.184 1.85792 249.675 158.539 1.00891 1.03423 0.1 0.6 0.7 1.3 1.4 2 2.7 3.4 4.3 5.2 0 0 0.0444286 0.0999663 0.22205 0.246451 0.0912278 0.174152 0.0846386 0.0397808 0.00621667 8.90672e-11 0 0 0.0795834 0.0815351 0.199636 0.324386 7.75109e-08 0.176399 0.100755 0.0289734 0.0429668 6.48092e-10 0 0
320.353 1.34602 166.199 75.0622 1.00896 1.02677 0.1 0.6 0.7 1.3 1.4 2 2.7 3.4 4.3 5.2 0 0 0.0443749 0.105132 0.216396 0.255781 0.0847352 0.179252 0.078745 0.0334057 0.00417646 0.00696029 0 0 0.0784461 0.0793432 0.197896 0.322376 6.38989e-08 0.18082 0.0988781 0.0420122 0.0270002 1.93324e-10 0 0
384.249 1.61449 213.302 122.166 1.01065 1.07721 0.1 0.6 0.7 1.3 1.4 2 2.7 3.4 4.3 5.2 0 0 0.0447896 0.104139 0.217925 0.237778 0.0985959 0.178013 0.083238 0.0240415 0.0221269 1.95455e-13 0 0 0.0785018 0.0832798 0.200381 0.320842 3.29374e-09 0.197609 0.0975922 0.0643839 0.0310277 0.00358972 0 0
425.397 1.78738 239.651 148.515 1.0076 1.01804 0.1 0.6 0.7 1.3 1.4 2 2.7 3.4 4.3 5.2 0 0 0.0446686 0.112039 0.209411 0.260351 0.0755983 0.179312 0.0838391 0.032126 0.0102565 4.72511e-11 0 0 0.0797591 0.0811062 0.195875 0.309894 0.0147378 0.180802 0.0942096 0.0449993 0.0166567 5.8638e-10 0 0
374.344 1.57287 206.539 115.402 1.0081 1.05057 0.1 0.6 0.7 1.3 1.4 2 2.7 3.4 4.3 5.2 0 0 0.0439933 0.10759 0.213191 0.247285 0.0905978 0.179246 0.0823661 0.0301885 0.0136396 1.531e-13 0 0 0.0795055 0.0823749 0.198333 0.319694 0.00697242 0.182111 0.0989675 0.0481277 0.032552 0.0019324 0 0
473.61 1.98996 267.458 176.321 1.01081 1.05145 0.1 0.6 0.7 1.3 1.4 2 2.7 3.4 4.3 5.2 0 0 0.0444462 0.106019 0.2172 0.24624 0.0912299 0.174323 0.0868676 0.037272 1.67422e-13 0.00721222 0 0 0.0781308 0.084905 0.197315 0.319432 4.3484e-09 0.190839 0.0922362 0.0505932 0.0379994 5.40068e-13 0 0
399.437 1.67831 223.343 132.206 1.01801 1.02176 0.1 0.6 0.7 1.3 1.4 2 2.7 3.4 4.3 5.2 0 0 0.0447481 0.102587 0.21876 0.246132 0.0891687 0.177548 0.0836545 0.0312106 0.016196 0.00800055 0 0 0.0786948 0.0821325 0.199441 0.320648 3.85016e-11 0.187588 0.0871275 0.0460413 0.020087 3.62304e-10 0 0
425.935 1.78964 239.978 148.842 1.0104 0.948297 0.1 0.6 0.7 1.3 1.4 2 2.7 3.4 4.3 5.2 0 0 0.0457184 0.111596 0.211675 0.253102 0.0778441 0.180295 0.0948173 0.0205719 0.0147788 1.91408e-08 0 0 0.0786497 0.083241 0.191708 0.322851 2.08404e-09 0.170818 0.0834269 0.0124061 0.00519617 1.13189e-10 0 0
325.25 1.36659 170.128 78.991 1.01009 1.02736 0.1 0.6 0.7 1.3 1.4 2 2.7 3.4 4.3 5.2 0 0 0.0443783 0.0954735 0.228589 0.240485 0.0986411 0.171582 0.0868057 0.0321784 0.011958 2.60875e-12 0 0 0.0783253 0.0774956 0.200973 0.325172 1.70912e-06 0.173023 0.109674 0.0326855 0.0300074 3.34733e-09 0 0
388.712 1.63324 216.293 125.157 1.01099 1.03636 0.1 0.6 0.7 1.3 1.4 2 2.7 3.4 4.3 5.2 0 0 0.0445642 0.112239 0.208056 0.259614 0.0778118 0.178162 0.0816506 0.0328251 0.0106148 0.00545692 0 0 0.0787433 0.0803775 0.197589 0.32667 2.77494e-09 0.177422 0.108251 0.037278 0.0300249 8.78683e-10 0 0
394.116 1.65595 219.869 128.732 1.01036 0.996639 0.1 0.6 0.7 1.3 1.4 2 2.7 3.4 4.3 5.2 0 0 0.0443891 0.10962 0.21173 0.262153 0.0772139 0.182119 0.0819826 0.0338507 0.00669787 0.000608622 0 0 0.0786979 0.079936 0.198417 0.312656 0.00454236 0.176627 0.0877891 0.0303589 0.0276152 9.08652e-10 0 0
419.118 1.761 235.799 144.663 1.00819 1.02287 0.1 0.6 0.7 1.3 1.4 2 2.7 3.4 4.3 5.2 0 0 0.0442755 0.107977 0.213309 0.255365 0.0844145 0.179325 0.0811158 0.0331781 0.00628505 0.00294827 0 0 0.07873 0.0803871 0.197552 0.321898 0.000390951 0.176155 0.0978597 0.0364597 0.0334421 5.55112e-17 0 0
400.907 1.68448 224.294 133.158 1.0089 1.00718 0.1 0.6 0.7 1.3 1.4 2 2.7 3.4 4.3 5.2 0 0 0.0446257 0.103001 0.219549 0.244897 0.0928405 0.178267 0.0810773 0.0337193 0.0109236 6.96943e-13 0 0 0.0794356 0.079378 0.19821 0.321838 4.19592e-09 0.184076 0.0956695 0.0292245 0.0193445 9.8837e-12 0 0
336.324 1.41313 178.8 87.6631 1.00575 1.0367 0.1 0.6 0.7 1.3 1.4 2 2.7 3.4 4.3 5.2 0 0 0.0442996 0.113653 0.206374 0.259275 0.0806359 0.175353 0.0836274 0.0270795 0.0134263 0.00202345 0 0 0.0794724 0.0970944 0.177223 0.317535 0.0147725 0.173194 0.10136 0.0407849 0.0352639 6.76618e-10 0 0
401.542 1.68715 224.704 133.567 1.0124 0.982379 0.1 0.6 0.7 1.3 1.4 2 2.7 3.4 4.3 5.2 0 0 0.0444842 0.110151 0.210301 0.256598 0.079154 0.178388 0.0837913 0.0281532 0.0196627 0.00171567 0 0 0.0792249 0.0834026 0.19477 0.330775 9.31546e-11 0.167784 0.0901792 0.0165858 0.0196573 6.33229e-10 0 0
441.904 1.85674 249.511 158.375 1.00484 1.00546 0.1 0.6 0.7 1.3 1.4 2 2.7 3.4 4.3 5.2 0 0 0.0441637 0.109644 0.211243 0.262217 0.0766773 0.178527 0.0855196 0.0352421 0.00160504 3.54585e-09 0 0 0.0792571 0.0775213 0.202233 0.316103 0.00996299 0.171757 0.0915513 0.0270712 0.0212312 0.00876912 0 0
395.048 1.65986 220.481 129.344 1.01132 1.06871 0.1 0.6 0.7 1.3 1.4 2 2.7 3.4 4.3 5.2 0 0 0.0445679 0.110026 0.210769 0.244493 0.0882583 0.177495 0.0825207 0.0329492 0.0202403 3.8427e-12 0 0 0.0790834 0.0813748 0.199287 0.324339 0.00581215 0.185637 0.10639 0.047138 0.0396531 1.6887e-12 0 0
436.332 1.83333 246.224 155.088 1.00281 1.04582 0.1 0.6 0.7 1.3 1.4 2 2.7 3.4 4.3 5.2 0 0 0.0441211 0.106112 0.215996 0.2494 0.0930871 0.174851 0.0819053 0.0318555 0.00451918 0.000960334 0 0 0.0786159 0.0773467 0.202103 0.328474 0.00546494 0.174545 0.114693 0.0361909 0.028382 5.65818e-10 0 0
428.511 1.80046 241.54 150.403 1.01231 1.00043 0.1 0.6 0.7 1.3 1.4 2 2.7 3.4 4.3 5.2 0 0 0.0454639 0.107949 0.214062 0.25403 0.0776992 0.181744 0.0867023 0.025894 0.016163 0.00260591 0 0 0.0803095 0.078414 0.202941 0.31512 0.0105973 0.182188 0.0851453 0.0195925 0.0190799 0.00703831 0 0
467.057 1.96242 263.849 172.712 1.00875 1.01382 0.1 0.6 0.7 1.3 1.4 2 2.7 3.4 4.3 5.2 0 0 0.0444917 0.104167 0.218538 0.251525 0.0863747 0.177203 0.0834768 0.0321429 0.00178074 0.00905244 0 0 0.0779252 0.0779654 0.201997 0.318149 4.27328e-05 0.182509 0.0958441 0.0352833 0.0240991 6.6516e-10 0 0
432.216 1.81603 243.77 152.633 1.01129 1.06761 0.1 0.6 0.7 1.3 1.4 2 2.7 3.4 4.3 5.2 0 0 0.0445565 0.110102 0.211071 0.25267 0.0827363 0.1791 0.082341 0.0280653 0.0206465 2.6607e-11 0 0 0.0797846 0.0839831 0.196393 0.328018 1.92499e-09 0.186857 0.103785 0.0527064 0.0360866 7.66211e-08 0 0
401.51 1.68702 224.684 133.547 1.0077 1.04283 0.1 0.6 0.7 1.3 1.4 2 2.7 3.4 4.3 5.2 0 0 0.0440595 0.109774 0.21076 0.253982 0.0829963 0.177872 0.0818593 0.0329023 0.0134924 1.48592e-12 0 0 0.0787947 0.0812174 0.197911 0.325742 7.62229e-08 0.178627 0.107153 0.0366118 0.0367717 2.02849e-09 0 0
392.264 1.64817 218.649 127.513 1.01028 1.05343 0.1 0.6 0.7 1.3 1.4 2 2.7 3.4 4.3 5.2 0 0 0.0440537 0.105306 0.214899 0.251588 0.0871502 0.178022 0.0832399 0.0285471 0.0174727 1.68198e-10 0 0 0.0792375 0.080151 0.200191 0.331279 3.80798e-09 0.176811 0.11025 0.0361943 0.0347227 0.00459352 0 0
443.216 1.86225 250.279 159.142 1.01008 0.984694 0.1 0.6 0.7 1.3 1.4 2 2.7 3.4 4.3 5.2 0 0 0.0442737 0.114281 0.205749 0.26508 0.0718687 0.178682 0.0842193 0.0323344 0.0125354 0.00105979 0 0 0.0786495 0.0818734 0.19598 0.325627 7.01172e-09 0.1643 0.0907732 0.0226852 0.0248056 2.11492e-09 0 0
365.249 1.53466 200.168 109.032 1.00402 1.02092 0.1 0.6 0.7 1.3 1.4 2 2.7 3.4 4.3 5.2 0 0 0.0458471 0.111212 0.21143 0.247007 0.0906881 0.182563 0.0806609 0.0240391 0.0105774 8.87174e-11 0 0 0.0792354 0.0779732 0.200415 0.313617 0.0132774 0.171155 0.0882265 0.0335474 0.0270673 0.0164029 0 0
437.581 1.83857 246.965 155.828 1.00962 1.03234 0.1 0.6 0.7 1.3 1.4 2 2.7 3.4 4.3 5.2 0 0 0.0450664 0.109705 0.212382 0.25712 0.0790466 0.17816 0.0835198 0.0373639 4.47919e-13 0.0072551 0 0 0.0792714 0.0798571 0.199041 0.320829 0.00458601 0.186758 0.0947114 0.0430735 0.0209533 0.00326323 0 0
415.825 1.74716 233.757 142.62 1.01299 1.04696 0.1 0.6 0.7 1.3 1.4 2 2.7 3.4 4.3 5.2 0 0 0.0443708 0.109249 0.213459 0.254468 0.0826506 0.174741 0.0829378 0.0321086 0.00438083 0.0146267 0 0 0.0784436 0.0792142 0.201261 0.320089 0.00672981 0.180228 0.101761 0.0379788 0.041255 4.53467e-11 0 0
391.672 1.64568 218.258 127.121 1.01296 0.998382 0.1 0.6 0.7 1.3 1.4 2 2.7 3.4 4.3 5.2 0 0 0.0444006 0.109936 0.212011 0.25584 0.0845287 0.183175 0.0789717 0.0267899 0.0173054 1.80855e-13 0 0 0.0787161 0.0801375 0.197717 0.318758 9.01533e-11 0.176826 0.0956855 0.0374368 0.0131042 2.62618e-12 0 0
389.26 1.63555 216.658 125.522 1.00469 1.03197 0.1 0.6 0.7 1.3 1.4 2 2.7 3.4 4.3 5.2 0 0 0.045836 0.112226 0.207337 0.230736 0.105219 0.182206 0.0702956 0.0466361 0.00419752 3.83618e-09 0 0 0.0801055 0.0819506 0.198761 0.313921 0.013186 0.183118 0.0972405 0.0352569 0.028427 1.37749e-08 0 0
358.341 1.50563 195.223 104.086 1.01206 1.01184 0.1 0.6 0.7 1.3 1.4 2 2.7 3.4 4.3 5.2 0 0 0.0446568 0.105496 0.216295 0.247974 0.0889384 0.18004 0.0808333 0.0263628 0.0214672 7.61408e-12 0 0 0.0790945 0.0759201 0.204255 0.314712 0.0143221 0.175109 0.10052 0.0287912 0.0191176 2.02099e-09 0 0
382.32 1.60639 211.999 120.863 1.00849 1.02411 0.1 0.6 0.7 1.3 1.4 2 2.7 3.4 4.3 5.2 0 0 0.0447517 0.108121 0.213886 0.241348 0.0946142 0.18073 0.0798302 0.0315713 0.0136388 2.10103e-09 0 0 0.0788143 0.0799271 0.20005 0.314619 0.00588732 0.184414 0.0901798 0.0426738 0.0275401 1.28718e-10 0 0
369.72 1.55345 203.319 112.183 1.01237 1.0062 0.1 0.6 0.7 1.3 1.4 2 2.7 3.4 4.3 5.2 0 0 0.044252 0.108227 0.212204 0.246698 0.0908537 0.177314 0.0807507 0.0318032 0.0202683 4.44089e-16 0 0 0.0795861 0.0848636 0.195274 0.327546 2.09516e-12 0.180672 0.0925935 0.0253796 0.019668 0.000614405 0 0
357.83 1.50349 194.853 103.716 1.00803 1.05258 0.1 0.6 0.7 1.3 1.4 2 2.7 3.4 4.3 5.2 0 0 0.0449535 0.0947887 0.230365 0.224202 0.109448 0.17465 0.0843793 0.0309392 0.0143076 2.3915e-11 0 0 0.0792628 0.0798084 0.201208 0.314202 0.0114932 0.188461 0.102508 0.0431088 0.0325248 1.18195e-09 0 0
343.196 1.442 184.039 92.902 1.00584 1.0162 0.1 0.6 0.7 1.3 1.4 2 2.7 3.4 4.3 5.2 0 0 0.0444309 0.104402 0.217246 0.251653 0.0867778 0.181304 0.0775458 0.0298863 0.0125972 1.3793e-10 0 0 0.0791255 0.0799432 0.200885 0.319645 0.000884716 0.184702 0.0894393 0.0368633 0.0247144 3.43802e-09 0 0
421.039 1.76907 236.984 145.848 1.00775 0.969417 0.1 0.6 0.7 1.3 1.4 2 2.7 3.4 4.3 5.2 0 0 0.044761 0.114557 0.205489 0.277149 0.0592297 0.185264 0.0829227 0.0294787 0.00889445 4.8372e-10 0 0 0.0790222 0.0777256 0.19855 0.307365 0.0102467 0.172775 0.0829266 0.0252506 0.0155549 1.50605e-10 0 0
380.867 1.60028 211.013 119.876 1.00907 1.02896 0.1 0.6 0.7 1.3 1.4 2 2.7 3.4 4.3 5.2 0 0 0.0439202 0.10871 0.213351 0.251396 0.0867131 0.173768 0.0860805 0.0345747 0.0105615 2.26674e-12 0 0 0.0783505 0.0853329 0.191676 0.326874 1.06631e-08 0.176984 0.101071 0.0392714 0.029398 1.64413e-09 0 0
397.02 1.66815 221.77 130.634 1.01053 0.966971 0.1 0.6 0.7 1.3 1.4 2 2.7 3.4 4.3 5.2 0 0 0.0442181 0.112383 0.207694 0.257421 0.0801098 0.18178 0.0821583 0.0327654 0.0120026 2.70871e-11 0 0 0.0787203 0.0887781 0.189052 0.323752 1.54753e-09 0.173407 0.0795537 0.0226275 0.0110815 5.20135e-11 0 0
399.367 1.67801 223.297 132.16 1.01254 1.1916 0.1 0.6 0.7 1.3 1.4 2 2.7 3.4 4.3 5.2 0 0 0.0443922 0.115918 0.204762 0.263435 0.0714349 0.178752 0.0844265 0.0296132 0.0179216 0.00188556 0 0 0.0797468 0.0899113 0.196979 0.345842 1.94442e-07 0.216685 0.147708 0.0643194 0.0504083 3.0116e-09 0 0
394.327 1.65684 220.008 128.871 1.01085 1.01349 0.1 0.6 0.7 1.3 1.4 2 2.7 3.4 4.3 5.2 0 0 0.0441992 0.107962 0.213249 0.257481 0.0810169 0.179762 0.083841 0.0348691 0.00846829 3.91185e-11 0 0 0.0791424 0.0794483 0.19768 0.324309 4.45112e-09 0.175414 0.100685 0.0313408 0.0254699 6.55405e-09 0 0
367.607 1.54457 201.835 110.699 1.00856 1.02041 0.1 0.6 0.7 1.3 1.4 2 2.7 3.4 4.3 5.2 0 0 0.0441522 0.112723 0.207142 0.261282 0.0762522 0.180727 0.0819737 0.031246 0.0130633 5.92171e-12 0 0 0.0790939 0.0807821 0.197273 0.320879 0.0042478 0.173302 0.103962 0.029912 0.0309614 2.9926e-10 0 0
405.236 1.70267 227.075 135.939 1.00829 1.0411 0.1 0.6 0.7 1.3 1.4 2 2.7 3.4 4.3 5.2 0 0 0.0443733 0.108744 0.211848 0.252308 0.0842136 0.175761 0.0821644 0.0387604 0.0101145 3.41378e-11 0 0 0.0789205 0.0799531 0.199763 0.320622 0.00568345 0.182558 0.101161 0.0444555 0.0279835 4.81283e-08 0 0
435.305 1.82901 245.614 154.478 1.01259 1.01981 0.1 0.6 0.7 1.3 1.4 2 2.7 3.4 4.3 5.2 0 0 0.0445995 0.115586 0.205072 0.268819 0.0664247 0.180967 0.0836688 0.0346677 1.68292e-06 0.0127792 0 0 0.0788778 0.0804886 0.200717 0.320093 1.75708e-08 0.183829 0.0864598 0.0392653 0.0291373 0.000940514 0 0
411.607 1.72944 231.116 139.979 1.01146 1.00745 0.1 0.6 0.7 1.3 1.4 2 2.7 3.4 4.3 5.2 0 0 0.0450245 0.120716 0.199233 0.267966 0.0670749 0.178784 0.0909042 0.0233774 0.0183809 1.66439e-11 0 0 0.0777083 0.0892101 0.18605 0.333103 9.92628e-07 0.167498 0.105048 0.0258132 0.0230161 5.18858e-11 0 0
388.74 1.63336 216.312 125.175 1.00766 1.0114 0.1 0.6 0.7 1.3 1.4 2 2.7 3.4 4.3 5.2 0 0 0.0444539 0.108498 0.213648 0.252234 0.0857157 0.179812 0.0816857 0.0313842 0.00385075 0.00638094 0 0 0.0787356 0.0794395 0.200343 0.307256 0.0122938 0.181967 0.0862936 0.0351993 0.0298742 1.05827e-07 0 0
388.769 1.63348 216.331 125.195 1.0107 0.998044 0.1 0.6 0.7 1.3 1.4 2 2.7 3.4 4.3 5.2 0 0 0.0441912 0.110701 0.210032 0.262201 0.074937 0.176296 0.0816693 0.036235 0.00638602 0.00804918 0 0 0.0789323 0.087113 0.189413 0.323904 9.94233e-09 0.180391 0.0948838 0.0296662 0.013742 1.23073e-11 0 0
436.374 1.8335 246.25 155.113 1.01127 1.02273 0.1 0.6 0.7 1.3 1.4 2 2.7 3.4 4.3 5.2 0 0 0.0445593 0.114199 0.206358 0.264568 0.0712554 0.17927 0.083785 0.0336904 0.0135875 1.37577e-08 0 0 0.0803911 0.082106 0.197563 0.293122 0.0318104 0.185089 0.085363 0.0494064 0.0178809 9.4068e-10 0 0
403.663 1.69606 226.069 134.932 1.00695 0.977074 0.1 0.6 0.7 1.3 1.4 2 2.7 3.4 4.3 5.2 0 0 0.0446093 0.110876 0.210017 0.257678 0.0786418 0.175971 0.0813881 0.0346646 0.00765243 0.00545111 0 0 0.0784653 0.0855898 0.191117 0.321034 7.97228e-08 0.177068 0.0862155 0.0263584 0.0112253 6.96738e-08 0 0
417.292 1.75333 234.668 143.532 1.01101 0.986058 0.1 0.6 0.7 1.3 1.4 2 2.7 3.4 4.3 5.2 0 0 0.0447287 0.110649 0.211134 0.261321 0.0746158 0.178101 0.0810144 0.032385 0.0109688 0.00609116 0 0 0.0782692 0.0870908 0.190527 0.321717 3.95525e-11 0.181502 0.0864955 0.0305875 0.00986975 1.84341e-12 0 0
364.525 1.53162 199.654 108.518 1.01183 1.03186 0.1 0.6 0.7 1.3 1.4 2 2.7 3.4 4.3 5.2 0 0 0.0443593 0.101742 0.222002 0.248165 0.0927446 0.17264 0.0848015 0.0326548 5.04547e-09 0.0127243 0 0 0.0783092 0.0740724 0.202274 0.332004 0.00425835 0.15738 0.122046 0.020172 0.0413433 2.86082e-11 0 0
350.281 1.47177 189.331 98.1943 1.00495 1.01145 0.1 0.6 0.7 1.3 1.4 2 2.7 3.4 4.3 5.2 0 0 0.0450423 0.0926098 0.231607 0.22412 0.111559 0.17409 0.0841923 0.0372384 0.00449358 5.10481e-12 0 0 0.0796388 0.078362 0.201356 0.318 0.00372633 0.176409 0.091192 0.0301353 0.0326289 2.75156e-10 0 0
396.732 1.66694 221.583 130.446 1.01257 0.988233 0.1 0.6 0.7 1.3 1.4 2 2.7 3.4 4.3 5.2 0 0 0.0449501 0.0984681 0.224337 0.237528 0.0997112 0.174043 0.0821672 0.033932 0.0139093 0.00352321 0 0 0.0798222 0.0771411 0.201076 0.31809 0.00423098 0.178422 0.0895532 0.0238732 0.0160239 2.38644e-09 0 0
370.632 1.55728 203.958 112.821 1.01281 1.07029 0.1 0.6 0.7 1.3 1.4 2 2.7 3.4 4.3 5.2 0 0 0.0451435 0.11041 0.210777 0.241381 0.0956765 0.184721 0.0732472 0.0354346 0.0160232 1.18803e-11 0 0 0.0795501 0.0844802 0.194223 0.325676 9.63093e-10 0.188496 0.0991239 0.0510262 0.0364806 0.0112377 0 0
374.955 1.57544 206.961 115.824 1.0117 1.03215 0.1 0.6 0.7 1.3 1.4 2 2.7 3.4 4.3 5.2 0 0 0.04477 0.109051 0.2127 0.247513 0.0902276 0.178261 0.0787622 0.0383974 0.00392274 0.00809065 0 0 0.0788157 0.0803444 0.198896 0.311897 0.00938345 0.182664 0.0870905 0.0447079 0.0285093 0.00983656 0 0
353.988 1.48734 192.057 100.921 1.00805 1.02367 0.1 0.6 0.7 1.3 1.4 2 2.7 3.4 4.3 5.2 0 0 0.0446006 0.109548 0.212691 0.25261 0.0834569 0.179442 0.0812996 0.0320331 0.0123637 8.40958e-10 0 0 0.0787976 0.0801673 0.197289 0.32284 6.89275e-05 0.178749 0.101205 0.039178 0.0251489 0.000223607 0 0
356.946 1.49977 194.212 103.076 1.00594 0.999743 0.1 0.6 0.7 1.3 1.4 2 2.7 3.4 4.3 5.2 0 0 0.044833 0.104429 0.21724 0.250577 0.085889 0.179845 0.083229 0.0284835 0.0114149 6.44435e-11 0 0 0.0810247 0.0753981 0.209662 0.30875 0.02418 0.173471 0.0781634 0.00898419 0.0189014 0.0212083 0 0
373.336 1.56864 205.84 114.704 1.01281 1.08881 0.1 0.6 0.7 1.3 1.4 2 2.7 3.4 4.3 5.2 0 0 0.043998 0.109693 0.210893 0.249442 0.0899235 0.176567 0.0813367 0.031797 0.0191626 7.76397e-11 0 0 0.0792079 0.0825812 0.199423 0.329521 0.00645788 0.173835 0.118457 0.0404048 0.058923 6.2306e-09 0 0
441.422 1.85471 249.228 158.092 1.01077 1.02622 0.1 0.6 0.7 1.3 1.4 2 2.7 3.4 4.3 5.2 0 0 0.0444738 0.111062 0.212583 0.253568 0.0816144 0.176237 0.0873427 0.0240693 0.0160635 0.00375879 0 0 0.0788538 0.0798571 0.201038 0.309024 0.0128281 0.184961 0.0899313 0.0412775 0.0242413 0.00420392 0 0
421.25 1.76996 237.114 145.977 1.0065 0.986729 0.1 0.6 0.7 1.3 1.4 2 2.7 3.4 4.3 5.2 0 0 0.0450659 0.0997694 0.22167 0.23272 0.10266 0.176882 0.0816033 0.0359617 0.0101688 2.4947e-09 0 0 0.0792247 0.0822567 0.194809 0.325006 0.00473828 0.168938 0.0972124 0.0238923 0.0106511 5.77224e-10 0 0
414.591 1.74198 232.987 141.85 1.0071 1.01609 0.1 0.6 0.7 1.3 1.4 2 2.7 3.4 4.3 5.2 0 0 0.044316 0.109394 0.212564 0.256001 0.0834039 0.18055 0.0829066 0.030551 0.00291684 0.00450197 0 0 0.0808725 0.0774538 0.210245 0.308182 0.0237201 0.177167 0.0702289 0.00615225 0.0347883 0.0272751 0 0
411.329 1.72827 230.941 139.804 1.00765 1.00565 0.1 0.6 0.7 1.3 1.4 2 2.7 3.4 4.3 5.2 0 0 0.0445728 0.109965 0.212362 0.253059 0.0848077 0.178194 0.0834271 0.0336533 0.00760578 4.22121e-11 0 0 0.0797637 0.0804004 0.197561 0.303457 0.0205254 0.179952 0.0885062 0.0367823 0.018704 2.81386e-13 0 0
354.49 1.48946 192.425 101.288 1.00835 1.01653 0.1 0.6 0.7 1.3 1.4 2 2.7 3.4 4.3 5.2 0 0 0.0443008 0.0978164 0.223853 0.242992 0.0953731 0.177169 0.0760858 0.0396896 0.0110731 1.98547e-12 0 0 0.0800205 0.0780217 0.199703 0.317925 0.00903177 0.179398 0.0912366 0.0379824 0.0232084 1.64535e-07 0 0
423.975 1.78141 238.784 147.648 1.01405 1.04825 0.1 0.6 0.7 1.3 1.4 2 2.7 3.4 4.3 5.2 0 0 0.0446479 0.0969518 0.228257 0.240105 0.100544 0.171722 0.0816564 0.0315882 0.000860996 0.017714 0 0 0.0783064 0.0774394 0.199675 0.330847 2.1611e-08 0.170218 0.122207 0.0351644 0.0343956 1.75e-10 0 0
380.12 1.59714 210.505 119.368 1.00474 1.15304 0.1 0.6 0.7 1.3 1.4 2 2.7 3.4 4.3 5.2 0 0 0.044892 0.112974 0.207286 0.2688 0.0704605 0.181578 0.0799162 0.0297143 0.00911601 4.44325e-11 0 0 0.0801391 0.0863771 0.198751 0.338594 0.00489616 0.217978 0.127982 0.0691289 0.0291902 5.37198e-11 0 0
364.32 1.53076 199.509 108.372 1.00782 1.37555 0.1 0.6 0.7 1.3 1.4 2 2.7 3.4 4.3 5.2 0 0 0.0447267 0.116218 0.20655 0.252255 0.0806117 0.179687 0.0891651 0.0226095 0.0125513 0.00344472 0 0 0.0797794 0.0953379 0.207749 0.363678 3.82576e-10 0.277598 0.162626 0.134732 0.0540535 3.95262e-10 0 0
382.289 1.60626 211.978 120.842 1.0103 1.19083 0.1 0.6 0.7 1.3 1.4 2 2.7 3.4 4.3 5.2 0 0 0.0444188 0.105153 0.217341 0.239221 0.101103 0.173365 0.0842713 0.0249679 0.020462 3.97156e-10 0 0 0.0737971 0.088773 0.204907 0.310265 1.10883e-10 0.217704 0.111474 0.0922902 0.071852 0.0197715 0 0
392.935 1.65099 219.092 127.956 1.00613 1.1301 0.1 0.6 0.7 1.3 1.4 2 2.7 3.4 4.3 5.2 0 0 0.0455128 0.102445 0.221934 0.229749 0.107805 0.176162 0.0823552 0.0351564 0.00325354 0.00175358 0 0 0.0769809 0.0889021 0.199843 0.29851 0.00650505 0.223702 0.0697621 0.0937595 0.0399884 0.0321514 0 0
395.879 1.66336 221.025 129.888 1.01039 1.18171 0.1 0.6 0.7 1.3 1.4 2 2.7 3.4 4.3 5.2 0 0 0.0450899 0.116009 0.205511 0.241986 0.0918304 0.183112 0.0821544 0.029814 0.00762785 0.0072555 0 0 0.0765146 0.0924682 0.194014 0.309605 6.42104e-08 0.230897 0.0794694 0.115845 0.0490845 0.0338122 0 0
406.019 1.70596 227.576 136.439 1.02184 1.07253 0.1 0.6 0.7 1.3 1.4 2 2.7 3.4 4.3 5.2 0 0 0.044312 0.107613 0.215603 0.250304 0.0863413 0.176048 0.084902 0.036346 0.0028955 0.01748 0 0 0.0770327 0.0818192 0.205124 0.31378 3.00256e-11 0.208189 0.0877934 0.0685658 0.0288432 0.00138839 0 0
364.308 1.53071 199.5 108.364 1.00662 1.34268 0.1 0.6 0.7 1.3 1.4 2 2.7 3.4 4.3 5.2 0 0 0.0440503 0.111058 0.210615 0.258228 0.0805925 0.179314 0.0860855 0.024835 0.00592251 0.0059179 0 0 0.075199 0.100045 0.199016 0.320735 6.20046e-10 0.216724 0.0938416 0.127892 0.131993 0.0772353 0 0
380.044 1.59682 210.452 119.316 1.0139 1.2055 0.1 0.6 0.7 1.3 1.4 2 2.7 3.4 4.3 5.2 0 0 0.0441404 0.103417 0.220854 0.2387 0.100048 0.169357 0.0849039 0.0334149 0.00447683 0.0145846 0 0 0.0747905 0.0896686 0.20429 0.312732 7.63632e-09 0.216716 0.0996114 0.0948314 0.0808989 0.0319642 0 0
458.385 1.92599 258.995 167.858 1.0144 1.21657 0.1 0.6 0.7 1.3 1.4 2 2.7 3.4 4.3 5.2 0 0 0.0452333 0.114654 0.206333 0.249817 0.0849045 0.181166 0.0816008 0.026987 0.0188944 0.00481193 0 0 0.0766511 0.0959758 0.196338 0.31051 4.1495e-10 0.236069 0.0878393 0.123009 0.0592844 0.0308944 0 0
442.165 1.85783 249.664 158.527 1.00991 1.02182 0.1 0.6 0.7 1.3 1.4 2 2.7 3.4 4.3 5.2 0 0 0.0448909 0.117569 0.204465 0.259505 0.0747695 0.184936 0.0895126 0.019327 0.0149372 1.56479e-10 0 0 0.0754133 0.0788188 0.210262 0.303734 1.27896e-11 0.199292 0.0781186 0.0567131 0.019464 6.76286e-09 0 0
424.204 1.78237 238.924 147.787 1.01046 1.00583 0.1 0.6 0.7 1.3 1.4 2 2.7 3.4 4.3 5.2 0 0 0.0456817 0.110022 0.211855 0.245415 0.0900733 0.182489 0.07778 0.0378887 4.25093e-12 0.00925974 0 0 0.0794102 0.078317 0.200807 0.314969 0.00935257 0.172516 0.0932468 0.0295502 0.027662 2.31482e-14 0 0
387.344 1.6275 215.38 124.244 1.00952 1.03076 0.1 0.6 0.7 1.3 1.4 2 2.7 3.4 4.3 5.2 0 0 0.0450612 0.108164 0.213069 0.256772 0.0772915 0.179385 0.0884916 0.023882 0.0174025 7.61875e-11 0 0 0.0788965 0.0795686 0.198507 0.325281 8.42546e-09 0.177793 0.105579 0.0330125 0.0321223 7.59598e-12 0 0
373.925 1.57111 206.248 115.112 1.00564 0.982493 0.1 0.6 0.7 1.3 1.4 2 2.7 3.4 4.3 5.2 0 0 0.0450007 0.121178 0.198499 0.272891 0.0582015 0.183729 0.0878008 0.0275985 0.00963111 0.0011073 0 0 0.0785252 0.0878448 0.188866 0.325105 1.50534e-06 0.178342 0.0839236 0.0280255 0.0118607 8.68618e-11 0 0
359.678 1.51125 196.187 105.051 1.01265 0.980736 0.1 0.6 0.7 1.3 1.4 2 2.7 3.4 4.3 5.2 0 0 0.045306 0.0973865 0.227143 0.233718 0.100841 0.174596 0.0845452 0.0337298 0.0123997 0.00298312 0 0 0.0787588 0.0858023 0.193014 0.32267 4.40586e-09 0.179171 0.0808662 0.0251516 0.015303 5.66726e-08 0 0
382.774 1.60829 212.306 121.17 1.00473 1.01145 0.1 0.6 0.7 1.3 1.4 2 2.7 3.4 4.3 5.2 0 0 0.0446896 0.112436 0.207217 0.247268 0.0902542 0.178866 0.0768942 0.0380266 0.00907932 1.63972e-11 0 0 0.0796939 0.0790313 0.199037 0.319643 0.00999223 0.170721 0.103978 0.0219916 0.0273632 4.25119e-10 0 0
411.038 1.72705 230.758 139.621 1.01203 0.947983 0.1 0.6 0.7 1.3 1.4 2 2.7 3.4 4.3 5.2 0 0 0.0449005 0.11444 0.207377 0.261412 0.0709007 0.179979 0.0934843 0.0252775 0.0113598 0.00289518 0 0 0.0777153 0.0834475 0.192162 0.327788 4.05147e-09 0.162741 0.084979 0.014449 0.00470045 2.05786e-10 0 0
402.51 1.69122 225.327 134.191 1.00903 1.03473 0.1 0.6 0.7 1.3 1.4 2 2.7 3.4 4.3 5.2 0 0 0.0456907 0.108534 0.213721 0.236507 0.0967722 0.181042 0.0812909 0.0329841 0.0122618 0.000224115 0 0 0.0789972 0.0793707 0.199216 0.315764 0.00999848 0.18115 0.102319 0.0407855 0.027135 1.67416e-09 0 0
378.36 1.58975 209.302 118.165 1.0118 1.06105 0.1 0.6 0.7 1.3 1.4 2 2.7 3.4 4.3 5.2 0 0 0.0440355 0.108588 0.21144 0.250076 0.0853704 0.179786 0.0824991 0.0307001 0.019307 3.44169e-15 0 0 0.0796363 0.082682 0.199282 0.328742 0.000692607 0.183712 0.100427 0.0428297 0.0417282 0.0013183 0 0
459.314 1.92989 259.519 168.383 1.00869 1.08143 0.1 0.6 0.7 1.3 1.4 2 2.7 3.4 4.3 5.2 0 0 0.0446676 0.10549 0.217349 0.248853 0.087265 0.177641 0.084236 0.0283535 0.00840956 0.00642622 0 0 0.0794548 0.083111 0.200073 0.327426 1.89922e-10 0.198693 0.100343 0.0485746 0.0365654 0.00718481 0 0
386.476 1.62385 214.799 123.662 1.01035 1.05599 0.1 0.6 0.7 1.3 1.4 2 2.7 3.4 4.3 5.2 0 0 0.0440231 0.104281 0.218873 0.242566 0.0963629 0.173685 0.0845781 0.0339741 0.00639558 0.00561189 0 0 0.0788735 0.0806046 0.198703 0.328307 7.27196e-13 0.18212 0.10904 0.0415191 0.0368212 1.70292e-08 0 0
321.298 1.34999 166.961 75.8248 1.01032 1.04905 0.1 0.6 0.7 1.3 1.4 2 2.7 3.4 4.3 5.2 0 0 0.0440881 0.10478 0.215902 0.250825 0.0860192 0.175997 0.0829352 0.0314595 0.0130026 0.00530825 0 0 0.0791749 0.0805713 0.198826 0.325687 0.00212857 0.178353 0.104746 0.0415435 0.0380209 1.99554e-11 0 0
522.478 2.19529 292.891 201.754 1.00858 0.995339 0.1 0.6 0.7 1.3 1.4 2 2.7 3.4 4.3 5.2 0 0 0.0451577 0.102247 0.219135 0.244639 0.094516 0.172717 0.0889674 0.0312678 0.0054568 0.00447677 0 0 0.081864 0.078517 0.196103 0.288996 0.0476809 0.162717 0.10152 0.0187666 0.0191737 6.85347e-10 0 0
418.965 1.76036 235.705 144.569 1.00786 1.03065 0.1 0.6 0.7 1.3 1.4 2 2.7 3.4 4.3 5.2 0 0 0.044655 0.10656 0.215815 0.250726 0.0861594 0.174041 0.0860041 0.0312191 0.010935 0.00174259 0 0 0.0790575 0.0804826 0.197435 0.319679 0.00501925 0.183772 0.10304 0.0371606 0.0230911 0.00191484 0 0
402.807 1.69247 225.518 134.382 1.01196 0.972266 0.1 0.6 0.7 1.3 1.4 2 2.7 3.4 4.3 5.2 0 0 0.0442684 0.110597 0.211145 0.255435 0.0840752 0.182403 0.0813694 0.0304378 0.0122287 2.90993e-10 0 0 0.0790857 0.0774098 0.201522 0.305199 0.0136137 0.171932 0.0826646 0.0228498 0.0179899 1.02437e-08 0 0
454.299 1.90882 256.676 165.539 1.01256 1.03243 0.1 0.6 0.7 1.3 1.4 2 2.7 3.4 4.3 5.2 0 0 0.0450486 0.103427 0.220044 0.245836 0.0901738 0.178698 0.0816125 0.0289546 0.00975278 0.00901658 0 0 0.07954 0.0818536 0.195897 0.322094 9.87738e-08 0.183828 0.0924242 0.0438335 0.0296743 0.00328304 0 0
443.637 1.86402 250.525 159.388 1.00729 0.996775 0.1 0.6 0.7 1.3 1.4 2 2.7 3.4 4.3 5.2 0 0 0.0441207 0.112185 0.208145 0.260057 0.0777123 0.177961 0.087112 0.0304372 0.00955706 3.30924e-10 0 0 0.0785301 0.0884416 0.18941 0.324653 1.08746e-10 0.173984 0.0947475 0.0216564 0.0253536 9.0048e-12 0 0
409.258 1.71957 229.634 138.497 1.00865 0.99993 0.1 0.6 0.7 1.3 1.4 2 2.7 3.4 4.3 5.2 0 0 0.0446325 0.103109 0.21949 0.243072 0.0941512 0.176985 0.0832597 0.0329213 0.0110286 1.27016e-08 0 0 0.0787694 0.0842365 0.196005 0.319677 1.89557e-07 0.179288 0.0834551 0.0329507 0.0255477 2.13405e-08 0 0
408.07 1.71458 228.881 137.744 1.01342 1.05031 0.1 0.6 0.7 1.3 1.4 2 2.7 3.4 4.3 5.2 0 0 0.044609 0.100207 0.22361 0.239967 0.0974823 0.171268 0.0842754 0.0300471 0.00698247 0.0149707 0 0 0.0789894 0.079904 0.201232 0.329039 8.7718e-09 0.1762 0.114298 0.031529 0.0391152 1.31032e-11 0 0
444.683 1.86842 251.135 159.998 1.01098 1.0268 0.1 0.6 0.7 1.3 1.4 2 2.7 3.4 4.3 5.2 0 0 0.045827 0.0981562 0.226029 0.233147 0.102682 0.177096 0.0790151 0.0411299 3.28881e-11 0.00790142 0 0 0.0798871 0.0793443 0.201005 0.315136 0.010581 0.182902 0.0901345 0.0302882 0.0272009 0.0103226 0 0
471.576 1.98141 266.343 175.206 1.0131 1.03879 0.1 0.6 0.7 1.3 1.4 2 2.7 3.4 4.3 5.2 0 0 0.0446804 0.110509 0.211676 0.253306 0.0833224 0.177244 0.0826591 0.0359596 1.00427e-09 0.0137409 0 0 0.078655 0.0774264 0.201136 0.331139 9.17741e-05 0.175657 0.110881 0.0348137 0.0289869 3.09982e-10 0 0
423.511 1.77946 238.5 147.364 1.00587 1.0039 0.1 0.6 0.7 1.3 1.4 2 2.7 3.4 4.3 5.2 0 0 0.0446772 0.104729 0.217418 0.24868 0.0873344 0.175051 0.0859509 0.0362309 0.00579348 2.45436e-11 0 0 0.078715 0.0747029 0.202422 0.323418 0.00578342 0.171314 0.105885 0.0234857 0.0181684 1.46855e-11 0 0
401.301 1.68614 224.548 133.412 1.01198 1.08268 0.1 0.6 0.7 1.3 1.4 2 2.7 3.4 4.3 5.2 0 0 0.0446071 0.103981 0.21693 0.244791 0.0937072 0.176734 0.0831778 0.0284988 0.0195552 2.60902e-15 0 0 0.0791474 0.0828468 0.196621 0.330943 1.049e-09 0.18761 0.118147 0.0502613 0.0371041 1.6761e-12 0 0
349.959 1.47041 189.092 97.9556 1.00739 0.978915 0.1 0.6 0.7 1.3 1.4 2 2.7 3.4 4.3 5.2 0 0 0.0440562 0.110656 0.211567 0.248756 0.0899305 0.177268 0.0813413 0.033236 0.0105754 3.13671e-12 0 0 0.0785106 0.0864891 0.189905 0.32389 0.000311076 0.16792 0.0872762 0.0268044 0.0178091 6.88147e-10 0 0
340.701 1.43152 182.148 91.0118 1.01823 0.996917 0.1 0.6 0.7 1.3 1.4 2 2.7 3.4 4.3 5.2 0 0 0.0454056 0.11536 0.205009 0.254774 0.0821303 0.180187 0.0739997 0.0424721 0.00328473 0.0156104 0 0 0.0791202 0.0932507 0.180134 0.326514 6.71428e-08 0.181065 0.08757 0.0432604 0.00600244 6.32827e-15 0 0
372.471 1.565 205.239 114.103 1.01033 1.01431 0.1 0.6 0.7 1.3 1.4 2 2.7 3.4 4.3 5.2 0 0 0.0448203 0.108358 0.210944 0.25999 0.0752192 0.185356 0.0763465 0.0294498 0.0198509 2.02949e-13 0 0 0.0797194 0.0788405 0.200042 0.326225 8.36028e-09 0.186034 0.0958398 0.0405476 0.00706239 6.1003e-11 0 0
410.195 1.72351 230.226 139.089 1.00499 1.01876 0.1 0.6 0.7 1.3 1.4 2 2.7 3.4 4.3 5.2 0 0 0.043665 0.110423 0.209021 0.266991 0.0712091 0.176923 0.0837797 0.0302343 0.012743 3.32794e-11 0 0 0.0793764 0.0836117 0.197279 0.332961 6.71907e-13 0.179602 0.100066 0.0208497 0.0250097 5.56671e-12 0 0
349.054 1.46661 188.421 97.2849 1.01067 1.0406 0.1 0.6 0.7 1.3 1.4 2 2.7 3.4 4.3 5.2 0 0 0.0446722 0.109011 0.213508 0.255818 0.0812357 0.176785 0.0855971 0.0355876 0.00845038 3.04878e-08 0 0 0.0797895 0.0839151 0.191853 0.31551 0.00730513 0.184948 0.0967021 0.0435243 0.0322688 0.00477958 0 0
450.307 1.89204 254.39 163.253 1.00466 0.974929 0.1 0.6 0.7 1.3 1.4 2 2.7 3.4 4.3 5.2 0 0 0.0443265 0.114302 0.205129 0.268253 0.0721273 0.180806 0.0813008 0.0337142 0.00469942 1.20579e-10 0 0 0.0794858 0.0905436 0.182136 0.317682 0.0095254 0.169872 0.0853483 0.0315499 0.00878593 3.00685e-09 0 0
421.589 1.77138 237.322 146.186 1.00839 0.999948 0.1 0.6 0.7 1.3 1.4 2 2.7 3.4 4.3 5.2 0 0 0.043685 0.116282 0.20392 0.287544 0.0491201 0.176741 0.0915887 0.0263492 0.00556192 0.00759975 0 0 0.0775654 0.073294 0.20469 0.328745 0.000689489 0.161909 0.107511 0.0275902 0.0179543 2.40689e-09 0 0
362.859 1.52462 198.468 107.331 1.00504 1.01484 0.1 0.6 0.7 1.3 1.4 2 2.7 3.4 4.3 5.2 0 0 0.0451936 0.109502 0.21385 0.257741 0.0809397 0.181699 0.0801856 0.0267989 0.0091271 6.68204e-11 0 0 0.0786214 0.0810688 0.196522 0.319116 1.93814e-08 0.17391 0.098325 0.0326726 0.0346079 4.64959e-10 0 0
423.123 1.77783 238.263 147.126 1.00809 1.00346 0.1 0.6 0.7 1.3 1.4 2 2.7 3.4 4.3 5.2 0 0 0.0453845 0.107035 0.213422 0.248676 0.085289 0.180893 0.0782263 0.0379895 0.00949205 0.00167821 0 0 0.0793801 0.0770214 0.203571 0.302332 0.0222964 0.182955 0.091172 0.0314004 0.0133325 4.28308e-10 0 0
374.56 1.57378 206.688 115.551 1.01091 1.02698 0.1 0.6 0.7 1.3 1.4 2 2.7 3.4 4.3 5.2 0 0 0.0445655 0.10899 0.212785 0.256393 0.0804861 0.178701 0.0830413 0.0298563 0.0147404 0.00134797 0 0 0.0794145 0.0822191 0.196414 0.322704 8.42553e-08 0.182395 0.0977681 0.038477 0.0275872 1.53054e-10 0 0
385.301 1.61891 214.011 122.874 1.01388 1.04973 0.1 0.6 0.7 1.3 1.4 2 2.7 3.4 4.3 5.2 0 0 0.0449768 0.100592 0.222033 0.232161 0.104757 0.174592 0.086151 0.0300862 0.0185341 4.66684e-09 0 0 0.0791957 0.0805535 0.198499 0.324991 1.77992e-08 0.186282 0.101648 0.0473764 0.0297635 0.00142577 0 0
347.112 1.45845 186.976 95.8399 1.0046 1.07115 0.1 0.6 0.7 1.3 1.4 2 2.7 3.4 4.3 5.2 0 0 0.0442194 0.108836 0.213229 0.253091 0.0849916 0.175948 0.0820593 0.0368102 0.00145025 0.00397013 0 0 0.0763188 0.0822303 0.207107 0.30792 1.57627e-09 0.207337 0.0825289 0.0625534 0.031071 0.0140793 0 0
341.83 1.43626 183.005 91.8688 1.00964 1.42848 0.1 0.6 0.7 1.3 1.4 2 2.7 3.4 4.3 5.2 0 0 0.0450431 0.117166 0.202976 0.262096 0.074442 0.181517 0.0829184 0.023307 0.0028746 0.017302 0 0 0.0763395 0.109997 0.187435 0.325221 1.02775e-07 0.253061 0.113937 0.165573 0.12842 0.0684938 0 0
336.533 1.414 178.96 87.8236 1.01223 1.20925 0.1 0.6 0.7 1.3 1.4 2 2.7 3.4 4.3 5.2 0 0 0.0450603 0.102117 0.222672 0.241833 0.0946543 0.170801 0.0844953 0.0304769 1.81172e-12 0.0201143 0 0 0.0732625 0.0851036 0.219471 0.25575 0.0658315 0.212548 0.132733 0.0836837 0.0733655 0.00750398 0 0
428.272 1.79946 241.396 150.259 1.00998 1.1654 0.1 0.6 0.7 1.3 1.4 2 2.7 3.4 4.3 5.2 0 0 0.0440335 0.110544 0.210682 0.248938 0.0904272 0.172311 0.0882959 0.0306182 0.00946589 0.00466435 0 0 0.0738259 0.0861323 0.215567 0.253704 0.0621868 0.213055 0.110213 0.0855115 0.0510249 0.0141822 0 0
398.656 1.67503 222.836 131.699 1.00929 1.09605 0.1 0.6 0.7 1.3 1.4 2 2.7 3.4 4.3 5.2 0 0 0.0448994 0.104594 0.219842 0.242202 0.0963719 0.172941 0.0881319 0.0270685 0.010739 0.00250439 0 0 0.0725722 0.0808572 0.21972 0.22964 0.07611 0.192262 0.103682 0.061753 0.0512072 0.00824673 0 0
440.629 1.85138 248.763 157.626 1.011 1.05377 0.1 0.6 0.7 1.3 1.4 2 2.7 3.4 4.3 5.2 0 0 0.0448389 0.112866 0.209877 0.25556 0.0836444 0.177424 0.0821896 0.0318375 0.00273327 0.0100298 0 0 0.0725676 0.0992539 0.198203 0.225551 0.0819158 0.193399 0.0847139 0.0750711 0.0230967 1.31661e-09 0 0
404.454 1.69939 226.575 135.439 1.01126 1.14321 0.1 0.6 0.7 1.3 1.4 2 2.7 3.4 4.3 5.2 0 0 0.0443651 0.10747 0.212442 0.244503 0.095098 0.173517 0.0832367 0.0311282 0.0195026 1.18396e-11 0 0 0.0738454 0.0842987 0.219393 0.246423 0.0668795 0.205277 0.106148 0.0668652 0.0512018 0.0228828 0 0
403.941 1.69723 226.247 135.11 1.00872 1.06697 0.1 0.6 0.7 1.3 1.4 2 2.7 3.4 4.3 5.2 0 0 0.0442362 0.115455 0.203739 0.269371 0.0660219 0.179377 0.0869929 0.028184 0.0153454 3.62127e-12 0 0 0.0731075 0.0762956 0.229452 0.20863 0.102347 0.187885 0.0948055 0.0562482 0.0368885 0.00130614 0 0
374.773 1.57468 206.835 115.699 1.00904 1.0373 0.1 0.6 0.7 1.3 1.4 2 2.7 3.4 4.3 5.2 0 0 0.0450975 0.109321 0.211583 0.255919 0.0832605 0.173312 0.0853899 0.0339379 0.00306722 0.00815089 0 0 0.0710944 0.0983804 0.201325 0.243668 0.061552 0.195111 0.0887739 0.0489197 0.0240742 0.00439958 0 0
386.413 1.62358 214.757 123.62 1.01185 1.10902 0.1 0.6 0.7 1.3 1.4 2 2.7 3.4 4.3 5.2 0 0 0.0446258 0.102657 0.219973 0.23998 0.0968989 0.176023 0.0843719 0.0310821 0.010298 0.00594326 0 0 0.075519 0.0831624 0.210263 0.309213 5.0152e-11 0.207136 0.0879763 0.0655521 0.0521447 0.0180582 0 0
409.229 1.71945 229.615 138.479 1.00519 1.01897 0.1 0.6 0.7 1.3 1.4 2 2.7 3.4 4.3 5.2 0 0 0.0445347 0.104955 0.218665 0.248777 0.0897008 0.178233 0.0847321 0.0283591 0.0068791 0.000353866 0 0 0.0759474 0.07801 0.212473 0.304705 2.94192e-12 0.194053 0.0752496 0.0496718 0.0288643 1.15405e-10 0 0
443.509 1.86348 250.45 159.313 1.01023 1.12665 0.1 0.6 0.7 1.3 1.4 2 2.7 3.4 4.3 5.2 0 0 0.0445001 0.105656 0.217338 0.240553 0.0942328 0.173786 0.0851178 0.032213 0.00492312 0.0119126 0 0 0.0760628 0.0836592 0.210307 0.316137 2.72771e-11 0.215771 0.101581 0.0729997 0.0375983 0.0125336 0 0
414.355 1.74099 232.839 141.703 1.01362 1.069 0.1 0.6 0.7 1.3 1.4 2 2.7 3.4 4.3 5.2 0 0 0.04439 0.107706 0.216456 0.245377 0.0907524 0.174437 0.0809763 0.0290249 0.0132729 0.0112256 0 0 0.0756991 0.0801108 0.210327 0.309928 4.11736e-10 0.205491 0.0878417 0.0639952 0.0285883 0.00701801 0 0
399.61 1.67903 223.455 132.318 1.00664 1.14318 0.1 0.6 0.7 1.3 1.4 2 2.7 3.4 4.3 5.2 0 0 0.0446973 0.0998226 0.223395 0.229735 0.105244 0.174724 0.0827595 0.0302441 0.0160203 1.33729e-09 0 0 0.0760749 0.0848443 0.209167 0.313974 2.54378e-11 0.215684 0.0930083 0.0827452 0.0529452 0.014737 0 0
423.623 1.77993 238.569 147.432 1.01339 1.04954 0.1 0.6 0.7 1.3 1.4 2 2.7 3.4 4.3 5.2 0 0 0.0447569 0.0939609 0.230879 0.221344 0.114035 0.17363 0.0877197 0.0331444 0.0139167 4.79317e-12 0 0 0.0756543 0.0770802 0.216099 0.308665 3.58427e-11 0.200119 0.0872605 0.0458728 0.032782 0.00600421 0 0
385.561 1.62 214.185 123.048 1.00713 1.07273 0.1 0.6 0.7 1.3 1.4 2 2.7 3.4 4.3 5.2 0 0 0.0446739 0.111916 0.21055 0.246379 0.0883157 0.181625 0.082552 0.0258351 0.0152811 9.3232e-10 0 0 0.0772215 0.0853425 0.200538 0.306574 1.91397e-10 0.21431 0.0742737 0.0845762 0.0208437 0.00904689 0 0
373.364 1.56875 205.859 114.723 1.00867 1.3557 0.1 0.6 0.7 1.3 1.4 2 2.7 3.4 4.3 5.2 0 0 0.0440444 0.106002 0.217021 0.238539 0.0970357 0.17772 0.0853001 0.0265601 0.0164498 2.28442e-11 0 0 0.0753484 0.0998159 0.199746 0.326007 2.37509e-09 0.234905 0.122409 0.132799 0.116177 0.0484942 0 0
361.445 1.51868 197.457 106.32 1.01127 0.993676 0.1 0.6 0.7 1.3 1.4 2 2.7 3.4 4.3 5.2 0 0 0.0437665 0.120331 0.19698 0.282899 0.0532235 0.180697 0.0849206 0.0322259 0.0162236 1.50148e-09 0 0 0.0716292 0.108278 0.188417 0.257295 0.0549602 0.187693 0.0809427 0.0371059 0.00735513 1.08165e-11 0 0
392.734 1.65014 218.959 127.823 1.01282 1.18993 0.1 0.6 0.7 1.3 1.4 2 2.7 3.4 4.3 5.2 0 0 0.0454694 0.098054 0.227005 0.226329 0.112786 0.171545 0.0785082 0.028505 0.00401672 0.0205999 0 0 0.0722151 0.0839949 0.221119 0.247185 0.0708596 0.2107 0.13031 0.0839946 0.0672706 0.00228145 0 0
396.977 1.66797 221.743 130.606 1.00981 1.18519 0.1 0.6 0.7 1.3 1.4 2 2.7 3.4 4.3 5.2 0 0 0.0440677 0.100554 0.222449 0.237483 0.101678 0.170282 0.086632 0.0300745 0.016589 4.10277e-12 0 0 0.0748345 0.0876306 0.206788 0.313124 2.40163e-10 0.216576 0.101973 0.0893819 0.06797 0.0269134 0 0
329.218 1.38327 173.268 82.1317 1.0088 1.05421 0.1 0.6 0.7 1.3 1.4 2 2.7 3.4 4.3 5.2 0 0 0.0448088 0.102708 0.219132 0.239633 0.0973336 0.17516 0.0787211 0.0334091 0.0178916 2.74759e-10 0 0 0.0791021 0.0819451 0.197152 0.322973 0.00213601 0.185234 0.107404 0.0442048 0.0340624 7.46259e-11 0 0
438.089 1.84071 247.265 156.129 1.0115 0.950923 0.1 0.6 0.7 1.3 1.4 2 2.7 3.4 4.3 5.2 0 0 0.0441976 0.117876 0.202868 0.26622 0.0680645 0.177488 0.089508 0.0325343 0.0127486 6.63922e-10 0 0 0.0788535 0.0945699 0.181948 0.327633 2.0662e-07 0.173565 0.078827 0.0100436 0.00548328 7.84237e-10 0 0
464.518 1.95176 262.437 171.301 1.00629 1.01484 0.1 0.6 0.7 1.3 1.4 2 2.7 3.4 4.3 5.2 0 0 0.0442137 0.1079 0.213108 0.255289 0.0822994 0.178332 0.0863453 0.0337767 0.00502271 1.21765e-08 0 0 0.0787783 0.0773059 0.200957 0.326567 2.00463e-09 0.17327 0.0994625 0.027667 0.0308355 4.85659e-11 0 0
317.259 1.33302 163.685 72.5489 1.00872 1.07032 0.1 0.6 0.7 1.3 1.4 2 2.7 3.4 4.3 5.2 0 0 0.0438384 0.0836445 0.240131 0.213321 0.129927 0.167122 0.0756793 0.0420587 0.0129986 1.65467e-08 0 0 0.0804233 0.0793803 0.204828 0.323108 0.013251 0.193837 0.113336 0.039353 0.0228061 6.23908e-10 0 0
356.973 1.49989 194.232 103.096 1.01024 1.00811 0.1 0.6 0.7 1.3 1.4 2 2.7 3.4 4.3 5.2 0 0 0.0449016 0.114674 0.206006 0.256851 0.0784598 0.185523 0.0776097 0.033657 0.00995286 0.00260386 0 0 0.0793982 0.0820298 0.195941 0.316288 0.00372995 0.183329 0.0908427 0.0356116 0.0209397 8.40278e-12 0 0
397.26 1.66916 221.927 130.79 1.0089 1.01922 0.1 0.6 0.7 1.3 1.4 2 2.7 3.4 4.3 5.2 0 0 0.0452802 0.108091 0.213034 0.246868 0.0924324 0.177404 0.0843413 0.0264349 0.0150107 9.97109e-09 0 0 0.0819521 0.0830582 0.189735 0.289078 0.0464628 0.171255 0.105383 0.0308134 0.0214825 2.72568e-10 0 0
382.173 1.60577 211.899 120.763 1.01031 1.01724 0.1 0.6 0.7 1.3 1.4 2 2.7 3.4 4.3 5.2 0 0 0.044872 0.093629 0.229572 0.228046 0.107862 0.176286 0.0780133 0.0299197 0.0221075 3.70165e-12 0 0 0.0803619 0.0788811 0.203191 0.321049 0.00470504 0.189611 0.0964199 0.0289542 0.0140626 3.5516e-13 0 0
381.145 1.60145 211.201 120.065 1.00927 1.0157 0.1 0.6 0.7 1.3 1.4 2 2.7 3.4 4.3 5.2 0 0 0.0449814 0.103584 0.219071 0.248416 0.0869227 0.174138 0.0862806 0.0341984 0.00725745 0.00442114 0 0 0.0795548 0.0790229 0.199433 0.301989 0.022661 0.180336 0.0947607 0.0390442 0.0188957 4.63562e-09 0 0
335.981 1.41168 178.535 87.3985 1.01255 1.06098 0.1 0.6 0.7 1.3 1.4 2 2.7 3.4 4.3 5.2 0 0 0.0445235 0.110042 0.210421 0.25295 0.0794736 0.176709 0.0833092 0.0362589 0.0188598 6.51561e-09 0 0 0.0796308 0.0808191 0.201886 0.321318 0.00728956 0.191715 0.0929507 0.0452277 0.028401 0.0117403 0 0
368.718 1.54923 202.616 111.48 1.01798 1.02953 0.1 0.6 0.7 1.3 1.4 2 2.7 3.4 4.3 5.2 0 0 0.0449212 0.117403 0.203697 0.260745 0.0727125 0.185304 0.086313 0.024488 0.0223965 4.83383e-09 0 0 0.0787123 0.0804985 0.200295 0.310844 0.0102832 0.185123 0.0886961 0.0426702 0.0292842 0.00312133 0 0
403.139 1.69386 225.732 134.595 1.02114 1.04477 0.1 0.6 0.7 1.3 1.4 2 2.7 3.4 4.3 5.2 0 0 0.0453459 0.0963548 0.228576 0.230022 0.108777 0.173914 0.0794677 0.0411118 0.000144996 0.0174271 0 0 0.0787151 0.0797312 0.198766 0.324403 2.27027e-10 0.178494 0.109426 0.0372674 0.0379666 9.29035e-13 0 0
377.849 1.5876 208.952 117.816 1.01043 1.05655 0.1 0.6 0.7 1.3 1.4 2 2.7 3.4 4.3 5.2 0 0 0.0446035 0.108932 0.211874 0.251 0.0869504 0.177477 0.0761946 0.0407498 4.95731e-12 0.0126462 0 0 0.0789104 0.0819811 0.197535 0.325721 1.03378e-10 0.186326 0.101635 0.0455613 0.0357611 0.00311415 0 0
354.798 1.49075 192.649 101.513 1.01602 1.05503 0.1 0.6 0.7 1.3 1.4 2 2.7 3.4 4.3 5.2 0 0 0.0443124 0.107941 0.214354 0.254899 0.0823113 0.174867 0.0832672 0.0353111 0.00880453 0.00995516 0 0 0.07902 0.0818125 0.197171 0.327272 1.03321e-10 0.184882 0.109109 0.0397416 0.0360256 1.8699e-10 0 0
394.292 1.65669 219.985 128.848 1.01597 1.02652 0.1 0.6 0.7 1.3 1.4 2 2.7 3.4 4.3 5.2 0 0 0.0444119 0.104245 0.215518 0.247612 0.0890436 0.178184 0.0809354 0.0360179 0.0199983 9.63507e-12 0 0 0.0798362 0.0807616 0.199202 0.324383 1.33728e-11 0.187125 0.0931462 0.0344814 0.0238767 0.00370705 0 0
395.105 1.66011 220.519 129.382 1.01107 1.03448 0.1 0.6 0.7 1.3 1.4 2 2.7 3.4 4.3 5.2 0 0 0.0444702 0.101867 0.221122 0.236128 0.105681 0.174504 0.0753163 0.0391006 1.57536e-07 0.0128795 0 0 0.079507 0.0808326 0.198703 0.318038 0.00698656 0.184319 0.0979977 0.0473063 0.0207897 1.89275e-10 0 0
353.036 1.48334 191.36 100.223 1.00936 0.994082 0.1 0.6 0.7 1.3 1.4 2 2.7 3.4 4.3 5.2 0 0 0.0444821 0.113297 0.207032 0.268725 0.0712916 0.178154 0.0790959 0.0365019 0.0068749 0.00390175 0 0 0.0788782 0.0844271 0.191361 0.323218 9.89803e-12 0.174076 0.0891774 0.0376432 0.0153009 7.88725e-12 0 0
383.337 1.61066 212.687 121.55 1.01094 1.02094 0.1 0.6 0.7 1.3 1.4 2 2.7 3.4 4.3 5.2 0 0 0.0442808 0.109778 0.213423 0.247468 0.0878608 0.172343 0.0873689 0.034599 0.00631254 0.00750767 0 0 0.078497 0.0777868 0.201979 0.314943 0.010096 0.176369 0.101363 0.0302561 0.0296543 1.73202e-10 0 0
388.991 1.63442 216.479 125.343 1.01459 1.05539 0.1 0.6 0.7 1.3 1.4 2 2.7 3.4 4.3 5.2 0 0 0.0447219 0.109535 0.211784 0.255613 0.0786865 0.179272 0.0851071 0.0376071 0.0122619 7.67009e-10 0 0 0.0791107 0.080797 0.199797 0.325635 2.41922e-09 0.194705 0.0970973 0.0486864 0.0245528 0.00501253 0 0
319.677 1.34318 165.651 74.5148 1.00859 0.974022 0.1 0.6 0.7 1.3 1.4 2 2.7 3.4 4.3 5.2 0 0 0.0450816 0.111087 0.211135 0.24434 0.0929636 0.180898 0.079091 0.0324163 0.00842792 0.00314723 0 0 0.078216 0.0849803 0.190067 0.323166 7.0522e-09 0.170327 0.0863724 0.0286318 0.0122614 6.94383e-12 0 0
316.719 1.33075 163.244 72.1071 1.00775 1.00483 0.1 0.6 0.7 1.3 1.4 2 2.7 3.4 4.3 5.2 0 0 0.0452912 0.106257 0.215342 0.248429 0.0842667 0.179908 0.0836755 0.0289736 0.00978805 0.00582365 0 0 0.0792873 0.0753617 0.205068 0.316909 0.0115207 0.173202 0.0985686 0.0234662 0.0214461 4.6247e-10 0 0
448.827 1.88583 253.537 162.401 1.00846 1.02212 0.1 0.6 0.7 1.3 1.4 2 2.7 3.4 4.3 5.2 0 0 0.0447929 0.11048 0.211112 0.251486 0.0849754 0.176634 0.0821079 0.0397044 0.00419985 0.00296725 0 0 0.0791146 0.081287 0.197021 0.320248 0.00146075 0.182886 0.0984205 0.0336574 0.0280262 4.77964e-09 0 0
