Chi2   rChi2   BIC   AIC    Qichtot    Qimtot  R[0]  R[1]  R[2]  R[3]  R[4]  R[5]  R[6]  R[7]  R[8]  R[9]  R[10]  R[11]  Q0ch    Q1ch    Q2ch    Q3ch    Q4ch    Q5ch    Q6ch    Q7ch    Q8ch    Q9ch    Q10ch    Q11ch    Q0m    Q1m    Q2m    Q3m    Q4m    Q5m    Q6m    Q7m    Q8m    Q9m    Q10m    Q11m
601.476 2.82383 330.018 240.911 1.08817 1.32475 0.4 0.6 0.8 1.2 1.6 2.1 2.6 3.2 4 4.7 0 0 0.193129 0.127256 0.0537194 0.315723 0.147924 0.0851199 0.101251 0.00680914 0.0572408 3.42611e-10 0 0 0.300414 1.33247e-05 0.0497711 0.382996 0.102841 0.207074 0.0844513 0.10715 0.0694561 0.0205836 0 0
18028.4 84.6403 1125.69 1036.59 1.53406 2.0138 -0.1999 0.8 0.9 0.9 1.7 1.9 2.7 2.9 3.6 4.1 0 0 3.88578e-16 0 0 0 2.10942e-15 0.764535 0.769529 7.63833e-14 3.88578e-16 0 0 0 0.190876 1.49991e-13 0.661362 0.0566489 0.494104 0.205718 0.405093 1.11022e-16 2.22045e-16 5.55112e-17 0 0
17960.2 84.3202 1124.81 1035.7 1.51547 1.95394 0.3 0.8 0.9 0.9 1.5 1.9 2.6 2.7 3.5 4 0 0 0 1.11022e-16 1.11022e-16 1.11022e-16 1.11022e-16 0.760135 0.111489 0.643845 2.22045e-16 2.22045e-16 0 0 0.251861 3.53441e-10 0.494193 0.0715183 0.419182 0.334282 0.272726 0.110182 1.66533e-16 5.55112e-17 0 0
602.462 2.82846 330.401 241.295 1.09681 1.27363 0.3 0.9 0.6 1.2 1.1 1.9 2.4 3 3.5 4.1 0 0 0.131072 0.0658581 0.177991 0.349487 0.0202554 0.157544 0.0923313 0.0442491 4.05438e-08 0.0580189 0 0 0.162844 7.02323e-08 0.188782 0.398471 8.82504e-05 0.227639 0.104777 0.0998679 0.0367968 0.0543668 0 0
602.28 2.8276 330.33 241.224 1.09557 1.27896 0.3 0.5 1 1.2 1.5 2.1 2.3 3.1 3.2 4.1 0 0 0.0398621 0.29836 0.0121117 0.338759 0.137428 0.00945722 0.165924 0.0374669 0.000112381 0.0560897 0 0 0.103632 0.239702 0.00390515 0.350006 0.139238 0.122924 0.134899 0.047861 0.0754157 0.0613794 0 0
600.425 2.8189 329.609 240.502 1.08768 1.34055 0.3 0.6 0.9 1.3 1.8 2.2 2.8 3.2 4 4.9 0 0 0.135142 0.144331 0.18864 0.295638 0.0777495 0.127731 0.0581924 0.00485102 0.0554078 2.2481e-11 0 0 0.197564 0.0362947 0.291739 0.198754 0.21517 0.116679 0.105761 0.0706376 0.0859637 0.0219852 0 0
601.439 2.82366 330.003 240.897 1.08915 1.30641 0.3 0.7 0.7 1.3 1.7 2.1 2.5 3.2 4 4.6 0 0 0.12656 0.123693 0.187262 0.288944 0.15395 0.000220766 0.1415 0.00936488 0.0576579 6.09516e-09 0 0 0.176147 0.218859 0.0240766 0.357069 0.0824126 0.152138 0.107833 0.107581 0.0621755 0.0181192 0 0
602.435 2.82833 330.39 241.284 1.0968 1.27268 0.3 0.5 0.7 1.2 1.2 1.9 2.3 3 3.5 4.1 0 0 0.140445 0.0283489 0.19634 0.281614 0.104694 0.129397 0.108265 0.0502536 8.01616e-08 0.057442 0 0 0.115452 0.217142 2.8207e-05 0.361482 0.0673716 0.18849 0.126546 0.107513 0.0344966 0.0541612 0 0
601.837 2.82553 330.158 241.052 1.08807 1.31145 0.3 0.5 1 1.1 1.5 2.1 2.4 3.2 4 4.6 0 0 0.0412521 0.288139 0.0395505 0.212855 0.272022 5.44894e-06 0.160205 0.019115 0.0549226 1.41993e-10 0 0 0.115677 0.211932 0.000358184 0.282259 0.247631 0.119109 0.137918 0.114944 0.0606924 0.0209254 0 0
606.2 2.84601 331.848 242.742 1.09457 1.26665 0.2 0.5 0.8 1.2 1.5 2.1 2.4 3.1 3.3 4.3 0 0 0.0679068 0.253197 0.0165615 0.302402 0.200147 0.117659 0.00825524 0.0813303 0.0133555 0.0337577 0 0 0.0557293 0.301244 8.53775e-05 0.30447 0.190574 0.100558 0.156034 8.60155e-09 0.108935 0.0490164 0 0
601.699 2.82488 330.104 240.998 1.08936 1.30783 0.3 0.5 0.7 1.2 1.6 2.2 2.6 3.3 4 4.5 0 0 0.113904 0.0390362 0.268833 0.2143 0.236035 0.0391932 0.118783 8.60288e-06 0.0592682 4.06823e-09 0 0 0.178109 0.000207242 0.228491 0.256362 0.224662 0.148662 0.100365 0.0974131 0.0490258 0.0245324 0 0
601.174 2.82241 329.9 240.794 1.08803 1.31687 0.3 0.6 1 1.5 1.6 2.2 2.5 3.2 4 4.7 0 0 0.117665 0.203345 0.23622 0.293206 7.01849e-07 0.0598668 0.106425 0.0160445 0.0552577 9.5962e-08 0 0 0.180383 0.111785 0.31206 4.75667e-05 0.301522 0.10404 0.113857 0.105614 0.0684648 0.0190927 0 0
602.51 2.82868 330.42 241.313 1.09735 1.2712 0.2 0.5 0.9 1.1 1.5 2.1 2 2.9 3.5 4.1 0 0 0.0836248 0.150679 0.183596 0.231025 0.140322 0.182231 2.01858e-06 0.0672539 4.95175e-07 0.0586187 0 0 0.0776537 0.244348 1.68118e-05 0.314292 0.188634 0.228054 0.000262862 0.12174 0.0442069 0.0519946 0 0
602.28 2.82761 330.33 241.224 1.09624 1.27852 0.2 0.5 1 1.2 1.7 2.2 2.8 3.2 3.3 4.1 0 0 0.0780982 0.168486 0.36268 0.0621855 0.187607 0.103494 0.069772 0.00337447 0.00252023 0.0580251 0 0 0.0671792 0.274022 0.0126538 0.380372 0.13932 0.194665 0.0626761 0.0405296 0.0475194 0.0595837 0 0
601.116 2.82214 329.878 240.771 1.08852 1.31921 0.2 0.6 0.8 1.4 1.5 2.2 2.5 3.2 4 4.7 0 0 0.0800127 0.181269 0.230785 0.097689 0.273367 0.0252 0.133038 0.0100062 0.0571485 1.13687e-13 0 0 0.126998 0.0803258 0.308957 1.82943e-06 0.372808 0.131563 0.102987 0.107401 0.0688626 0.0193057 0 0
601.722 2.82498 330.113 241.007 1.08911 1.30601 0.2 0.4 0.9 1.1 1.5 2.2 2.6 3.3 4 4.5 0 0 8.49672e-10 0.234931 0.301365 9.21649e-06 0.319679 0.0670731 0.104104 0.00396332 0.0579805 3.62128e-10 0 0 0.0514827 0.19397 0.291894 1.19682e-07 0.343311 0.157557 0.0975964 0.0973234 0.048526 0.0243522 0 0
602.916 2.83059 330.577 241.471 1.09676 1.25353 0.2 0.6 0.7 1.2 1.6 2.1 2.5 3.1 2.9 4 0 0 0.0711651 0.245752 0.0854917 0.247809 0.218786 0.0142067 0.140039 1.24972e-05 0.00699405 0.0665008 0 0 0.106898 0.259272 0.0111867 0.325588 0.13416 0.194351 0.0429898 0.0915792 0.0270251 0.0604802 0 0
602.32 2.8278 330.346 241.24 1.09578 1.27643 0.2 0.6 1 1.2 1.3 1.9 2.4 3.2 3.3 4.1 0 0 0.067863 0.317537 0.00598738 0.0527805 0.345342 0.0832945 0.138054 0.0292021 0.000147928 0.0555758 0 0 0.101146 0.286996 0.028757 0.00387387 0.367575 0.16097 0.157713 0.104188 0.0059371 0.0592753 0 0
602.393 2.82814 330.374 241.268 1.09582 1.27677 0.2 0.6 0.4 1.2 1.1 2 2.6 3.2 3.8 4.1 0 0 3.10434e-06 0.117478 0.210232 0.437643 1.99752e-05 0.169273 0.0832921 0.0215127 6.47777e-06 0.0563583 0 0 2.88011e-08 0.026214 0.29655 0.449807 1.22421e-06 0.2507 0.0909551 0.0997204 0.0045802 0.0582452 0 0
609.814 2.86298 333.239 244.133 1.09737 1.22397 0.2 0.5 0.7 1.2 1.5 2 2.8 3.1 3.2 4.1 0 0 0.00866994 0.382698 0.00160068 0.0631313 0.461422 5.67214e-05 0.122382 0.00672834 0.00135934 0.0493196 0 0 0.0965025 0.161475 0.100571 0.393212 0.00367719 0.27166 0.0845913 0.000222734 0.0659104 0.0461474 0 0
601.667 2.82473 330.092 240.986 1.08862 1.31461 0.4 0.7 1 1.3 1.7 2.2 2.5 3.2 4 4.6 0 0 0.198041 0.213201 0.00860576 0.321078 0.136615 0.000792933 0.144655 0.00789453 0.0577391 8.82819e-09 0 0 0.302333 7.78876e-11 0.18228 0.27307 0.122595 0.162285 0.0753061 0.113848 0.0622277 0.0206641 0 0
17946.5 84.2557 1124.63 1035.52 1.52065 1.98114 -0.1999 0.8 0.9 0.9 1.6 1.9 2.7 2.6 2.8 4 0 0 5.55112e-17 1.66533e-16 1.11022e-16 1.11022e-16 5.55112e-17 0.744694 0.269827 0.33188 0.174249 1.25455e-14 0 0 0.182807 0.198638 0.355477 0.120289 0.460233 0.263881 0.201507 0.198308 2.36036e-10 1.31006e-13 0 0
17942.8 84.2384 1124.58 1035.47 1.51624 1.97677 -0.1999 0.8 0.9 1.9 1.6 1.7 2.7 3.1 2.6 4.1 0 0 3.33067e-16 1.66533e-15 1.60982e-15 0.753198 2.22045e-16 7.82707e-15 0.619705 2.87215e-13 0.143339 0 0 0 0.186097 0.097031 0.602716 0.0553836 3.31556e-10 0.622292 0.142169 2.7367e-14 0.271078 4.71845e-14 0 0
603.331 2.83254 330.738 241.632 1.09623 1.24856 0.3 0.6 0.8 1.2 1.6 2.1 2.5 3.1 2.9 4 0 0 0.12473 0.208464 0.0108026 0.408146 0.0360777 0.169714 0.0316393 1.04853e-06 0.0431808 0.0634767 0 0 0.160347 0.194255 0.0035195 0.364483 0.103646 0.210382 0.0348735 0.0921083 0.02696 0.0579835 0 0
600.675 2.82007 329.706 240.6 1.08904 1.33511 0.3 0.5 0.8 1.1 1.5 2.1 2.5 3.1 4.9 4 0 0 0.0986842 0.154463 0.119883 0.232816 0.220128 0.0924267 0.092696 0.0206622 3.37456e-08 0.0572798 0 0 0.175853 0.0556834 0.178003 0.186367 0.251753 0.188117 0.0707865 0.126026 0.0199243 0.082596 0 0
606.913 2.84936 332.123 243.017 1.09608 1.24934 0.3 0.5 1 1.2 1.6 2.1 2.2 3 3.4 4.2 0 0 0.131385 0.155415 0.20207 0.116787 0.283468 0.0425647 0.0192767 0.102911 1.05128e-07 0.042206 0 0 0.106381 0.23338 2.06364e-08 0.385406 0.120628 3.44601e-09 0.225182 0.0846502 0.0489449 0.0447633 0 0
602.954 2.83077 330.592 241.486 1.0967 1.25302 -0.2999 0.4 0.9 1.1 1.5 2 2.5 3.1 2.8 4 0 0 0.00241346 0.236447 0.261699 0.0564861 0.287808 0.0422466 0.137139 0.00631092 5.97817e-05 0.0660885 0 0 0.037428 0.252472 0.0153232 0.359853 0.127986 0.215884 0.0730454 0.102014 0.00953659 0.0594811 0 0
602.312 2.82776 330.343 241.236 1.0945 1.2961 0.2 0.5 0.8 1.2 1.5 1.9 2.5 3.1 3.7 4.3 0 0 0.0607492 0.182918 0.182322 0.209269 0.177385 0.0728364 0.138639 1.02562e-07 0.0396536 0.0307318 0 0 0.117413 0.0832765 0.281871 0.116243 0.21311 0.162443 0.144613 0.0792498 0.0582776 0.0395978 0 0
604.46 2.83784 331.176 242.07 1.09613 1.23253 0.2 0.6 0.8 0.9 1.3 1.9 2.4 2.9 3 4 0 0 0.0671138 0.319977 8.8479e-05 0.00657239 0.405476 0.0701333 0.139524 0.000292093 0.0264276 0.0605204 0 0 0.125966 0.127818 0.159299 0.0612479 0.272353 0.231345 0.0783585 6.52948e-09 0.114579 0.0615647 0 0
600.895 2.8211 329.791 240.685 1.08825 1.3286 0.3 0.5 0.9 1.3 1.6 2.1 2.5 3.2 4 4.8 0 0 0.0277046 0.317211 0.0411027 0.414524 0.0141899 0.100635 0.0999336 0.0173445 0.0556029 1.80689e-13 0 0 0.203135 3.90745e-07 0.38144 2.3577e-05 0.325161 0.0741895 0.146491 0.102984 0.0746582 0.0205193 0 0
602.282 2.82762 330.331 241.225 1.09575 1.27855 0.2 0.6 0.6 1.2 1.4 2 2.3 3.1 3.2 4.1 0 0 0.0653091 0.325293 5.2883e-05 0.166382 0.270312 0.00320913 0.171786 0.0366969 0.00036381 0.056347 0 0 0.0982839 0.108905 0.190094 0.151573 0.288281 0.07618 0.185078 0.0288438 0.0906254 0.060682 0 0
602.312 2.82776 330.343 241.236 1.09447 1.29576 0.3 0.6 0.9 1.4 1.6 2 2.5 3.1 3.7 4.3 0 0 0.120738 0.180559 0.186898 0.330581 0.00348572 0.067769 0.133813 3.8884e-06 0.0401187 0.030502 0 0 0.201005 0.00845886 0.366448 0.0413158 0.26748 0.0908833 0.143377 0.0790131 0.0583647 0.039412 0 0
606.098 2.84553 331.809 242.702 1.09476 1.27376 0.3 0.7 1.2 1.3 1.7 2.2 2.9 3.4 3.5 4.3 0 0 0.170229 0.22109 0.118038 0.185273 0.218025 0.0306594 0.0931873 0.0118828 0.0108546 0.0355186 0 0 0.175713 0.242576 0.000150021 0.355117 0.0903356 0.202181 0.0959757 1.46419e-06 0.0674631 0.044249 0 0
600.553 2.8195 329.658 240.552 1.08845 1.33893 -0.1999 0.5 0.8 1.1 1.4 2 2.5 3.1 4.9 4 0 0 0.0714931 0.14586 0.231525 0.0671969 0.288204 0.10386 0.104195 0.0192596 3.95983e-12 0.0568611 0 0 0.0932944 0.181746 0.116242 0.177882 0.232353 0.217361 0.090724 0.124274 0.0206032 0.0844512 0 0
601.992 2.82625 330.218 241.112 1.09143 1.29595 0.3 0.7 0.7 1.3 1.7 2.2 2.5 3.3 4 4.3 0 0 0.12674 0.292263 0.017927 0.291241 0.151497 1.73852e-05 0.143618 0.010691 0.0508135 0.00661936 0 0 0.174357 0.140098 0.109062 0.33404 0.136181 0.114401 0.118973 0.106626 0.025626 0.0365841 0 0
602.366 2.82801 330.364 241.257 1.09596 1.27468 0.3 0.5 0.7 1.2 1.9 2.4 2.2 3.1 3.4 4.1 0 0 0.113755 0.103276 0.136938 0.398712 0.140816 0.108676 0.000163082 0.0376754 8.8733e-06 0.0559423 0 0 0.114325 0.219158 2.81923e-05 0.42583 0.205708 0.131822 2.68017e-06 0.0909556 0.0285854 0.0582692 0 0
600.975 2.82148 329.823 240.716 1.08858 1.31812 0.3 0.5 0.9 1.4 1.8 2.4 2.6 3.3 4 4.7 0 0 0.0608364 0.231935 0.188939 0.327368 0.0624119 0.0932719 0.058996 0.00801651 0.056808 1.50814e-09 0 0 0.203906 0.000837434 0.366973 0.145111 0.264237 0.0171526 0.151672 0.082723 0.0658533 0.0196582 0 0
601.081 2.82198 329.864 240.758 1.08964 1.33428 0.2 0.7 0.4 1.2 1.7 2.2 2.5 3.3 4.1 4.9 0 0 0.087438 0.283661 0.0326857 0.300884 0.152125 0.0696311 0.0855806 0.0298963 0.0477354 5.16254e-14 0 0 0.126253 0.310034 4.98519e-08 0.229703 0.281865 0.0193201 0.176073 0.105518 0.0694631 0.0160494 0 0
603.647 2.83402 330.861 241.754 1.09609 1.24091 0.2 0.5 0.9 1.3 1.3 2 2.4 2.9 3 4 0 0 0.0094212 0.352457 0.00310836 0.446946 0.00602277 0.0487341 0.144896 8.76964e-06 0.0222491 0.0622433 0 0 0.0926346 0.191612 0.17739 0.200066 0.113267 0.237413 0.042194 4.04782e-08 0.124027 0.0623081 0 0
602.42 2.82826 330.385 241.278 1.09407 1.295 0.3 0.6 1 1.4 1.8 2.2 2.6 3.1 3.4 4.2 0 0 0.1348 0.162177 0.248438 0.264418 0.00455719 0.154348 0.0450376 0.000111004 0.0364765 0.0437083 0 0 0.158154 0.191 0.146951 0.339976 0.0314625 0.189659 0.0627017 0.048501 0.0699607 0.0566337 0 0
601.426 2.8236 329.998 240.892 1.08974 1.30433 0.3 0.5 1 1.3 1.7 2.1 2.6 3.4 4 4.5 0 0 0.102315 0.156989 0.360634 0.0249533 0.257237 0.000168325 0.12817 9.04849e-07 0.0592683 2.05912e-10 0 0 0.171611 0.0873169 0.377368 1.12834e-05 0.308084 0.0411397 0.167503 0.083748 0.0425846 0.0249585 0 0
600.721 2.82028 329.724 240.617 1.08819 1.32851 -0.2999 0.6 1.1 1.4 1.7 2.2 2.7 3.2 4 4.8 0 0 0.112032 0.233747 0.248959 0.155818 0.0967796 0.104914 0.0744241 0.0046115 0.0569028 1.34726e-13 0 0 0.17416 0.147667 0.354755 7.14764e-08 0.23555 0.140774 0.0874988 0.0915207 0.0769664 0.0196203 0 0
601.751 2.82512 330.125 241.018 1.09046 1.29693 0.2 0.6 0.5 1.2 1.6 2.2 2.6 3.3 4 4.4 0 0 0.0406034 0.201277 0.136673 0.284836 0.201002 0.051026 0.114743 6.30106e-08 0.0603029 1.88684e-07 0 0 0.101499 0.284661 0.000455779 0.287155 0.209073 0.155417 0.0939792 0.0979776 0.0401725 0.0265423 0 0
601.191 2.82249 329.907 240.8 1.08927 1.30686 0.2 0.7 1.4 1.2 1.8 2.5 2.7 3.4 4 4.6 0 0 0.0879935 0.379316 0.324194 0.00660533 0.0849071 0.130452 0.0125083 0.00609197 0.0571975 2.48553e-09 0 0 0.128659 0.296312 9.58751e-05 0.270966 0.287774 0.0674169 0.108766 0.073024 0.0532453 0.0205955 0 0
602.418 2.82825 330.384 241.278 1.09642 1.27513 0.3 0.4 0.6 1.2 1.1 2 2.4 3 3.5 4.1 0 0 0.0019564 0.210331 0.112952 0.443055 0.000271595 0.14836 0.0761819 0.0457747 4.59352e-05 0.0574876 0 0 4.49575e-07 0.297291 0.0247683 0.451371 0.000190752 0.239523 0.0623375 0.110853 0.0324498 0.0563413 0 0
601.403 2.82349 329.989 240.883 1.08825 1.32394 0.4 0.7 0.9 1.2 1.6 2.1 2.6 3.2 4 4.7 0 0 0.219867 0.124088 0.0637478 0.264479 0.172103 0.0759039 0.104737 0.00589881 0.0574296 4.81954e-10 0 0 0.302935 8.7785e-06 0.0672011 0.354624 0.11426 0.202572 0.0861635 0.106339 0.0695398 0.0202983 0 0
602.254 2.82748 330.32 241.214 1.09494 1.29091 -0.0999 0.5 0.6 1.2 1.3 2 2.5 3.2 3.7 4.2 0 0 0.0225565 0.309504 0.00509567 0.320627 0.122503 0.13322 0.100751 0.021004 0.0174204 0.0422545 0 0 0.0644344 0.11595 0.209925 0.0302121 0.382697 0.193056 0.121736 0.0969341 0.0254937 0.0504687 0 0
602.876 2.8304 330.562 241.455 1.09675 1.25606 0.3 0.5 0.5 1.1 1.5 2.1 2.5 3 3.1 4 0 0 0.025032 0.166236 0.153278 0.227087 0.286697 0.0205668 0.149502 0.000811115 0.000343545 0.0671921 0 0 0.133588 0.0764546 0.100566 0.334617 0.175883 0.223149 0.027018 0.0634633 0.0597567 0.061562 0 0
602.931 2.83066 330.583 241.477 1.09698 1.2526 0.2 0.6 0.8 1.2 1.5 2 2.5 3.1 2.6 4 0 0 0.0781095 0.22933 0.128303 0.1675 0.225994 0.0748331 0.0437749 1.14288e-05 0.0825036 0.0666185 0 0 0.106243 0.268718 0.000487071 0.322242 0.0970168 0.212046 0.0665446 0.10316 0.0165997 0.0595406 0 0
602.312 2.82775 330.343 241.236 1.09606 1.27607 0.2 0.6 0.9 1.2 1.4 2 2.2 3 3.3 4.1 0 0 0.0832054 0.245014 0.10411 0.156529 0.219055 1.66411e-05 0.179856 0.0516369 1.60355e-07 0.0566372 0 0 0.0983965 0.298742 0.000326229 0.146203 0.299067 4.89369e-07 0.240561 0.076481 0.0571267 0.0591704 0 0
601.443 2.82368 330.005 240.898 1.08814 1.32365 0.3 0.5 0.7 1.2 1.5 2.1 2.5 3.2 4 4.7 0 0 0.0876842 0.118686 0.202988 0.192016 0.244815 0.0481339 0.12507 0.0122293 0.0565126 1.41093e-09 0 0 0.177394 0.0006767 0.232876 0.217786 0.224201 0.160422 0.110445 0.110388 0.0686942 0.0207676 0 0
605.306 2.84181 331.503 242.397 1.0949 1.21957 0.3 0.6 0.9 1.2 1.3 1.8 2.3 2.8 2.9 3.9 0 0 0.10404 0.272539 0.00085626 0.00249454 0.435725 0.0092588 0.182017 0.000254687 0.0187144 0.0690026 0 0 0.206402 0.00192085 0.316358 0.148957 0.00369032 0.28509 0.0676845 0.00740256 0.122694 0.0593718 0 0
600.683 2.82011 329.709 240.603 1.08797 1.32826 -0.1999 0.6 1 1.3 1.7 2.4 2.5 3.2 4 4.8 0 0 0.0708418 0.293966 0.10823 0.249821 0.152825 0.0485518 0.0937667 0.0143169 0.0556521 1.83964e-13 0 0 0.123992 0.176521 0.325558 0.000855436 0.334865 0.0148843 0.155916 0.0994179 0.0761861 0.0200664 0 0
600.732 2.82034 329.728 240.622 1.08826 1.32886 0.3 0.6 1 1.4 1.6 2.2 2.7 3.2 4 4.8 0 0 0.130189 0.164268 0.29151 0.0809881 0.182709 0.100676 0.0769002 0.00396472 0.0570585 4.53806e-11 0 0 0.184269 0.100259 0.327469 1.94744e-06 0.283317 0.16227 0.0815645 0.0932899 0.0766265 0.0197929 0 0
601.561 2.82423 330.051 240.944 1.08929 1.30741 0.2 0.5 0.9 1.3 1.6 2.2 2.6 3.4 4 4.5 0 0 0.0743355 0.147275 0.34832 0.0144696 0.298457 0.0249788 0.12203 0.000903882 0.0585168 8.18518e-09 0 0 0.111716 0.12187 0.339642 0.000559264 0.34825 0.0796776 0.149765 0.0880443 0.0405235 0.0273645 0 0
601.461 2.82376 330.012 240.906 1.09044 1.31506 0.3 0.4 1 1.2 1.5 2.1 2.6 3.3 4.1 4.7 0 0 0.000156099 0.251099 0.34926 0.0017966 0.216742 0.116877 0.082256 0.0225391 0.0497145 1.65282e-10 0 0 0.0468689 0.234479 0.2807 0.0313235 0.258438 0.174172 0.113194 0.101655 0.0616881 0.0125434 0 0
607.539 2.8523 332.365 243.258 1.09649 1.24017 0.4 -0.3 0.6 1.2 1.6 2.1 2.8 3.2 3.3 4.2 0 0 0.207318 0.0153451 0.133093 0.261258 0.288832 0.0246307 0.0951919 0.007222 0.022884 0.0407159 0 0 0.292238 7.41627e-08 0.0335655 0.428382 0.0523203 0.237534 0.0756842 7.33145e-09 0.0755793 0.0448708 0 0
602.466 2.82848 330.403 241.296 1.09679 1.27297 -0.2999 1.1 0.6 1 1.2 1.9 2.4 3 3.5 4.1 0 0 0.134033 0.185065 0.177041 0.023828 0.217516 0.168786 0.0869808 0.0457809 1.49792e-07 0.0577595 0 0 0.162741 5.38777e-06 0.188929 5.20867e-08 0.398407 0.227621 0.10464 0.0997717 0.0366497 0.0542001 0 0
604.849 2.83967 331.326 242.22 1.09643 1.21858 -0.0999 0.6 0.8 1.3 1.4 1.7 2.4 3 2.5 3.9 0 0 0.045555 0.369393 2.08808e-06 0.0999066 0.33254 0.000143204 0.163673 8.56262e-09 0.0134298 0.07179 0 0 0.113694 0.0125095 0.425862 0.0573436 0.0159622 0.324118 0.0532432 0.0893019 0.0699046 0.0566413 0 0
602.968 2.83083 330.597 241.491 1.09704 1.25444 0.1 0.6 0.6 1.1 1.5 2 2.5 3.1 3.2 4 0 0 0.0478255 0.349006 0.000269547 0.145739 0.321324 0.00998628 0.155155 0.000210865 4.13601e-05 0.0674882 0 0 0.0857205 0.00537848 0.278613 0.238829 0.211093 0.175035 0.098432 0.0907996 0.0106513 0.0598914 0 0
602.878 2.83041 330.563 241.456 1.09601 1.26904 0.2 0.6 0.6 1.1 1.5 2 2.5 3.1 3.2 4.1 0 0 0.0810316 0.240533 0.0207149 0.287783 0.176947 0.102978 0.0997805 0.029755 0.00108378 0.0554 0 0 0.109553 0.132288 0.117992 0.251148 0.213619 0.163552 0.119421 1.52482e-10 0.100499 0.0609749 0 0
601.589 2.82436 330.062 240.955 1.08956 1.3029 0.3 0.6 0.8 1.2 1.6 2 2.5 3.3 4 4.5 0 0 0.0929057 0.280719 0.018861 0.256871 0.225845 0.000111578 0.149624 0.00636822 0.0582514 4.59803e-08 0 0 0.192835 0.00133039 0.273443 0.16435 0.252887 0.0810257 0.168652 0.0966521 0.0489136 0.0228099 0 0
602.285 2.82763 330.332 241.226 1.094 1.29833 -0.1999 0.5 0.8 1.4 1.2 2 2.5 3.1 3.7 4.3 0 0 0.0655569 0.154173 0.25315 0.351601 0.000566078 0.0636688 0.135145 3.70751e-06 0.0399236 0.0302154 0 0 0.10746 0.113157 0.26336 0.340208 3.47804e-05 0.168648 0.12192 0.0863212 0.0558744 0.0413437 0 0
601.886 2.82576 330.177 241.071 1.09025 1.29836 0.3 0.5 0.5 1.1 1.5 2.2 2.7 3.3 4 4.4 0 0 0.0397013 0.136406 0.154768 0.268198 0.241106 0.108899 0.0820452 3.01546e-10 0.0583627 0.000766628 0 0 0.115098 0.0379015 0.175065 0.279721 0.25306 0.204897 0.0687278 0.0964583 0.0397732 0.0276552 0 0
602.522 2.82874 330.424 241.318 1.09554 1.2728 0.3 1.1 0.6 1.1 1.3 2 2.4 3.1 3.2 4.1 0 0 0.142743 0.171943 0.155256 0.1699 0.11697 0.169116 0.0706393 0.0442735 0.000411512 0.054285 0 0 0.151975 0.00342202 0.220844 0.0490198 0.378867 0.169792 0.1263 0.0177179 0.0959909 0.0588735 0 0
603.139 2.83164 330.664 241.557 1.09637 1.25018 0.3 0.5 0.7 1.2 1.4 2 2.4 3 3.1 4 0 0 0.0462796 0.284588 0.00996812 0.33576 0.121238 0.0906172 0.118042 0.0257206 4.61768e-06 0.0641524 0 0 0.121898 0.195447 0.0224443 0.392548 0.0467021 0.222746 0.0714852 0.0446553 0.0736663 0.0585917 0 0
602.284 2.82762 330.332 241.225 1.09535 1.28908 -0.0999 0.5 0.6 1.2 1.2 1.9 2.5 3.1 3.6 4.2 0 0 0.0247269 0.306095 9.71916e-07 0.39309 0.0330078 0.14411 0.116222 0.0103586 0.0245662 0.0431681 0 0 0.0508936 0.29324 2.06514e-05 0.247894 0.159923 0.234956 0.125468 0.082508 0.0451261 0.0490508 0 0
604.55 2.83826 331.211 242.104 1.09744 1.22566 -0.0999 0.5 0.7 0.9 1.1 1.7 2.3 2.7 3 4 0 0 0.0380786 0.259533 0.00116926 0.0100853 0.370763 0.198178 0.0735135 0.0841026 1.86962e-05 0.0619945 0 0 0.0835958 0.149004 0.0720554 0.121191 0.217017 0.278817 0.132368 2.20966e-09 0.111822 0.0597891 0 0
601.123 2.82217 329.88 240.774 1.08863 1.32039 0.3 0.6 1 1.3 1.7 2.3 2.6 3.3 4 4.7 0 0 0.11442 0.215587 0.187417 0.183279 0.180016 0.0466178 0.0983025 0.0059948 0.0569987 2.59428e-10 0 0 0.189256 0.0817255 0.362653 6.04651e-09 0.320793 0.0577336 0.13586 0.0865419 0.0647065 0.0211251 0 0
602.485 2.82857 330.41 241.304 1.09627 1.27476 0.3 0.4 0.8 1.1 1.1 1.8 2.4 3 3.4 4.1 0 0 0.088119 0.12392 0.115025 0.0601242 0.313055 0.193843 0.100701 0.0442443 3.13898e-06 0.0572324 0 0 0.0465157 0.240675 3.37966e-05 0.302967 0.110669 0.256903 0.13222 0.0814772 0.0458489 0.057447 0 0
602.333 2.82786 330.351 241.245 1.0944 1.29852 0.1 0.6 1.1 1.3 1 2 2.6 3.1 3.7 4.3 0 0 0.0570712 0.320447 0.0827764 0.322321 1.69884e-06 0.141455 0.101583 8.97791e-08 0.0371607 0.0315825 0 0 0.0785485 0.32298 0.0148795 0.377177 0.000934649 0.223826 0.103818 0.0777454 0.0576744 0.040939 0 0
601.428 2.82361 329.999 240.893 1.08929 1.30639 0.3 0.5 1 1.2 1.6 2 2.5 3.2 4 4.6 0 0 0.0511147 0.26389 0.167659 0.155271 0.233711 0.00741558 0.143892 0.00823332 0.0581001 5.99254e-10 0 0 0.117802 0.210183 0.0465829 0.354328 0.0869792 0.182195 0.121551 0.106356 0.0625733 0.017838 0 0
603.001 2.83099 330.61 241.504 1.09638 1.25159 0.3 0.5 0.9 1.2 1.5 2 2.5 3.1 2.9 4 0 0 0.0465625 0.287252 0.000122919 0.393778 0.0626346 0.123659 0.0940217 6.98876e-05 0.0233326 0.0649453 0 0 0.122193 0.202635 0.0134092 0.422131 0.00909601 0.250931 0.0520167 0.0879348 0.0313655 0.0598827 0 0
602.421 2.82827 330.385 241.279 1.09681 1.27443 0.3 0.5 0.9 1.2 1.1 1.9 2.3 3 3.5 4.1 0 0 0.0590278 0.264545 2.94547e-06 0.441647 1.18259e-07 0.102855 0.123746 0.04693 9.03039e-09 0.0580571 0 0 0.115792 0.216515 6.12415e-07 0.426987 0.00221782 0.188869 0.126634 0.107949 0.0347478 0.0547126 0 0
601.456 2.82374 330.01 240.904 1.08922 1.31004 -0.1999 0.6 0.5 1.2 1.5 2.1 2.5 3.2 4 4.6 0 0 0.0524633 0.33763 0.0164078 0.170996 0.283266 0.0180603 0.145258 0.00657535 0.0585635 4.61162e-11 0 0 0.0934583 0.23202 0.0561167 0.273127 0.19064 0.170688 0.102979 0.109484 0.0626731 0.018856 0 0
602.49 2.82859 330.412 241.306 1.09715 1.27158 0.3 0.4 1 1.1 1.2 2 2.4 2.9 3.5 4.1 0 0 0.0472177 0.195192 0.235658 0.0546234 0.208526 0.212897 0.0174449 0.0672687 4.91675e-10 0.0583196 0 0 0.00237627 0.303685 0.0459128 0.0196797 0.393501 0.266248 0.0215687 0.122693 0.0432884 0.0526304 0 0
601.458 2.82375 330.011 240.904 1.08914 1.30654 0.2 0.5 1.1 1.4 1.3 2.1 2.6 3.2 4 4.6 0 0 0.0173778 0.327903 0.180204 0.272184 0.0216631 0.107403 0.0978183 0.00669332 0.057897 2.49582e-08 0 0 0.06699 0.27284 0.220233 0.265898 4.30365e-05 0.215772 0.0796494 0.10449 0.0627589 0.0178619 0 0
609.064 2.85945 332.951 243.845 1.09744 1.21989 -0.1999 0.6 0.4 1.2 1.5 2.1 2.8 3 3.1 4.1 0 0 0.0350307 0.293873 0.0880194 0.0249854 0.475034 0.00224123 0.113815 0.0151473 4.00081e-06 0.0492902 0 0 0.042253 0.117932 0.180447 0.394025 0.06091 0.252026 0.0222713 0.000145097 0.103912 0.0459698 0 0
602.279 2.8276 330.33 241.224 1.09475 1.29641 -0.2999 0.7 0.4 1.2 1.1 1.9 2.5 3.2 3.5 4.2 0 0 0.103127 0.187827 0.0712194 0.364753 0.01894 0.161733 0.106064 0.0179028 0.017467 0.0457166 0 0 0.00241202 0.0343383 0.294852 0.407175 0.0188837 0.223532 0.144274 0.0751209 0.0398105 0.0560169 0 0
601.082 2.82198 329.865 240.758 1.08796 1.31669 0.3 0.5 1 1.3 1.8 2.4 2.6 3.3 4 4.7 0 0 0.0141432 0.346284 0.0193115 0.420842 0.0560771 0.151915 0.00875186 0.0164783 0.0541557 3.991e-08 0 0 0.170528 0.092337 0.345832 0.0800709 0.298504 0.00329477 0.158964 0.0821282 0.0652936 0.0197363 0 0
602.283 2.82762 330.332 241.225 1.09557 1.27886 -0.0999 0.5 0.7 1.2 1.3 2 2.3 3.1 3.2 4.1 0 0 0.0130379 0.339024 0.00162327 0.109256 0.346479 0.0320714 0.160073 0.0379437 6.61334e-06 0.0560595 0 0 0.0423367 0.319318 4.22935e-05 0.106871 0.343947 0.12198 0.160674 0.0443045 0.0781092 0.0612741 0 0
602.577 2.829 330.446 241.339 1.09777 1.27034 0.3 0.5 0.7 1.1 2.2 1.7 2 2.9 3.5 4.1 0 0 0.11763 0.134264 0.0319985 0.426221 0.0988506 0.0964339 0.068514 0.0644026 0.000171425 0.0592795 0 0 0.140976 0.161157 0.000192314 0.381387 0.161777 0.212477 5.03551e-05 0.115169 0.0465562 0.0505967 0 0
602.348 2.82793 330.357 241.251 1.09636 1.27599 0.2 0.6 0.6 1.2 1.3 2 2.3 3 3.4 4.1 0 0 0.0727415 0.165677 0.136483 0.15212 0.261997 0.0886271 0.113489 0.0477578 8.905e-08 0.0574641 0 0 0.0995109 0.178766 0.117477 0.000483109 0.411063 0.150095 0.123579 0.0949823 0.0425286 0.057501 0 0
601.901 2.82582 330.183 241.076 1.08976 1.30075 0.3 0.6 0.7 1.2 1.5 2.1 2.5 3.3 4 4.4 0 0 0.103715 0.119664 0.214787 0.105129 0.327252 0.000626934 0.155242 0.00428331 0.0590568 5.7557e-08 0 0 0.17542 0.00295395 0.237205 0.195986 0.249637 0.131854 0.136442 0.104171 0.0376645 0.0294178 0 0
602.334 2.82786 330.351 241.245 1.09616 1.27751 0.2 0.7 0.8 1.2 1.4 2 2.4 2.9 3.2 4.1 0 0 0.0994117 0.324126 0.000146602 0.193172 0.166327 0.137166 0.0603927 0.0569283 0.000620344 0.0578701 0 0 0.122125 0.332546 0.00794212 0.00243239 0.3728 0.116869 0.15197 1.92926e-06 0.10988 0.0609406 0 0
602.292 2.82766 330.335 241.229 1.09615 1.27584 0.2 0.5 0.9 1.2 1.7 2.2 2.8 3.2 3.3 4.1 0 0 0.124436 0.0187897 0.467391 0.0346349 0.224928 0.0903177 0.0707834 0.00759868 1.40379e-11 0.0572724 0 0 0.0676754 0.272088 0.0107023 0.383899 0.138113 0.19535 0.059706 0.049298 0.0394569 0.059553 0 0
601.422 2.82358 329.997 240.89 1.08929 1.32994 0.3 0.5 0.8 1.3 1.7 2.3 2.5 3.3 4.1 4.8 0 0 0.146591 0.0207469 0.309067 0.24458 0.145072 0.0673525 0.079826 0.0282172 0.0478416 6.17617e-13 0 0 0.191721 1.07662e-06 0.290312 0.219833 0.232782 0.0648926 0.140303 0.108635 0.0656828 0.0157769 0 0
602.257 2.8275 330.321 241.215 1.09258 1.3028 -0.0999 0.6 0.7 1.3 1.7 2 2.5 3.1 3.8 4.4 0 0 0.0607672 0.183872 0.187618 0.303131 0.138585 0.00468546 0.146607 1.49132e-10 0.0483247 0.0189901 0 0 0.0819298 0.263321 0.0720698 0.361689 0.0446608 0.174681 0.113515 0.0957548 0.0620912 0.0330892 0 0
602.277 2.82759 330.329 241.223 1.09573 1.27843 0.3 0.4 0.5 1.1 1.4 2.1 2.3 3 3.2 4.1 0 0 0.053652 0.0497499 0.199969 0.312537 0.180763 0.116078 0.0760125 0.0504218 8.42527e-08 0.0565489 0 0 0.0673176 0.105299 0.156783 0.229588 0.273225 0.135224 0.124416 0.0301126 0.0954279 0.0610323 0 0
606.653 2.84814 332.023 242.917 1.09525 1.25987 0.3 0.5 1.1 1.2 1.6 2.2 2.7 3.2 3.3 4.2 0 0 0.0699273 0.279293 0.0085054 0.257517 0.29647 0.0103581 0.0878719 0.0379094 0.00544128 0.0419606 0 0 0.104212 0.237562 0.00241563 0.375688 0.13391 0.208688 0.0499808 0.0314031 0.0694253 0.0465841 0 0
606.986 2.8497 332.151 243.045 1.09637 1.25718 0.3 0.4 0.8 1.1 1.5 2.1 2.2 3 3.5 4.2 0 0 0.0250362 0.237034 0.121172 0.130412 0.36633 0.0138856 0.0600135 0.0982931 6.22971e-07 0.0441884 0 0 3.73646e-07 0.302129 0.0137323 0.307878 0.224341 2.90025e-05 0.225084 0.0982886 0.0442853 0.0414155 0 0
601.638 2.82459 330.081 240.974 1.08939 1.30557 -0.2999 0.7 1.2 1.4 1.7 2.3 2.6 3.3 4 4.5 0 0 0.125393 0.312722 0.11288 0.201294 0.12297 0.048859 0.104162 0.00227666 0.0588332 4.65921e-08 0 0 0.179925 0.219978 0.292291 0.00032532 0.232128 0.121699 0.0900234 0.096409 0.0492454 0.0235433 0 0
602.931 2.83066 330.583 241.477 1.09662 1.25308 0.3 0.6 0.8 1.2 1.4 2 2.4 3 3.1 4 0 0 0.0840514 0.318057 6.07096e-06 0.0847285 0.356454 0.0102079 0.161685 0.0157277 4.80202e-07 0.0656978 0 0 0.161575 0.191092 0.00533642 0.344528 0.0800057 0.219589 0.0709107 0.0520141 0.0678437 0.0601828 0 0
601.108 2.8221 329.875 240.768 1.08939 1.31113 -0.1999 0.5 0.9 1.3 1.7 2.5 2.6 3.4 4 4.6 0 0 0.0570071 0.20224 0.25104 0.173792 0.209825 0.0418993 0.093559 0.00093201 0.0590975 1.48549e-09 0 0 0.128548 0.0732332 0.401004 0.0049474 0.366483 0.000501081 0.18426 0.0778528 0.0528817 0.0214155 0 0
601.881 2.82573 330.175 241.069 1.08985 1.3032 0.3 0.4 1.1 0.8 1.5 1.8 2.5 3.2 3.9 4.5 0 0 0.000289458 0.2238 0.117569 0.208835 0.298855 0.0246652 0.15232 9.55672e-09 0.0572992 0.00621414 0 0 0.0616598 0.214864 0.375883 0.0337059 0.0208612 0.262781 0.156174 0.0914532 0.059443 0.0263703 0 0
601.05 2.82183 329.852 240.745 1.08857 1.32907 0.4 0.7 1.1 1.2 1.9 2.4 2.8 3.2 4 4.8 0 0 0.228808 0.121287 0.000584059 0.396741 0.161105 0.0663089 0.0547518 0.00158111 0.0574077 8.35942e-13 0 0 0.307204 1.40802e-07 0.161465 0.281253 0.236605 0.101941 0.0524873 0.0924417 0.0756034 0.0200651 0 0
604.924 2.84002 331.355 242.249 1.09648 1.21613 0.2 0.5 0.8 1.1 1.4 2 2.4 2.9 2.5 3.9 0 0 0.0317378 0.293121 0.0143029 0.214099 0.258893 0.0836944 0.00552596 2.15578e-07 0.124395 0.0707145 0 0 0.110976 0.117449 0.198461 0.137681 0.214651 0.240582 0.00208202 0.131352 0.00604463 0.0568461 0 0
602.405 2.82819 330.379 241.273 1.09679 1.27412 0.3 0.8 0.7 1.2 1.1 1.8 2.4 3 3.4 4.1 0 0 0.166488 0.222253 0.00787435 0.122861 0.181987 0.193299 0.0999779 0.044079 7.30072e-09 0.0579691 0 0 0.183406 7.15122e-06 0.204888 0.330818 0.000340431 0.232253 0.141862 0.0750722 0.0499371 0.0555402 0 0
601.416 2.82355 329.994 240.888 1.08931 1.30829 0.3 0.7 0.5 1.2 1.5 2.1 2.5 3.2 4 4.6 0 0 0.112007 0.303541 0.02807 0.106806 0.31419 0.0131389 0.146277 0.00672709 0.0585527 1.88348e-11 0 0 0.175213 0.222926 0.00894991 0.226873 0.21556 0.16349 0.106023 0.108291 0.062633 0.0183266 0 0
603.318 2.83248 330.733 241.627 1.08559 1.34687 0.4 0.6 1 1.2 1.6 2.3 3 3.4 4.2 4.9 0 0 0.28713 0.000504115 0.168454 0.155662 0.287963 0.0560266 0.0904572 0.00505987 0.0343352 2.21489e-14 0 0 0.301904 1.9974e-09 0.161652 0.206171 0.222052 0.219461 0.0669625 0.0835092 0.0649833 0.0201722 0 0
