Tritium Data
Energy (GeV)  Theta (Degrees)  Sigma Experimental  Uncertainties
0.1892	35	0.001194	0.00007761
0.1892	40	0.000603	0.000038592
0.1892	45	0.0003262	2.08768E-005
0.1892	50	0.0001958	0.000012727
0.1892	55	0.0001169	7.5985E-006
0.1892	65	0.000049	0.000003136
0.1892	80	0.00001585	1.03025E-006
0.1892	85	0.00001013	6.4832E-007
0.1892	90	0.00000787	5.1155E-007
0.1892	95	0.000005325	3.408E-007
0.1892	155	4.462E-007	0.000000029
0.2292	35	0.0007327	4.68928E-005
0.2292	40	0.0003604	2.30656E-005
0.2292	45	0.0001968	0.000012792
0.2292	50	0.0001018	0.000006617
0.2292	55	0.00005927	3.85255E-006
0.2292	60	0.00003625	2.35625E-006
0.2292	65	0.00002207	1.41248E-006
0.2292	82	0.000005146	3.29344E-007
0.2292	85	0.000004104	2.6676E-007
0.2292	90	0.000002842	1.81888E-007
0.2292	95	0.000001982	1.26848E-007
0.2292	100	0.000001428	9.1392E-008
0.2292	155	1.548E-007	1.0062E-008
0.2692	35	0.0004179	2.71635E-005
0.2692	40	0.0002032	1.30048E-005
0.2692	45	0.0001025	0.00000656
0.2692	50	0.0000551	3.5815E-006
0.2692	55	0.00003068	1.96352E-006
0.2692	60	0.00001762	1.12768E-006
0.2692	65	0.00001027	6.5728E-007
0.2692	66	0.000009083	5.90395E-007
0.2692	68	0.000007417	4.74688E-007
0.2692	80	0.000002389	1.52896E-007
0.2692	82	0.000002068	1.3442E-007
0.2692	90	0.000001079	7.0135E-008
0.2692	100	5.034E-007	3.22176E-008
0.2692	102	4.394E-007	2.8561E-008
0.2692	155	4.39E-008	2.8535E-009
0.3088	35	0.000279	0.000012555
0.3088	40	0.0001269	5.8374E-006
0.3088	45	0.00006233	2.86718E-006
0.3088	50	0.00003218	1.48028E-006
0.3088	55	0.00001674	7.533E-007
0.3088	60	0.000008999	0.000000414
0.3088	65	0.000005045	2.3207E-007
0.3088	82	8.308E-007	5.31712E-008
0.3088	90	4.019E-007	2.57216E-008
0.3088	100	1.798E-007	1.1687E-008
0.3088	155	1.335E-008	8.544E-010
0.3486	35	0.000173	0.000007958
0.3486	40	0.00007782	3.65754E-006
0.3486	45	0.00003497	1.60862E-006
0.3486	50	0.000017	0.000000782
0.3486	55	0.000008518	3.91828E-007
0.3486	60	0.000004432	2.12736E-007
0.3486	65	0.000002362	1.08652E-007
0.3486	82	3.428E-007	1.61116E-008
0.3486	90	1.585E-007	7.608E-009
0.3486	100	6.536E-008	3.13728E-009
0.3486	155	3.679E-009	1.8395E-010
0.3886	35	0.0001123	5.2781E-006
0.3886	40	0.00004662	2.19114E-006
0.3886	50	0.000009251	4.25546E-007
0.3886	55	0.000004314	2.07072E-007
0.3886	60	0.000002149	9.8854E-008
0.3886	65	0.000001074	5.1552E-008
0.3886	82	1.351E-007	6.3497E-009
0.3886	90	5.731E-008	3.15205E-009
0.3886	100	2.208E-008	1.23648E-009
0.3886	155	0.000000001	6.34465E-011
0.4286	35	0.000073	0.000003358
0.4286	40	0.00002837	0.000001305
0.4286	45	0.00001175	5.5225E-007
0.4286	50	0.000005071	2.38337E-007
0.4286	55	0.000002137	1.02576E-007
0.4286	60	0.000001012	4.554E-008
0.4286	65	0.000000482	2.3136E-008
0.4286	82	4.765E-008	2.6684E-009
0.4286	90	2.006E-008	1.36408E-009
0.4286	99	7.798E-009	6.08244E-010
0.4286	155	2.224E-010	2.02384E-011
0.4687	40	0.00001712	8.2176E-007
0.4687	45	0.000006717	3.15699E-007
0.4687	50	0.000002693	1.29264E-007
0.4687	55	0.00000112	5.264E-008
0.4687	60	4.832E-007	2.27104E-008
0.4687	65	2.267E-007	1.11083E-008
0.4687	82	1.665E-008	1.1988E-009
0.4687	90	6.526E-009	4.30716E-010
0.4687	100	2.2E-009	1.716E-010
0.4687	155	3.602E-011	4.75464E-012
0.5084	30	0.0000867	3.9015E-006
0.5084	40	0.0000103	4.635E-007
0.5084	45	0.000003752	1.72592E-007
0.5084	50	0.00000144	6.48E-008
0.5084	54	6.789E-007	3.12294E-008
0.5084	55	0.000000563	2.5898E-008
0.5084	60	2.328E-007	1.07088E-008
0.5084	155	6.751E-012	1.768762E-012
0.5084	40	0.00001031	4.7426E-007
0.5084	45	0.00000382	1.7572E-007
0.5084	50	0.00000142	6.532E-008
0.5084	55	5.536E-007	2.65728E-008
0.5084	60	2.202E-007	1.18908E-008
0.5084	65	9.513E-008	5.23215E-009
0.5084	82	6.949E-009	4.51685E-010
0.5084	90	2.114E-009	1.50094E-010
0.5084	100	6.417E-010	5.58279E-011
0.5084	155	7.831E-012	1.910764E-012
0.5289	45	0.000002772	1.30284E-007
0.5289	50	0.000001036	4.662E-008
0.5289	155	3.366E-012	1.221858E-012
0.5386	30	0.00006671	3.06866E-006
0.5386	35	0.00002116	1.01568E-006
0.5386	40	0.00000706	3.3888E-007
0.5386	45	0.000002394	1.10124E-007
0.5386	50	8.709E-007	4.00614E-008
0.5386	55	3.247E-007	1.52609E-008
0.5386	60	1.283E-007	0.000000006
0.5386	65	5.258E-008	2.57642E-009
0.5386	82	3.35E-009	2.1775E-010
0.5386	90	9.029E-010	1.119596E-010
0.5386	100	2.678E-010	3.37428E-011
0.5386	155	1.702E-012	1.121618E-012
0.569	45	0.000001626	0.000000078
0.569	50	5.494E-007	2.4723E-008
0.569	155	1.782E-013	1.52361E-013
0.619	45	7.404E-007	3.3318E-008
0.619	50	2.347E-007	1.07962E-008
0.619	68	4.93E-009	4.2891E-010
0.619	80	5.104E-010	3.36864E-011
0.619	85	2.384E-010	1.93104E-011
0.619	153.6	8.749E-013	4.63697E-013
0.619	155	7.335E-013	2.530575E-013
0.6589	40	0.000001512	7.2576E-008
0.6589	45	4.109E-007	1.84905E-008
0.6589	83	1.296E-010	9.2016E-012
0.6589	92.5	3.749E-011	4.72374E-012
0.6589	100	1.414E-011	3.06838E-012
0.6589	155	1.351E-012	5.20135E-013
0.6837	35	0.000004244	2.03712E-007
0.6837	40	0.000001054	4.8484E-008
0.6837	45	2.814E-007	1.2663E-008
0.6837	50	7.933E-008	3.80784E-009
0.6837	55	2.275E-008	1.25125E-009
0.6837	60	6.653E-009	3.39303E-010
0.6837	66	1.703E-009	1.05586E-010
0.6837	155	1.185E-012	6.4938E-013
0.6837	104	5.6E-012	2.968E-012

0.2919	40	1.680E-4	3.024E-6
0.2919	40	1.690E-4	3.211E-6
0.2008	60	6.770E-5	1.422E-6
0.1323	100	1.870E-5	3.366E-7
0.1174	120	1.060E-5	2.862E-7
0.1103	135	7.380E-6	2.509E-7
0.3585	40	7.420E-5	1.336E-6
0.3585	40	7.340E-5	1.615E-6
0.2469	60	3.060E-5	6.426E-7
0.1448	120	5.130E-6	1.077E-7
0.1361	135	3.430E-6	7.546E-8
0.4149	40	3.420E-5	5.130E-7
0.4149	40	3.500E-5	7.700E-7
0.2861	60	1.470E-5	3.675E-7
0.2861	60	1.430E-5	3.146E-7
0.2241	80	7.410E-6	1.853E-7
0.1682	120	2.690E-6	6.994E-8
0.1581	135	1.880E-6	4.888E-8
0.4649	40	1.940E-5	3.686E-7
0.4649	40	1.890E-5	3.969E-7
0.3779	50	1.150E-5	2.530E-7
0.3208	60	7.640E-6	1.452E-7
0.3208	60	8.050E-6	1.691E-7
0.2515	80	4.130E-6	1.280E-7
0.189	120	1.590E-6	3.498E-8
0.1777	135	1.170E-6	2.925E-8
0.5101	40	1.190E-5	2.023E-7
0.5101	40	1.130E-5	1.921E-7
0.3523	60	4.650E-6	9.300E-8
0.3523	60	4.590E-6	1.056E-7
0.2765	80	2.450E-6	7.595E-8
0.2337	100	1.400E-6	3.220E-8
0.208	120	9.440E-7	2.454E-8
0.1957	135	7.080E-7	1.487E-8
0.5519	40	6.650E-6	1.197E-7
0.5519	40	6.660E-6	1.265E-7
0.3815	60	2.730E-6	5.460E-8
0.3815	60	2.780E-6	4.170E-8
0.2995	80	1.440E-6	3.744E-8
0.2534	100	8.600E-7	2.150E-8
0.2256	120	5.770E-7	1.443E-8
0.2123	135	4.460E-7	1.293E-8
0.5909	40	4.110E-6	1.069E-7
0.5909	40	4.030E-6	5.642E-8
0.4088	60	1.670E-6	3.507E-8
0.4088	60	1.700E-6	3.230E-8
0.3212	80	9.240E-7	2.495E-8
0.2718	100	5.430E-7	1.195E-8
0.2421	120	3.800E-7	1.140E-8
0.2279	135	2.960E-7	7.400E-9
0.6277	40	2.370E-6	5.925E-8
0.6277	40	2.380E-6	4.046E-8
0.5111	50	1.480E-6	2.812E-8
0.4345	60	1.020E-6	2.244E-8
0.4345	60	1.030E-6	1.854E-8
0.3416	80	5.390E-7	2.156E-8
0.2893	100	3.340E-7	1.202E-8
0.2427	135	1.980E-7	4.950E-9
0.6626	40	1.590E-6	3.021E-8
0.6626	40	1.550E-6	5.115E-8
0.5396	50	9.440E-7	1.605E-8
0.4589	60	6.490E-7	1.493E-8
0.4589	60	6.330E-7	1.583E-8
0.361	80	3.490E-7	9.772E-9
0.3058	100	2.030E-7	6.699E-9
0.2727	120	1.650E-7	6.930E-9
0.593	50	3.860E-7	6.948E-9
0.337	100	9.980E-8	2.994E-9
0.2832	135	5.670E-8	1.985E-9
0.6886	50	7.270E-8	2.617E-9
0.4627	80	3.030E-8	1.273E-9
0.3511	120	1.640E-8	1.132E-9

0.02985	93.1	9.30E-04	5.50E-05
0.04185	93.1	5.53E-04	3.00E-05
0.02985	162.5	2.79E-05	2.10E-06
0.1	60	5.72E-04	2.10E-05
0.15	60	2.00E-04	2.90E-06
0.077	160	8.04E-06	9.30E-07
0.205	60	7.91E-05	2.40E-06
0.247	60	3.46E-05	1.90E-06
0.127	160	2.37E-06	2.00E-07
0.3	60	1.31E-05	4.30E-07
0.35	60	5.34E-06	1.80E-07
0.183	160	5.55E-07	4.30E-08
